0.435	0.9289	0.028	1
0.4375	0.9258	0.025	1
0.44	0.9174	0.0223	1
0.4425	0.9139	0.0203	1
0.445	0.9499	0.019	1
0.4475	0.9286	0.0169	1
0.45	0.952	0.0158	1
0.4525	0.9503	0.0145	1
0.455	0.9517	0.0135	1
0.4575	0.9525	0.0127	1
0.46	0.965	0.012	1
0.4625	0.9555	0.0111	1
0.465	0.9663	0.0105	1
0.4675	0.9666	0.01	1
0.47	0.9462	0.0093	1
0.4725	0.9472	0.0088	1
0.475	0.9585	0.0084	1
0.4775	0.9591	0.008	1
0.48	0.9707	0.0077	1
0.4825	0.9754	0.0074	1
0.485	0.9786	0.0071	1
0.4875	0.9774	0.0068	1
0.49	0.9749	0.0067	1
0.4925	0.9771	0.0066	1
0.495	0.9892	0.0063	1
0.4975	0.9817	0.0059	1
0.5	0.976	0.0057	1
0.5025	0.9798	0.0055	1
0.505	0.9738	0.0053	1
0.5075	0.9736	0.0052	1
0.51	0.9747	0.005	1
0.5125	0.9744	0.0048	1
0.515	0.9735	0.0047	1
0.5175	0.9812	0.0046	1
0.52	0.9752	0.0044	1
0.5225	0.968	0.0044	1
0.525	0.9641	0.0043	1
0.5275	0.9865	0.0043	1
0.53	0.9811	0.0041	1
0.5325	0.9811	0.004	1
0.535	0.9943	0.0039	1
0.5375	0.9985	0.0038	1
0.54	0.9914	0.0037	1
0.5425	0.9991	0.0037	1
0.545	0.9954	0.0036	1
0.5475	0.989	0.0035	1
0.55	1.0008	0.0035	1
0.5525	1.0037	0.0034	1
0.555	1.0013	0.0033	1
0.5575	1.0034	0.0033	1
0.56	1.0066	0.0032	1
0.5625	1.0081	0.0032	1
0.565	1.0009	0.0031	1
0.5675	1.0019	0.0031	1
0.57	1.0097	0.0031	1
0.5725	1.0092	0.003	1
0.575	1.0114	0.003	1
0.5775	1.0068	0.0029	1
0.58	1.0176	0.0029	1
0.5825	1.0131	0.0029	1
0.585	1.0175	0.0028	1
0.5875	1.0207	0.0028	1
0.59	1.0226	0.0028	1
0.5925	1.0213	0.0027	1
0.595	1.016	0.0027	1
0.5975	1.0213	0.0027	1
0.6	1.0179	0.0027	1
0.6025	1.0232	0.0026	1
0.605	1.028	0.0026	1
0.6075	1.0258	0.0026	1
0.61	1.0276	0.0026	1
0.6125	1.0264	0.0025	1
0.615	1.0278	0.0025	1
0.6175	1.0301	0.0025	1
0.62	1.0335	0.0025	1
0.6225	1.0212	0.0025	1
0.625	1.0273	0.0024	1
0.6275	1.0263	0.0024	1
0.63	1.0274	0.0024	1
0.6325	1.0299	0.0024	1
0.635	1.0237	0.0024	1
0.6375	1.0278	0.0024	1
0.64	1.0338	0.0024	1
0.6425	1.0358	0.0024	1
0.645	1.0377	0.0024	1
0.6475	1.0353	0.0023	1
0.65	1.0366	0.0023	1
0.6525	1.0394	0.0023	1
0.655	1.0452	0.0023	1
0.6575	1.0373	0.0023	1
0.66	1.0505	0.0024	1
0.6625	1.0597	0.0024	1
0.665	1.0456	0.0023	1
0.6675	1.0391	0.0023	1
0.67	1.0443	0.0023	1
0.6725	1.0467	0.0022	1
0.675	1.0469	0.0022	1
0.6775	1.0458	0.0022	1
0.68	1.0477	0.0022	1
0.6825	1.0489	0.0022	1
0.685	1.0555	0.0023	1
0.6875	1.0425	0.0022	1
0.69	1.0326	0.0023	1
0.6925	1.0633	0.0024	1
0.695	1.059	0.0023	1
0.6975	1.0483	0.0023	1
0.7	1.0477	0.0022	1
0.7025	1.0449	0.0023	1
0.705	1.0444	0.0023	1
0.7075	1.0482	0.0023	1
0.71	1.0465	0.0023	1
0.7125	1.0482	0.0023	1
0.715	1.0513	0.0023	1
0.7175	1.0406	0.0023	1
0.72	1.0353	0.0023	1
0.7225	1.0497	0.0024	1
0.725	1.0444	0.0023	1
0.7275	1.0418	0.0024	1
0.73	1.0419	0.0024	1
0.7325	1.046	0.0024	1
0.735	1.0433	0.0024	1
0.7375	1.0425	0.0024	1
0.74	1.0382	0.0024	1
0.7425	1.0399	0.0024	1
0.745	1.0409	0.0024	1
0.7475	1.0473	0.0024	1
0.75	1.0481	0.0024	1
0.7525	1.0438	0.0024	1
0.755	1.0532	0.0024	1
0.7675	1.0587	0.0039	1
0.77	1.0498	0.0026	1
0.7725	1.0448	0.0025	1
0.775	1.0467	0.0025	1
0.7775	1.0463	0.0025	1
0.78	1.0493	0.0026	1
0.7825	1.0424	0.0026	1
0.785	1.0442	0.0026	1
0.7875	1.0507	0.0026	1
0.79	1.0406	0.0026	1
0.7925	1.0453	0.0026	1
0.795	1.0431	0.0027	1
0.7975	1.0413	0.0027	1
0.8	1.0442	0.0027	1
0.8025	1.0384	0.0027	1
0.805	1.0409	0.0027	1
0.8075	1.0389	0.0027	1
0.81	1.0365	0.0028	1
0.8125	1.0323	0.0028	1
0.815	1.0291	0.0028	1
0.8175	1.0268	0.0029	1
0.82	1.03	0.0031	3
0.825	1.0288	0.0034	4
0.83	1.035	0.0034	4
0.835	1.0357	0.0033	4
0.84	1.0359	0.0033	4
0.845	1.0396	0.0033	4
0.85	1.0338	0.0033	4
0.855	1.036	0.0032	4
0.86	1.0389	0.0032	4
0.865	1.0404	0.0033	4
0.87	1.0429	0.0032	4
0.875	1.0374	0.0031	4
0.88	1.0452	0.003	4
0.885	1.0487	0.003	4
0.89	1.0505	0.0031	4
0.895	1.0494	0.003	4
0.9	1.054	0.0031	4
0.905	1.0542	0.0031	4
0.91	1.0528	0.0031	4
0.915	1.0529	0.0031	4
0.92	1.0453	0.0033	3
0.925	1.0527	0.0031	4
0.93	1.0517	0.0022	2
0.935	1.0771	0.003	2
0.94	1.0446	0.0032	3
0.945	1.0607	0.0029	4
0.95	1.0638	0.0026	3
0.955	1.0667	0.0028	4
0.96	1.0695	0.0028	4
0.965	1.0713	0.0027	4
0.97	1.0732	0.0027	4
0.975	1.0653	0.0026	4
0.98	1.0712	0.0026	4
0.985	1.0686	0.0026	4
0.99	1.0727	0.0026	4
0.995	1.0739	0.0026	4
1	1.0734	0.0026	4
1.005	1.0747	0.0026	4
1.01	1.0777	0.0026	4
1.015	1.077	0.0026	4
1.02	1.0801	0.0027	4
1.025	1.0823	0.0027	4
1.03	1.0816	0.0025	4
1.035	1.0853	0.0026	4
1.04	1.0865	0.0025	4
1.045	1.0844	0.0025	4
1.05	1.0866	0.0025	4
1.055	1.0852	0.0017	2
1.06	1.0928	0.0025	4
1.065	1.0889	0.0025	4
1.07	1.0866	0.0026	4
1.075	1.0927	0.0025	4
1.08	1.086	0.0025	4
1.085	1.0932	0.0025	4
1.09	1.0962	0.0025	4
1.095	1.0969	0.0025	4
1.1	1.095	0.0025	4
1.105	1.0958	0.0027	4
1.11	1.1019	0.003	4
1.115	1.1156	0.0034	3
1.12	1.1204	0.0035	3
1.125	1.1015	0.0032	4
1.13	1.1026	0.0029	4
1.135	1.1005	0.003	4
1.14	1.1028	0.0031	4
1.145	1.1077	0.0029	4
1.15	1.1093	0.0027	4
1.155	1.1068	0.0026	4
1.16	1.11	0.0025	4
1.165	1.1182	0.0024	4
1.17	1.1148	0.0024	4
1.175	1.1167	0.0024	4
1.18	1.1137	0.0024	4
1.185	1.1123	0.0025	4
1.19	1.1219	0.0024	4
1.195	1.1238	0.0025	4
1.2	1.1227	0.0024	4
1.205	1.1192	0.0024	4
1.21	1.1212	0.0024	4
1.215	1.1236	0.0024	4
1.22	1.1299	0.0025	4
1.225	1.1278	0.0025	4
1.23	1.1284	0.0024	4
1.235	1.1304	0.0025	4
1.24	1.13	0.0025	4
1.245	1.1353	0.0025	4
1.25	1.1286	0.0025	4
1.255	1.1333	0.0026	4
1.26	1.1356	0.0026	4
1.265	1.1299	0.0025	4
1.27	1.1282	0.0026	4
1.275	1.133	0.003	4
1.28	1.1399	0.0025	4
1.285	1.1355	0.0027	4
1.29	1.1328	0.0027	4
1.295	1.1367	0.0026	4
1.3	1.139	0.0028	4
1.305	1.1394	0.0029	4
1.31	1.1396	0.0026	4
1.315	1.1377	0.0027	4
1.32	1.1349	0.0027	4
1.325	1.1396	0.0028	4
1.33	1.1404	0.0028	4
1.335	1.1496	0.0032	3
1.34	1.1489	0.0035	3
1.345	1.1589	0.0054	2
1.36	1.1402	0.0071	1
1.365	1.1403	0.004	3
1.37	1.1412	0.0035	2
1.375	1.1402	0.0033	3
1.385	1.1547	0.0052	2
1.39	1.1475	0.0043	2
1.395	1.1431	0.0031	2
1.4	1.1468	0.0039	3
1.405	1.1533	0.0036	3
1.41	1.1551	0.0034	3
1.415	1.166	0.0034	3
1.42	1.1528	0.003	4
1.425	1.1567	0.003	4
1.43	1.1536	0.0031	4
1.435	1.1539	0.0028	2
1.44	1.1521	0.0029	4
1.445	1.1566	0.0029	4
1.45	1.1579	0.0027	3
1.455	1.1643	0.0026	3
1.46	1.1664	0.0024	3
1.465	1.1601	0.0031	3
1.47	1.1549	0.0025	3
1.475	1.1612	0.003	3
1.48	1.1681	0.0028	4
1.485	1.1624	0.0027	4
1.49	1.1657	0.0027	4
1.495	1.1701	0.0027	4
1.5	1.1684	0.0027	4
1.505	1.1601	0.0028	4
1.51	1.1623	0.003	3
1.515	1.1684	0.0027	4
1.52	1.1671	0.0029	4
1.525	1.1722	0.0028	4
1.53	1.1708	0.0028	4
1.535	1.1705	0.0027	4
1.54	1.174	0.0028	4
1.545	1.1746	0.0028	4
1.55	1.176	0.0028	4
1.555	1.1757	0.0029	4
1.56	1.178	0.0029	4
1.565	1.1808	0.0029	4
1.57	1.1796	0.003	4
1.575	1.1718	0.0031	4
1.58	1.1738	0.003	4
1.585	1.1752	0.003	4
1.59	1.1745	0.0029	4
1.595	1.1786	0.0029	4
1.6	1.1785	0.003	4
1.605	1.1796	0.003	4
1.61	1.1733	0.003	4
1.615	1.1803	0.003	4
1.62	1.1803	0.003	4
1.625	1.1875	0.003	4
1.63	1.19	0.003	4
1.635	1.1872	0.003	4
1.64	1.1842	0.003	4
1.645	1.1879	0.0031	4
1.65	1.1803	0.003	4
1.655	1.1855	0.003	4
1.66	1.1909	0.0031	4
1.665	1.1874	0.0031	4
1.67	1.1907	0.0031	4
1.675	1.1955	0.0035	4
1.68	1.1931	0.0037	4
1.685	1.1907	0.0033	4
1.69	1.1949	0.0032	4
1.695	1.1938	0.0031	4
1.7	1.194	0.0032	4
1.705	1.1928	0.0032	4
1.71	1.1905	0.0032	4
1.715	1.1902	0.0032	4
1.72	1.2007	0.0033	4
1.725	1.1985	0.0033	4
1.73	1.1998	0.0033	4
1.735	1.1971	0.0034	4
1.74	1.2053	0.0033	4
1.745	1.2029	0.0034	4
1.75	1.2006	0.0034	4
1.755	1.2039	0.0034	4
1.76	1.2008	0.0035	4
1.765	1.1973	0.0036	4
1.77	1.209	0.0036	4
1.775	1.1976	0.0037	4
1.78	1.2026	0.0038	4
1.785	1.2033	0.004	4
1.79	1.2071	0.0044	4
1.795	1.2139	0.0042	3
1.8	1.214	0.0044	4
1.805	1.2027	0.0044	3
1.81	1.2081	0.0051	4
1.815	1.2137	0.0055	4
1.82	1.2129	0.0053	3
1.825	1.2147	0.0067	4
1.83	1.207	0.0077	2
1.84	1.2231	0.0068	2
1.845	1.2049	0.0091	2
1.85	1.2296	0.0072	4
1.855	1.2154	0.0062	2
1.86	1.2236	0.0084	2
1.875	1.2048	0.0066	1
1.88	1.207	0.0093	1
1.885	1.2385	0.0047	2
1.89	1.2286	0.0082	2
1.895	1.2287	0.0096	2
1.9	1.2227	0.0087	3
1.905	1.2108	0.0089	2
1.91	1.2161	0.0077	2
1.915	1.2242	0.0067	3
1.92	1.229	0.0061	4
1.925	1.2302	0.0055	4
1.93	1.2385	0.0059	4
1.935	1.2465	0.0057	4
1.94	1.234	0.0054	4
1.945	1.2327	0.0052	3
1.95	1.2408	0.0059	4
1.955	1.2316	0.0063	3
1.96	1.2385	0.0058	3
1.965	1.2345	0.0054	4
1.97	1.2355	0.005	4
1.975	1.2333	0.005	4
1.98	1.2497	0.0045	4
1.985	1.2508	0.0045	4
1.99	1.2451	0.0062	2
1.995	1.2482	0.0078	2
2	1.2523	0.0089	3
2.01	1.2601	0.0069	2
2.015	1.254	0.0061	3
2.02	1.245	0.0057	3
2.025	1.2586	0.0062	4
2.03	1.2617	0.0047	4
2.035	1.2692	0.0048	4
2.04	1.2676	0.005	4
2.045	1.253	0.0063	3
2.05	1.264	0.0065	4
2.055	1.2536	0.0058	2
2.06	1.267	0.0055	4
2.065	1.2638	0.0054	4
2.07	1.2733	0.0052	4
2.075	1.2798	0.0052	4
2.08	1.2849	0.0054	3
2.085	1.2811	0.005	4
2.09	1.2786	0.005	4
2.095	1.2739	0.005	4
2.1	1.2733	0.005	4
2.105	1.2785	0.0051	4
2.11	1.2783	0.0051	4
2.115	1.2802	0.0051	4
2.12	1.2793	0.0052	4
2.125	1.2828	0.0052	4
2.13	1.2846	0.0052	4
2.135	1.2847	0.0052	4
2.14	1.2924	0.0053	4
2.145	1.2947	0.0053	4
2.15	1.2922	0.0053	4
2.155	1.2926	0.0054	4
2.16	1.2905	0.0057	4
2.165	1.2869	0.0055	4
2.17	1.2941	0.0055	4
2.175	1.2993	0.0055	4
2.18	1.3028	0.0055	4
2.185	1.3017	0.0055	4
2.19	1.3028	0.0056	4
2.195	1.3018	0.0056	4
2.2	1.294	0.0057	4
2.205	1.2976	0.0057	4
2.21	1.3024	0.0058	4
2.215	1.3068	0.0057	4
2.22	1.3066	0.0059	4
2.225	1.3081	0.006	4
2.23	1.3095	0.0059	4
2.235	1.3067	0.0059	4
2.24	1.3163	0.006	4
2.245	1.3141	0.006	4
2.25	1.3118	0.0062	4
2.255	1.313	0.0065	4
2.26	1.3137	0.0063	4
2.265	1.3086	0.0063	4
2.27	1.3125	0.0063	4
2.275	1.3124	0.0063	4
2.28	1.3156	0.0064	4
2.285	1.3243	0.0064	4
2.29	1.3306	0.0066	4
2.295	1.3239	0.0066	4
2.3	1.3238	0.0066	4
2.305	1.3217	0.0069	4
2.31	1.3268	0.0067	4
2.315	1.328	0.0069	4
2.32	1.3266	0.0071	4
2.325	1.3307	0.0069	4
2.33	1.33	0.0068	4
2.335	1.3391	0.007	4
2.34	1.3303	0.0071	4
2.345	1.3322	0.0071	4
2.35	1.3344	0.0073	4
2.355	1.3307	0.0072	4
2.36	1.3333	0.0071	4
2.365	1.3332	0.0074	4
2.37	1.336	0.0084	3
2.375	1.3424	0.0075	4
2.38	1.3393	0.0074	4
2.385	1.3447	0.0075	4
2.39	1.3438	0.0076	4
2.395	1.3436	0.0074	4
2.4	1.3479	0.0075	4
2.405	1.3525	0.0076	4
2.41	1.3498	0.0077	4
2.415	1.3455	0.0078	4
2.42	1.3456	0.0078	4
2.425	1.3448	0.0078	4
2.43	1.3457	0.0081	4
2.435	1.3432	0.0081	4
2.445	1.3527	0.0086	4
2.45	1.3524	0.0086	4
2.455	1.3678	0.0084	2
2.465	1.3578	0.0075	3
2.47	1.3438	0.0085	4
2.475	1.3549	0.0079	3
2.48	1.3459	0.0067	1
2.485	1.3552	0.007	1
2.49	1.3405	0.007	1
