0.435	0.9446	0.0206	1
0.4375	0.9622	0.0188	1
0.44	0.9358	0.0152	1
0.4425	0.9422	0.014	1
0.445	0.9534	0.0126	1
0.4475	0.9386	0.0114	1
0.45	0.9385	0.0104	1
0.4525	0.9506	0.0095	1
0.455	0.9507	0.009	1
0.4575	0.9557	0.0085	1
0.46	0.9533	0.0087	1
0.4625	0.9503	0.0073	1
0.465	0.948	0.0069	1
0.4675	0.9516	0.0065	1
0.47	0.968	0.0064	1
0.4725	0.9713	0.0061	1
0.475	0.9715	0.0058	1
0.4775	0.9669	0.0054	1
0.48	0.9663	0.0052	1
0.4825	0.9643	0.0049	1
0.485	0.961	0.0047	1
0.4875	0.9601	0.0045	1
0.49	0.9673	0.0044	1
0.4925	0.9721	0.0045	1
0.495	0.9797	0.0042	1
0.4975	0.9766	0.004	1
0.5	0.9734	0.0038	1
0.5025	0.9773	0.0037	1
0.505	0.9823	0.0036	1
0.5075	0.9829	0.0036	1
0.51	0.981	0.0034	1
0.5125	0.9776	0.0033	1
0.515	0.9851	0.0032	1
0.5175	0.9821	0.0031	1
0.52	0.9843	0.003	1
0.5225	0.9928	0.003	1
0.525	0.9988	0.0031	1
0.5275	1.0017	0.0029	1
0.53	0.9994	0.0028	1
0.5325	0.9977	0.0027	1
0.535	1.0033	0.0027	1
0.5375	0.9966	0.0025	1
0.54	0.9977	0.0025	1
0.5425	0.997	0.0024	1
0.545	0.9986	0.0024	1
0.5475	1.0055	0.0024	1
0.55	1.0008	0.0023	1
0.5525	0.9986	0.0022	1
0.555	1.002	0.0022	1
0.5575	1.0016	0.0022	1
0.56	1.0034	0.0021	1
0.5625	1.0035	0.0021	1
0.565	1.0095	0.0021	1
0.5675	1.0119	0.0021	1
0.57	1.0077	0.002	1
0.5725	1.0102	0.002	1
0.575	1.0116	0.0019	1
0.5775	1.013	0.0019	1
0.58	1.0102	0.0019	1
0.5825	1.0071	0.0018	1
0.585	1.008	0.0018	1
0.5875	1.0108	0.0018	1
0.59	1.007	0.0018	1
0.5925	1.0111	0.0017	1
0.595	1.0115	0.0017	1
0.5975	1.0165	0.0018	1
0.6	1.0124	0.0017	1
0.6025	1.0113	0.0017	1
0.605	1.0144	0.0017	1
0.6075	1.0146	0.0017	1
0.61	1.016	0.0016	1
0.6125	1.0135	0.0016	1
0.615	1.0164	0.0016	1
0.6175	1.0193	0.0016	1
0.62	1.0207	0.0016	1
0.6225	1.0241	0.0016	1
0.625	1.0241	0.0016	1
0.6275	1.0218	0.0016	1
0.63	1.0227	0.0015	1
0.6325	1.0248	0.0016	1
0.635	1.026	0.0015	1
0.6375	1.0261	0.0015	1
0.64	1.0279	0.0015	1
0.6425	1.0295	0.0015	1
0.645	1.0295	0.0015	1
0.6475	1.0307	0.0015	1
0.65	1.0293	0.0015	1
0.6525	1.0314	0.0015	1
0.655	1.031	0.0015	1
0.6575	1.0322	0.0015	1
0.66	1.0304	0.0015	1
0.6625	1.0335	0.0015	1
0.665	1.0318	0.0015	1
0.6675	1.0323	0.0014	1
0.67	1.0352	0.0014	1
0.6725	1.0337	0.0014	1
0.675	1.0364	0.0014	1
0.6775	1.0408	0.0014	1
0.68	1.0396	0.0014	1
0.6825	1.0397	0.0014	1
0.685	1.0398	0.0014	1
0.6875	1.0412	0.0014	1
0.69	1.0446	0.0014	1
0.6925	1.0534	0.0015	1
0.695	1.0451	0.0015	1
0.6975	1.0461	0.0015	1
0.7	1.0478	0.0015	1
0.7025	1.0468	0.0015	1
0.705	1.0508	0.0015	1
0.7075	1.0519	0.0015	1
0.71	1.051	0.0015	1
0.7125	1.0504	0.0015	1
0.715	1.0537	0.0015	1
0.7175	1.0548	0.0015	1
0.72	1.0599	0.0015	1
0.7225	1.0711	0.0016	1
0.725	1.0557	0.0016	1
0.7275	1.0579	0.0016	1
0.73	1.0631	0.0016	1
0.7325	1.0611	0.0016	1
0.735	1.0585	0.0016	1
0.7375	1.0584	0.0016	1
0.74	1.0627	0.0016	1
0.7425	1.0644	0.0016	1
0.745	1.0659	0.0016	1
0.7475	1.0662	0.0016	1
0.75	1.0667	0.0016	1
0.7525	1.0647	0.0016	1
0.755	1.0669	0.0016	1
0.7575	1.0696	0.0018	1
0.76	1.0721	0.0026	1
0.7725	1.0636	0.0026	1
0.775	1.0727	0.0017	1
0.7775	1.0681	0.0017	1
0.78	1.0701	0.0017	1
0.7825	1.068	0.0017	1
0.785	1.0712	0.0017	1
0.7875	1.0717	0.0017	1
0.79	1.0747	0.0017	1
0.7925	1.0699	0.0017	1
0.795	1.0743	0.0018	1
0.7975	1.0721	0.0018	1
0.8	1.0732	0.0018	1
0.8025	1.0737	0.0018	1
0.805	1.0747	0.0018	1
0.8075	1.0742	0.0018	1
0.81	1.0754	0.0019	1
0.8125	1.0778	0.0019	1
0.815	1.0808	0.002	1
0.8175	1.0796	0.0021	1
0.82	1.0831	0.0033	2
0.825	1.0803	0.0032	2
0.83	1.079	0.0031	2
0.835	1.0817	0.003	2
0.84	1.0828	0.003	2
0.845	1.0841	0.003	2
0.85	1.0786	0.003	2
0.855	1.0764	0.0033	2
0.86	1.0669	0.0031	2
0.865	1.0648	0.0031	2
0.87	1.0672	0.0031	2
0.875	1.0691	0.003	2
0.88	1.0694	0.0029	2
0.885	1.0642	0.0027	2
0.89	1.0666	0.0027	2
0.895	1.0697	0.0027	2
0.9	1.0726	0.0027	2
0.905	1.0921	0.0031	1
0.91	1.0882	0.0026	2
0.915	1.0908	0.0026	2
0.92	1.0959	0.0031	1
0.925	1.0922	0.0027	2
0.93	1.0852	0.0027	2
0.935	1.0723	0.002	1
0.94	1.0774	0.0026	2
0.945	1.0803	0.0026	2
0.95	1.0876	0.0027	2
0.955	1.1018	0.0024	2
0.96	1.111	0.0024	2
0.965	1.1144	0.003	1
0.975	1.1105	0.0024	2
0.98	1.0983	0.0024	2
0.985	1.1007	0.0025	2
0.99	1.1102	0.0023	2
0.995	1.1133	0.0024	2
1	1.1153	0.0023	2
1.005	1.1175	0.0022	2
1.01	1.1275	0.0022	2
1.015	1.1232	0.0022	2
1.02	1.1197	0.0022	2
1.025	1.1276	0.0022	2
1.03	1.1291	0.0022	2
1.035	1.1228	0.0022	2
1.04	1.1312	0.0022	2
1.045	1.1386	0.0022	2
1.05	1.1399	0.0023	2
1.055	1.146	0.0023	2
1.06	1.1463	0.0022	2
1.065	1.1449	0.0021	2
1.07	1.1441	0.0021	2
1.075	1.1473	0.0021	2
1.08	1.1541	0.0022	2
1.085	1.1599	0.0021	2
1.09	1.1609	0.0022	2
1.095	1.1691	0.0021	2
1.1	1.1585	0.0021	2
1.105	1.1558	0.0021	2
1.11	1.1579	0.0022	2
1.115	1.1629	0.0022	2
1.12	1.1636	0.0022	2
1.125	1.1694	0.0023	2
1.13	1.1695	0.0022	2
1.135	1.1747	0.0022	2
1.14	1.1738	0.0023	2
1.145	1.1793	0.0022	2
1.15	1.1776	0.0021	2
1.155	1.1795	0.0022	2
1.16	1.1781	0.0022	2
1.165	1.1825	0.002	2
1.17	1.1855	0.002	2
1.175	1.1911	0.002	2
1.18	1.191	0.002	2
1.185	1.1907	0.0019	2
1.19	1.1938	0.0019	2
1.195	1.1957	0.0019	2
1.2	1.1936	0.0019	2
1.205	1.1962	0.002	2
1.21	1.1949	0.002	2
1.215	1.1932	0.002	2
1.22	1.1963	0.002	2
1.225	1.1968	0.0019	2
1.23	1.205	0.002	2
1.235	1.207	0.002	2
1.24	1.2132	0.002	2
1.245	1.2179	0.0021	2
1.25	1.2132	0.002	2
1.255	1.2133	0.002	2
1.26	1.2036	0.002	2
1.265	1.1998	0.002	2
1.27	1.2004	0.0022	2
1.275	1.2086	0.0021	2
1.28	1.2088	0.002	2
1.285	1.214	0.0019	2
1.29	1.2201	0.002	2
1.295	1.2195	0.002	2
1.3	1.2237	0.002	2
1.305	1.2262	0.002	2
1.31	1.2262	0.002	2
1.315	1.2279	0.002	2
1.32	1.2323	0.0021	2
1.325	1.2347	0.002	2
1.33	1.245	0.0021	2
1.335	1.2459	0.0022	2
1.34	1.24	0.0023	2
1.345	1.2368	0.0024	2
1.35	1.2396	0.0029	2
1.355	1.2256	0.0035	1
1.365	1.2366	0.0029	1
1.37	1.2429	0.0036	2
1.375	1.2555	0.0025	1
1.38	1.2517	0.0032	2
1.385	1.2462	0.0032	2
1.39	1.2522	0.0032	2
1.395	1.2523	0.0031	2
1.4	1.2473	0.003	2
1.405	1.2496	0.0031	2
1.41	1.2535	0.0021	1
1.415	1.2614	0.0026	2
1.42	1.2609	0.0026	2
1.425	1.2627	0.0025	2
1.43	1.2665	0.0025	2
1.435	1.2695	0.0026	2
1.44	1.2711	0.0025	2
1.455	1.2769	0.0018	1
1.46	1.2785	0.0018	1
1.465	1.2672	0.0024	2
1.47	1.2694	0.0023	2
1.475	1.2697	0.0025	2
1.48	1.2731	0.0024	2
1.485	1.2798	0.0024	2
1.49	1.2837	0.0024	2
1.495	1.2806	0.0023	2
1.5	1.2743	0.0024	2
1.505	1.2761	0.0023	2
1.51	1.277	0.0023	2
1.515	1.2799	0.0023	2
1.52	1.2773	0.0023	2
1.525	1.2771	0.0024	2
1.53	1.2892	0.0024	2
1.535	1.2851	0.0024	2
1.54	1.2847	0.0023	2
1.545	1.2895	0.0023	2
1.55	1.2899	0.0023	2
1.555	1.2937	0.0025	2
1.56	1.2979	0.0024	2
1.565	1.2954	0.0024	2
1.57	1.2996	0.0024	2
1.575	1.2895	0.0025	2
1.58	1.2949	0.0024	2
1.585	1.2947	0.0024	2
1.59	1.3013	0.0024	2
1.595	1.3031	0.0025	2
1.6	1.3045	0.0025	2
1.605	1.3025	0.0026	2
1.61	1.305	0.0026	2
1.615	1.3031	0.0025	2
1.62	1.3071	0.0025	2
1.625	1.3078	0.0026	2
1.63	1.3086	0.0026	2
1.635	1.3118	0.0025	2
1.64	1.3078	0.0026	2
1.645	1.3132	0.0026	2
1.65	1.3129	0.0026	2
1.655	1.3176	0.0026	2
1.66	1.3171	0.0028	2
1.665	1.3173	0.0027	2
1.67	1.3152	0.0026	2
1.675	1.3153	0.0028	2
1.68	1.3145	0.0028	2
1.685	1.3131	0.0029	2
1.69	1.3111	0.0028	2
1.695	1.3202	0.0027	2
1.7	1.311	0.0035	1
1.705	1.3187	0.0028	2
1.71	1.3246	0.0028	2
1.715	1.3315	0.0028	2
1.72	1.3286	0.0029	2
1.725	1.3359	0.0032	2
1.73	1.3281	0.0028	2
1.735	1.3324	0.0028	2
1.74	1.3374	0.0029	2
1.745	1.3362	0.0029	2
1.75	1.3346	0.003	2
1.755	1.3282	0.0029	2
1.76	1.329	0.0028	2
1.765	1.3324	0.0029	2
1.77	1.3367	0.003	2
1.775	1.3407	0.003	2
1.78	1.3468	0.0032	2
1.785	1.351	0.0033	2
1.79	1.3394	0.0032	2
1.795	1.347	0.0032	2
1.8	1.3461	0.0032	2
1.805	1.3499	0.0034	2
1.81	1.3583	0.0036	2
1.815	1.3544	0.0038	2
1.82	1.3525	0.004	2
1.825	1.3523	0.0044	2
1.83	1.3492	0.0047	2
1.835	1.3499	0.0051	2
1.84	1.3598	0.0039	1
1.845	1.3419	0.0068	1
1.85	1.3676	0.0053	2
1.855	1.3677	0.0052	2
1.86	1.3654	0.0038	1
1.865	1.3702	0.0058	2
1.87	1.3514	0.0072	1
1.875	1.3708	0.0059	2
1.88	1.3677	0.0053	2
1.885	1.3688	0.0051	2
1.89	1.3727	0.0047	2
1.895	1.374	0.005	2
1.9	1.3663	0.0052	2
1.905	1.3722	0.0055	2
1.91	1.3748	0.004	1
1.915	1.3844	0.0051	2
1.92	1.4039	0.0061	1
1.925	1.3755	0.0049	2
1.93	1.381	0.0046	2
1.935	1.3811	0.0044	2
1.94	1.3869	0.0046	2
1.945	1.39	0.0047	2
1.95	1.39	0.0048	2
1.955	1.3978	0.0048	2
1.96	1.405	0.006	1
1.965	1.3876	0.0047	2
1.97	1.3833	0.0043	2
1.975	1.3844	0.0042	2
1.98	1.3902	0.0039	2
1.985	1.3916	0.0039	2
1.99	1.3976	0.004	2
1.995	1.3959	0.0047	2
2	1.3971	0.006	1
2.005	1.4004	0.0061	2
2.01	1.3983	0.0042	1
2.015	1.3971	0.0054	2
2.02	1.4072	0.0048	2
2.025	1.408	0.0046	2
2.03	1.4007	0.0042	2
2.035	1.3949	0.004	2
2.04	1.3957	0.003	1
2.045	1.4073	0.0043	2
2.05	1.4021	0.0047	2
2.055	1.4061	0.0048	2
2.06	1.4151	0.005	2
2.065	1.4152	0.0034	1
2.07	1.4126	0.0046	2
2.075	1.4123	0.0044	2
2.08	1.4109	0.0045	2
2.085	1.4194	0.0043	2
2.09	1.4153	0.0031	1
2.095	1.4195	0.0043	2
2.1	1.4189	0.0043	2
2.105	1.4227	0.0042	2
2.11	1.4326	0.0056	1
2.115	1.4315	0.0053	1
2.12	1.4265	0.0043	2
2.125	1.4275	0.0042	2
2.13	1.4286	0.0044	2
2.135	1.4324	0.0043	2
2.14	1.4336	0.0044	2
2.145	1.4314	0.0045	2
2.15	1.4233	0.0045	2
2.155	1.4331	0.0046	2
2.16	1.4316	0.0047	2
2.165	1.4323	0.0047	2
2.17	1.4338	0.0048	2
2.175	1.437	0.0048	2
2.18	1.4446	0.0049	2
2.185	1.4345	0.0048	2
2.19	1.4353	0.0052	2
2.195	1.4405	0.005	2
2.2	1.4364	0.0047	2
2.205	1.4327	0.0036	1
2.21	1.4375	0.0049	2
2.215	1.4436	0.005	2
2.22	1.4468	0.0052	2
2.225	1.444	0.0064	1
2.23	1.4417	0.0052	2
2.235	1.4396	0.0053	2
2.24	1.4484	0.0053	2
2.245	1.4477	0.0055	2
2.25	1.4632	0.0066	1
2.255	1.4477	0.0053	2
2.26	1.4487	0.0053	2
2.265	1.4516	0.0056	2
2.27	1.4536	0.0055	2
2.275	1.4529	0.0057	2
2.28	1.4466	0.0056	2
2.285	1.4551	0.0056	2
2.29	1.4536	0.0059	2
2.295	1.4523	0.007	1
2.3	1.46	0.0059	2
2.305	1.4509	0.006	2
2.31	1.4554	0.0057	2
2.315	1.4638	0.0058	2
2.32	1.4643	0.0064	2
2.325	1.4627	0.0062	2
2.33	1.4574	0.0057	2
2.335	1.4631	0.0059	2
2.34	1.4677	0.006	2
2.345	1.47	0.006	2
2.35	1.4599	0.0063	2
2.355	1.4655	0.0062	2
2.36	1.4654	0.0062	2
2.365	1.4712	0.0045	1
2.37	1.4713	0.0064	2
2.375	1.4698	0.0046	1
2.385	1.4906	0.008	1
2.39	1.4715	0.0046	1
2.4	1.4982	0.0076	1
2.41	1.4773	0.0046	1
2.415	1.474	0.0046	1
2.42	1.4776	0.0047	1
2.425	1.4777	0.0066	2
2.43	1.4739	0.0068	2
2.435	1.4709	0.0064	2
2.44	1.4733	0.0069	2
2.445	1.4704	0.0049	1
2.45	1.4712	0.0068	2
2.455	1.4863	0.007	2
2.46	1.4925	0.0067	2
2.465	1.4763	0.0068	2
2.47	1.481	0.007	2
2.475	1.4892	0.0069	2
2.48	1.4826	0.007	2
2.49	1.4988	0.0093	1
