0.435	0.809	0.047	1
0.438	0.79	0.042	1
0.44	0.787	0.037	1
0.443	0.799	0.032	1
0.445	0.816	0.029	1
0.448	0.813	0.026	1
0.45	0.831	0.023	1
0.453	0.832	0.021	1
0.455	0.861	0.02	1
0.458	0.837	0.018	1
0.46	0.843	0.016	1
0.463	0.855	0.015	1
0.465	0.878	0.014	1
0.468	0.879	0.014	1
0.47	0.884	0.013	1
0.473	0.887	0.012	1
0.475	0.886	0.011	1
0.478	0.887	0.011	1
0.48	0.906	0.01	1
0.483	0.917	0.01	1
0.485	0.908	0.009	1
0.488	0.902	0.009	1
0.49	0.923	0.009	1
0.493	0.92	0.008	1
0.495	0.922	0.008	1
0.498	0.936	0.008	1
0.5	0.93	0.007	1
0.503	0.94	0.007	1
0.505	0.934	0.007	1
0.508	0.938	0.007	1
0.51	0.945	0.007	1
0.513	0.955	0.006	1
0.515	0.977	0.006	1
0.518	0.966	0.006	1
0.52	0.965	0.006	1
0.523	0.982	0.006	1
0.525	0.955	0.008	1
0.54	0.99	0.007	1
0.543	0.98	0.005	1
0.545	0.993	0.005	1
0.548	1	0.005	1
0.55	0.998	0.005	1
0.553	1.006	0.004	1
0.555	1.01	0.004	1
0.558	1.005	0.004	1
0.56	1.012	0.004	1
0.563	1.034	0.005	1
0.565	1.025	0.005	1
0.568	1.023	0.004	1
0.57	1.032	0.004	1
0.573	1.025	0.004	1
0.575	1.032	0.004	1
0.578	1.036	0.004	1
0.58	1.027	0.004	1
0.583	1.03	0.004	1
0.585	1.047	0.004	1
0.588	1.042	0.004	1
0.59	1.047	0.004	1
0.593	1.043	0.004	1
0.595	1.059	0.004	1
0.598	1.051	0.004	1
0.6	1.053	0.004	1
0.603	1.055	0.004	1
0.605	1.06	0.004	1
0.608	1.066	0.003	1
0.61	1.066	0.003	1
0.613	1.064	0.003	1
0.615	1.07	0.003	1
0.618	1.075	0.003	1
0.62	1.082	0.003	1
0.623	1.08	0.003	1
0.625	1.085	0.003	1
0.628	1.085	0.003	1
0.63	1.087	0.003	1
0.633	1.089	0.003	1
0.635	1.093	0.003	1
0.638	1.097	0.003	1
0.64	1.102	0.003	1
0.643	1.101	0.003	1
0.645	1.106	0.003	1
0.648	1.108	0.003	1
0.65	1.107	0.003	1
0.653	1.113	0.003	1
0.655	1.116	0.003	1
0.658	1.108	0.003	1
0.66	1.127	0.003	1
0.663	1.128	0.003	1
0.665	1.126	0.003	1
0.668	1.134	0.003	1
0.67	1.132	0.003	1
0.673	1.138	0.003	1
0.675	1.137	0.003	1
0.678	1.137	0.003	1
0.68	1.15	0.003	1
0.683	1.141	0.003	1
0.685	1.15	0.003	1
0.688	1.142	0.004	1
0.698	1.151	0.005	1
0.7	1.149	0.003	1
0.703	1.146	0.003	1
0.705	1.157	0.003	1
0.708	1.149	0.003	1
0.71	1.159	0.003	1
0.713	1.163	0.003	1
0.715	1.157	0.003	1
0.718	1.148	0.003	1
0.72	1.147	0.003	1
0.723	1.153	0.005	1
0.733	1.152	0.004	1
0.735	1.161	0.004	1
0.738	1.157	0.004	1
0.74	1.154	0.004	1
0.743	1.16	0.003	1
0.745	1.163	0.003	1
0.748	1.165	0.003	1
0.75	1.151	0.003	1
0.753	1.156	0.003	1
0.755	1.166	0.005	1
0.76	1.123	0.005	1
0.763	1.144	0.007	1
0.768	1.128	0.006	1
0.77	1.133	0.005	1
0.773	1.125	0.004	1
0.775	1.126	0.004	1
0.778	1.118	0.004	1
0.78	1.127	0.004	1
0.783	1.136	0.004	1
0.785	1.123	0.004	1
0.788	1.117	0.004	1
0.79	1.129	0.004	1
0.793	1.13	0.004	1
0.795	1.127	0.004	1
0.8	1.1	0.004	1
0.801	1.075	0.012	1
0.803	1.098	0.004	1
0.805	1.097	0.011	1
0.805	1.1	0.004	1
0.808	1.09	0.004	1
0.808	1.074	0.011	1
0.81	1.093	0.004	1
0.812	1.069	0.013	1
0.813	1.073	0.004	1
0.815	1.066	0.004	1
0.816	1.084	0.011	1
0.818	1.064	0.004	1
0.819	1.067	0.013	1
0.82	1.0491	0.0115	2
0.825	1.0845	0.0124	3
0.83	1.061	0.0119	3
0.835	1.046	0.0111	3
0.84	1.0654	0.0122	3
0.845	1.0554	0.0109	3
0.85	1.0535	0.0112	3
0.855	1.0408	0.0113	3
0.86	1.0359	0.0114	3
0.865	1.0243	0.0128	3
0.87	1.0174	0.0125	3
0.875	1.017	0.0117	3
0.88	1.0163	0.0116	3
0.885	1.0009	0.0112	3
0.89	0.9985	0.0098	3
0.895	1.003	0.0107	3
0.9	0.997	0.0102	3
0.905	0.9963	0.0093	3
0.91	0.9986	0.0097	3
0.915	0.9957	0.0099	3
0.92	0.9928	0.0094	3
0.925	1.0029	0.0096	3
0.93	1.0035	0.0096	3
0.935	0.981	0.01	3
0.945	0.9815	0.0095	3
0.95	0.9977	0.0096	3
0.955	0.9922	0.009	3
0.96	0.9899	0.0087	3
0.965	0.9989	0.009	3
0.97	1.0062	0.009	3
0.975	0.9982	0.0087	3
0.98	0.9999	0.0098	3
0.985	0.9964	0.0087	3
0.99	0.9965	0.0086	3
0.995	0.9884	0.0081	3
1	0.9909	0.0079	3
1.005	1.002	0.009	3
1.01	1.0067	0.0081	3
1.015	1.0028	0.0079	3
1.02	1.0064	0.008	3
1.025	1.0096	0.0076	3
1.03	1.0148	0.008	3
1.035	1.0126	0.0078	3
1.04	1.0011	0.0084	3
1.045	1.013	0.008	3
1.05	1.0191	0.0085	3
1.055	1.0153	0.008	3
1.06	1.0251	0.0077	3
1.065	1.0313	0.0079	3
1.07	1.0228	0.0076	3
1.075	1.0196	0.0075	3
1.08	1.0337	0.0075	3
1.085	1.0417	0.0073	3
1.09	1.0284	0.0079	3
1.095	1.0339	0.0077	3
1.1	1.0396	0.0079	3
1.105	1.0604	0.0075	3
1.11	1.0632	0.0083	3
1.115	1.0697	0.0076	3
1.12	1.0759	0.0077	3
1.125	1.0873	0.0082	3
1.13	1.0967	0.0083	3
1.135	1.0912	0.0087	3
1.14	1.0975	0.0084	3
1.145	1.1016	0.0084	3
1.15	1.0995	0.0081	3
1.155	1.1139	0.008	3
1.16	1.1043	0.0079	3
1.165	1.1061	0.0076	3
1.17	1.115	0.0083	3
1.175	1.1246	0.0074	3
1.18	1.1247	0.0069	3
1.185	1.1293	0.0075	3
1.19	1.131	0.0074	3
1.195	1.1305	0.0073	3
1.2	1.1345	0.0073	3
1.205	1.1375	0.0078	3
1.21	1.1364	0.0078	3
1.215	1.1378	0.0073	3
1.22	1.1414	0.0074	3
1.225	1.1414	0.0075	3
1.23	1.1382	0.0082	3
1.235	1.1443	0.0073	3
1.24	1.1472	0.0078	3
1.245	1.1622	0.0078	3
1.25	1.1693	0.0075	3
1.255	1.1767	0.0075	3
1.26	1.1559	0.0079	3
1.265	1.1637	0.0078	3
1.27	1.163	0.008	3
1.275	1.1634	0.0078	3
1.28	1.1624	0.0082	3
1.285	1.16	0.0078	3
1.29	1.1696	0.0076	3
1.295	1.1694	0.0073	3
1.3	1.1735	0.0073	3
1.305	1.1848	0.0073	3
1.31	1.1893	0.0077	3
1.315	1.1995	0.0075	3
1.32	1.208	0.0078	3
1.325	1.2096	0.0081	3
1.33	1.2136	0.008	3
1.335	1.2097	0.0082	3
1.34	1.2107	0.0083	3
1.345	1.2112	0.009	3
1.35	1.2295	0.0105	3
1.355	1.2141	0.0111	3
1.36	1.2199	0.0124	3
1.365	1.2247	0.0132	2
1.375	1.2352	0.0117	3
1.39	1.2377	0.0104	3
1.395	1.2516	0.0116	3
1.4	1.2591	0.0109	3
1.405	1.242	0.0104	3
1.41	1.2419	0.0105	3
1.415	1.2679	0.0103	3
1.42	1.2759	0.009	3
1.425	1.2716	0.0097	3
1.43	1.2619	0.0095	3
1.435	1.2698	0.0095	3
1.44	1.2816	0.0097	3
1.445	1.2803	0.0092	3
1.45	1.28	0.009	3
1.455	1.2864	0.0089	3
1.46	1.3068	0.009	1
1.465	1.2807	0.0094	3
1.47	1.2924	0.0087	3
1.475	1.3006	0.0092	3
1.48	1.296	0.0091	3
1.485	1.3007	0.0092	3
1.49	1.3079	0.0097	3
1.495	1.3018	0.0096	3
1.5	1.285	0.0095	3
1.505	1.2945	0.009	3
1.51	1.299	0.0088	3
1.515	1.2952	0.0087	3
1.52	1.2847	0.0089	3
1.525	1.2908	0.009	3
1.53	1.3113	0.0095	3
1.535	1.3051	0.0094	3
1.54	1.3146	0.0095	3
1.545	1.3304	0.0092	3
1.55	1.3189	0.009	3
1.555	1.3183	0.0094	3
1.56	1.3142	0.0095	3
1.565	1.3153	0.0098	3
1.57	1.3046	0.0089	3
1.58	1.2842	0.0097	3
1.585	1.2972	0.0097	3
1.59	1.3118	0.0098	3
1.595	1.3189	0.0097	3
1.6	1.2981	0.0093	3
1.605	1.309	0.0097	3
1.61	1.3074	0.0101	3
1.615	1.308	0.0099	3
1.62	1.2945	0.0102	3
1.625	1.2809	0.0107	3
1.63	1.2909	0.0099	3
1.635	1.3154	0.0099	3
1.64	1.312	0.0096	3
1.645	1.307	0.0102	3
1.65	1.2997	0.0106	3
1.655	1.2837	0.0097	3
1.66	1.2949	0.0099	3
1.665	1.3059	0.0098	3
1.67	1.303	0.0105	3
1.675	1.3003	0.0109	3
1.68	1.2868	0.0105	3
1.685	1.2822	0.0102	3
1.69	1.2613	0.0109	3
1.695	1.2798	0.0109	3
1.7	1.2799	0.0104	3
1.705	1.2755	0.0106	3
1.71	1.2527	0.0111	3
1.72	1.244	0.011	3
1.725	1.278	0.0119	3
1.73	1.2747	0.0105	3
1.735	1.2676	0.0107	3
1.74	1.2742	0.0107	3
1.745	1.2743	0.011	3
1.75	1.2662	0.0108	3
1.755	1.2425	0.0115	3
1.76	1.2589	0.0107	3
1.765	1.2598	0.0107	3
1.77	1.2717	0.0107	3
1.775	1.2618	0.011	3
1.78	1.2596	0.0109	3
1.785	1.2544	0.0114	3
1.79	1.2295	0.0118	3
1.795	1.2731	0.0119	3
1.8	1.2549	0.0118	3
1.805	1.2254	0.0119	3
1.81	1.2418	0.0121	3
1.815	1.2699	0.0128	3
1.82	1.2513	0.0131	3
1.825	1.239	0.0144	3
1.83	1.2464	0.0145	3
1.835	1.249	0.0168	3
1.84	1.254	0.0171	3
1.845	1.2087	0.0175	2
1.85	1.2266	0.0174	3
1.855	1.2674	0.0171	3
1.86	1.2399	0.0174	3
1.865	1.2243	0.0209	2
1.87	1.2351	0.0191	3
1.875	1.2708	0.0212	2
1.88	1.2268	0.0201	3
1.885	1.2609	0.0171	3
1.89	1.239	0.0151	3
1.895	1.2243	0.0159	3
1.9	1.2453	0.0181	3
1.905	1.227	0.0166	3
1.91	1.2349	0.0178	3
1.915	1.2224	0.0177	3
1.92	1.2086	0.0174	3
1.925	1.2306	0.0175	3
1.93	1.2182	0.0166	3
1.935	1.2335	0.0154	3
1.94	1.2584	0.0151	3
1.945	1.2568	0.0151	3
1.95	1.2483	0.0158	3
1.955	1.2324	0.0153	3
1.96	1.2334	0.0156	3
1.965	1.2162	0.015	3
1.97	1.1897	0.0138	2
1.975	1.1932	0.014	3
1.98	1.2066	0.0143	3
1.985	1.21	0.0138	3
1.99	1.2433	0.0148	3
1.995	1.2238	0.0158	3
2	1.2162	0.0171	3
2.005	1.2282	0.0173	3
2.015	1.2082	0.018	3
2.025	1.2249	0.0157	3
2.03	1.2408	0.0148	3
2.035	1.2178	0.0134	3
2.04	1.2125	0.0137	3
2.045	1.2135	0.0142	3
2.05	1.1903	0.0145	3
2.055	1.2199	0.0156	3
2.06	1.2018	0.0155	3
2.065	1.2305	0.0155	3
2.07	1.2337	0.0154	3
2.075	1.2535	0.0163	3
2.08	1.2367	0.0153	3
2.085	1.2215	0.0142	3
2.09	1.2084	0.0147	3
2.095	1.2369	0.0155	3
2.1	1.254	0.0158	3
2.105	1.224	0.0156	3
2.11	1.2082	0.0146	2
2.115	1.2516	0.015	3
2.12	1.2608	0.0147	3
2.125	1.2656	0.0155	3
2.13	1.2843	0.0167	2
2.135	1.2587	0.0158	3
2.14	1.2073	0.0168	3
2.145	1.2428	0.0174	3
2.15	1.2671	0.0182	1
2.155	1.2736	0.0162	3
2.16	1.2523	0.0163	3
2.165	1.261	0.0161	3
2.17	1.2381	0.0168	3
2.175	1.246	0.0162	3
2.18	1.2546	0.0172	3
2.185	1.2503	0.0161	3
2.195	1.2343	0.0174	3
2.2	1.2441	0.0173	3
2.205	1.2621	0.0183	3
2.21	1.2568	0.0173	3
2.215	1.2796	0.0176	3
2.22	1.2579	0.017	3
2.225	1.2547	0.0182	3
2.23	1.2507	0.0171	3
2.235	1.2632	0.0178	3
2.24	1.275	0.0194	3
2.245	1.24	0.0188	3
2.255	1.2528	0.0205	3
2.26	1.253	0.0184	3
2.265	1.2475	0.0183	3
2.27	1.2501	0.0188	3
2.275	1.2585	0.019	3
2.28	1.2738	0.0191	3
2.285	1.2525	0.02	3
2.29	1.268	0.0192	3
2.295	1.2732	0.019	3
2.3	1.2571	0.0192	3
2.305	1.2483	0.0199	3
2.31	1.2718	0.0218	3
2.315	1.2407	0.0207	2
2.32	1.2465	0.02	3
2.325	1.2403	0.0206	3
2.33	1.2922	0.0211	3
2.335	1.2749	0.021	3
2.34	1.2916	0.022	3
2.345	1.2608	0.0199	3
2.35	1.2746	0.0219	2
2.355	1.2571	0.022	3
2.36	1.2732	0.0252	2
2.365	1.28	0.0239	3
2.37	1.2303	0.0208	3
2.38	1.2758	0.0208	3
2.385	1.2632	0.0223	2
2.39	1.2635	0.0221	2
2.395	1.2598	0.0213	3
2.405	1.2521	0.0216	3
2.41	1.2574	0.0223	3
2.415	1.232	0.0215	3
2.42	1.2449	0.0219	3
2.44	1.2629	0.0227	3
2.445	1.3	0.0225	2
2.45	1.2605	0.0237	3
