0.4584	0.949	0.02	1
0.4614	0.95	0.02	1
0.4645	1.012	0.02	1
0.4665	0.908	0.02	1
0.4675	0.911	0.02	1
0.4716	0.928	0.02	1
0.4726	0.953	0.02	1
0.4736	0.914	0.02	1
0.4746	0.9	0.02	1
0.4756	1.016	0.02	1
0.4766	0.989	0.02	1
0.4786	0.904	0.02	1
0.4797	0.968	0.02	1
0.4807	0.978	0.02	1
0.4817	0.936	0.02	1
0.4827	0.976	0.02	1
0.4837	0.983	0.02	1
0.4847	0.922	0.02	1
0.4857	0.922	0.02	1
0.4867	0.974	0.02	1
0.4888	1.012	0.02	1
0.4898	1.03	0.02	1
0.4908	0.955	0.02	1
0.4918	0.964	0.02	1
0.4949	0.932	0.02	1
0.4959	0.998	0.02	1
0.4969	0.974	0.02	1
0.4979	1.007	0.02	1
0.4989	1.006	0.02	1
0.4999	0.985	0.02	1
0.5009	1.007	0.02	1
0.5019	0.966	0.02	1
0.503	0.987	0.02	1
0.504	0.982	0.02	1
0.505	0.967	0.02	1
0.506	0.968	0.02	1
0.507	0.932	0.02	1
0.508	0.993	0.02	1
0.509	0.944	0.02	1
0.51	0.927	0.02	1
0.5111	0.922	0.02	1
0.5121	0.957	0.02	1
0.5131	1.004	0.02	1
0.5141	0.984	0.02	1
0.5151	0.984	0.02	1
0.5161	1.014	0.02	1
0.5181	1.042	0.02	1
0.5192	1.008	0.02	1
0.5202	0.934	0.02	1
0.5212	1.018	0.02	1
0.5222	1.017	0.02	1
0.5232	1.041	0.02	1
0.5242	1.059	0.02	1
0.5252	1.013	0.02	1
0.5263	1.011	0.02	1
0.5273	1.02	0.02	1
0.5283	1.004	0.02	1
0.5293	0.999	0.02	1
0.5303	1.017	0.02	1
0.5313	1.016	0.02	1
0.5323	1.007	0.02	1
0.5333	1.005	0.02	1
0.5344	1.037	0.02	1
0.5354	0.985	0.02	1
0.5364	0.914	0.02	1
0.5374	1.005	0.02	1
0.5384	1.038	0.02	1
0.5394	0.966	0.02	1
0.5404	0.96	0.02	1
0.5414	0.988	0.02	1
0.5425	0.955	0.02	1
0.5435	1.006	0.02	1
0.5445	0.971	0.02	1
0.5455	0.934	0.02	1
0.5465	0.97	0.02	1
0.5475	0.959	0.02	1
0.5485	0.971	0.02	1
0.5495	0.944	0.02	1
0.5506	0.932	0.02	1
0.5516	0.947	0.02	1
0.5526	0.995	0.02	1
0.5536	1.009	0.02	1
0.5546	0.983	0.02	1
0.5556	1.013	0.02	1
0.5566	1.036	0.02	1
0.5587	1.069	0.02	1
0.5597	1.092	0.02	1
0.5607	1.03	0.02	1
0.5617	1.065	0.02	1
0.5627	1.074	0.02	1
0.5637	1.024	0.02	1
0.5647	1.072	0.02	1
0.5658	1.057	0.02	1
0.5668	1.04	0.02	1
0.5678	1.019	0.02	1
0.5688	1.066	0.02	1
0.5698	1.007	0.02	1
0.5708	1.005	0.02	1
0.5718	0.994	0.02	1
0.5728	1.008	0.02	1
0.5739	1.001	0.02	1
0.5749	1.038	0.02	1
0.5759	1.054	0.02	1
0.5769	1.047	0.02	1
0.5779	1.071	0.02	1
0.5789	1.014	0.02	1
0.5799	1.017	0.02	1
0.5809	1.017	0.02	1
0.582	0.977	0.02	1
0.583	0.992	0.02	1
0.584	1.014	0.02	1
0.585	1.046	0.02	1
0.586	1.041	0.02	1
0.587	1.039	0.02	1
0.588	1.041	0.02	1
0.5891	1.004	0.02	1
0.5901	1.015	0.02	1
0.5911	1.033	0.02	1
0.5921	1.006	0.02	1
0.5931	1.031	0.02	1
0.5941	1.022	0.02	1
0.5951	1.023	0.02	1
0.5961	1.029	0.02	1
0.5972	0.992	0.02	1
0.5982	1.035	0.02	1
0.5992	1.014	0.02	1
0.6002	1.016	0.02	1
0.6012	1.04	0.02	1
0.6022	1.017	0.02	1
0.6032	1.036	0.02	1
0.6042	1.047	0.02	1
0.6053	1.02	0.02	1
0.6063	1.034	0.02	1
0.6073	1.075	0.02	1
0.6083	1.073	0.02	1
0.6093	1.061	0.02	1
0.6103	1.05	0.02	1
0.6113	1.077	0.02	1
0.6123	1.082	0.02	1
0.6134	1.08	0.02	1
0.6144	1.087	0.02	1
0.6154	1.064	0.02	1
0.6164	1.07	0.02	1
0.6174	1.068	0.02	1
0.6184	1.062	0.02	1
0.6194	1.08	0.02	1
0.6205	1.089	0.02	1
0.6215	1.075	0.02	1
0.6225	1.098	0.02	1
0.6235	1.111	0.02	1
0.6245	1.096	0.02	1
0.6255	1.064	0.02	1
0.6265	1.079	0.02	1
0.6275	1.113	0.02	1
0.6286	1.088	0.02	1
0.6296	1.09	0.02	1
0.6306	1.11	0.02	1
0.6316	1.108	0.02	1
0.6326	1.086	0.02	1
0.6336	1.059	0.02	1
0.6346	1.054	0.02	1
0.6356	1.103	0.02	1
0.6367	1.101	0.02	1
0.6377	1.098	0.02	1
0.6387	1.089	0.02	1
0.6397	1.093	0.02	1
0.6407	1.102	0.02	1
0.6417	1.1	0.02	1
0.6427	1.11	0.02	1
0.6437	1.096	0.02	1
0.6448	1.12	0.02	1
0.6458	1.123	0.02	1
0.6468	1.104	0.02	1
0.6478	1.107	0.02	1
0.6488	1.104	0.02	1
0.6498	1.121	0.02	1
0.6508	1.147	0.02	1
0.6519	1.076	0.02	1
0.6529	1.085	0.02	1
0.6539	1.128	0.02	1
0.6549	1.146	0.02	1
0.6559	1.13	0.02	1
0.6569	1.111	0.02	1
0.6579	1.105	0.02	1
0.6589	1.083	0.02	1
0.66	1.048	0.02	1
0.661	1.091	0.02	1
0.662	1.109	0.02	1
0.663	1.099	0.02	1
0.664	1.107	0.02	1
0.665	1.12	0.02	1
0.666	1.125	0.02	1
0.667	1.118	0.02	1
0.6681	1.111	0.02	1
0.6691	1.128	0.02	1
0.6701	1.114	0.02	1
0.6711	1.097	0.02	1
0.6721	1.113	0.02	1
0.6731	1.132	0.02	1
0.6741	1.112	0.02	1
0.6751	1.108	0.02	1
0.6762	1.129	0.02	1
0.6772	1.115	0.02	1
0.6782	1.099	0.02	1
0.6792	1.127	0.02	1
0.6802	1.151	0.02	1
0.6812	1.142	0.02	1
0.6822	1.148	0.02	1
0.6833	1.17	0.02	1
0.6843	1.199	0.02	1
0.6853	1.206	0.02	1
0.6863	1.187	0.02	1
0.6873	1.193	0.02	1
0.6883	1.162	0.02	1
0.6893	1.101	0.02	1
0.6903	1.092	0.02	1
0.6914	1.102	0.02	1
0.6924	1.126	0.02	1
0.6934	1.131	0.02	1
0.6944	1.138	0.02	1
0.6954	1.178	0.02	1
0.6964	1.19	0.02	1
0.6974	1.196	0.02	1
0.6984	1.192	0.02	1
0.6995	1.208	0.02	1
0.7005	1.218	0.02	1
0.7015	1.216	0.02	1
0.7025	1.229	0.02	1
0.7035	1.214	0.02	1
0.7045	1.213	0.02	1
0.7055	1.207	0.02	1
0.7065	1.227	0.02	1
0.7076	1.231	0.02	1
0.7086	1.222	0.02	1
0.7096	1.256	0.02	1
0.7106	1.256	0.02	1
0.7116	1.244	0.02	1
0.7126	1.234	0.02	1
0.7136	1.229	0.02	1
0.7147	1.223	0.02	1
0.7157	1.247	0.02	1
0.7167	1.232	0.02	1
0.7177	1.243	0.02	1
0.7187	1.228	0.02	1
0.7197	1.231	0.02	1
0.7207	1.203	0.02	1
0.7217	1.2	0.02	1
0.7228	1.181	0.02	1
0.7238	1.245	0.02	1
0.7248	1.248	0.02	1
0.7258	1.22	0.02	1
0.7268	1.177	0.02	1
0.7278	1.203	0.02	1
0.7288	1.235	0.02	1
0.7298	1.267	0.02	1
0.7309	1.233	0.02	1
0.7319	1.199	0.02	1
0.7329	1.229	0.02	1
0.7339	1.249	0.02	1
0.7349	1.235	0.02	1
0.7359	1.272	0.02	1
0.7369	1.273	0.02	1
0.7379	1.253	0.02	1
0.739	1.227	0.02	1
0.74	1.243	0.02	1
0.741	1.235	0.02	1
0.742	1.209	0.02	1
0.743	1.196	0.02	1
0.744	1.227	0.02	1
0.745	1.241	0.02	1
0.7461	1.234	0.02	1
0.7471	1.228	0.02	1
0.7481	1.217	0.02	1
0.7491	1.225	0.02	1
0.7501	1.223	0.02	1
0.7511	1.219	0.02	1
0.7521	1.237	0.02	1
0.7531	1.261	0.02	1
0.7542	1.222	0.02	1
0.7552	1.223	0.02	1
0.7734	1.212	0.02	1
0.7744	1.229	0.02	1
0.7754	1.254	0.02	1
0.7764	1.223	0.02	1
0.7775	1.213	0.02	1
0.7785	1.241	0.02	1
0.7795	1.266	0.02	1
0.7805	1.251	0.02	1
0.7815	1.266	0.02	1
0.7825	1.266	0.02	1
0.7835	1.222	0.02	1
0.7845	1.234	0.02	1
0.7856	1.272	0.02	1
0.7866	1.301	0.02	1
0.7876	1.319	0.02	1
0.7886	1.28	0.02	1
0.7896	1.301	0.02	1
0.7906	1.349	0.02	1
0.7916	1.277	0.02	1
0.7926	1.253	0.02	1
0.7937	1.322	0.02	1
0.7947	1.312	0.02	1
0.7957	1.269	0.02	1
0.7967	1.286	0.02	1
0.7977	1.319	0.02	1
0.7987	1.335	0.02	1
0.7997	1.362	0.02	1
0.8008	1.35	0.02	1
0.8018	1.341	0.02	1
0.8028	1.334	0.02	1
0.8038	1.295	0.02	1
0.8048	1.327	0.02	1
0.8058	1.313	0.02	1
0.8068	1.343	0.02	1
0.8078	1.335	0.02	1
0.8089	1.362	0.02	1
0.8099	1.35	0.02	1
0.8109	1.358	0.02	1
0.8119	1.366	0.02	1
0.8129	1.373	0.02	1
0.8139	1.319	0.02	1
0.8149	1.34	0.02	1
0.8159	1.366	0.02	1
0.817	1.307	0.02	1
0.818	1.312	0.02	1
0.819	1.315	0.02	1
0.82	1.3155	0.0071	3
0.825	1.321	0.0067	3
0.83	1.3288	0.0069	3
0.835	1.3327	0.0065	3
0.84	1.3381	0.0067	3
0.845	1.3381	0.0067	3
0.85	1.3472	0.0065	3
0.855	1.363	0.0065	2
0.86	1.3518	0.0067	3
0.865	1.3517	0.0068	3
0.87	1.3554	0.0067	3
0.875	1.3732	0.0065	3
0.88	1.3628	0.0064	3
0.885	1.3711	0.0062	3
0.89	1.3857	0.0061	3
0.895	1.3901	0.0059	3
0.9	1.398	0.0058	3
0.905	1.403	0.0057	3
0.91	1.409	0.0057	3
0.915	1.4314	0.0059	2
0.92	1.4308	0.0058	3
0.925	1.4245	0.0061	3
0.93	1.4201	0.0061	3
0.935	1.4008	0.0058	2
0.94	1.4163	0.0055	1
0.945	1.4404	0.0059	3
0.95	1.4443	0.0062	3
0.955	1.4565	0.0057	3
0.96	1.4718	0.006	2
0.965	1.4773	0.0055	3
0.97	1.4744	0.0052	3
0.975	1.4802	0.0052	3
0.98	1.4873	0.0052	3
0.985	1.4855	0.0052	3
0.99	1.4876	0.0052	3
0.995	1.4814	0.005	3
1	1.494	0.0051	3
1.005	1.509	0.0049	3
1.01	1.5097	0.0049	3
1.015	1.5179	0.0048	3
1.02	1.5327	0.0049	3
1.025	1.5325	0.0048	3
1.03	1.5266	0.0049	3
1.035	1.53	0.0049	3
1.04	1.5377	0.0048	3
1.045	1.5392	0.0048	3
1.05	1.5427	0.0048	3
1.055	1.5407	0.0048	3
1.06	1.5555	0.0047	3
1.065	1.5647	0.0047	3
1.07	1.5637	0.0047	3
1.075	1.5797	0.0047	3
1.08	1.5839	0.0047	3
1.085	1.587	0.0049	3
1.09	1.5981	0.0048	3
1.095	1.5853	0.0047	3
1.1	1.594	0.0046	3
1.105	1.6004	0.0047	3
1.11	1.6011	0.0045	2
1.115	1.5981	0.0048	3
1.12	1.6141	0.005	3
1.125	1.6272	0.0054	3
1.13	1.6199	0.0053	3
1.135	1.615	0.0053	3
1.14	1.6219	0.0054	3
1.145	1.6231	0.0051	3
1.15	1.6353	0.005	3
1.155	1.6399	0.0051	3
1.16	1.6331	0.005	3
1.165	1.6488	0.0047	3
1.17	1.6635	0.0046	3
1.175	1.6613	0.0044	3
1.18	1.6756	0.0044	3
1.185	1.6738	0.0044	3
1.19	1.6749	0.0043	3
1.195	1.6884	0.0046	3
1.2	1.697	0.0045	3
1.205	1.698	0.0045	3
1.21	1.6887	0.0044	3
1.215	1.6928	0.0045	3
1.22	1.7022	0.0047	3
1.225	1.7071	0.0047	3
1.23	1.6994	0.0047	3
1.235	1.7112	0.0046	3
1.24	1.724	0.0045	3
1.245	1.7265	0.0046	3
1.25	1.7355	0.0045	3
1.255	1.7337	0.0046	3
1.26	1.7364	0.0047	3
1.265	1.7269	0.0047	3
1.27	1.7317	0.0052	3
1.275	1.7397	0.0047	3
1.28	1.7547	0.0049	3
1.285	1.7486	0.0048	3
1.29	1.7513	0.0046	3
1.295	1.7667	0.0047	3
1.3	1.7719	0.0048	3
1.305	1.7871	0.005	3
1.31	1.7763	0.0047	3
1.315	1.7871	0.0048	3
1.32	1.7981	0.0049	3
1.325	1.785	0.0049	3
1.33	1.8029	0.005	3
1.335	1.8047	0.0048	3
1.34	1.8182	0.0051	3
1.345	1.8072	0.0054	3
1.35	1.8129	0.0065	1
1.355	1.8155	0.0073	3
1.365	1.8151	0.0094	2
1.37	1.8513	0.0106	2
1.375	1.8429	0.0107	2
1.385	1.8407	0.0095	3
1.39	1.8596	0.0089	3
1.395	1.8778	0.0087	3
1.4	1.8706	0.0085	3
1.405	1.8696	0.0081	3
1.41	1.8834	0.0082	3
1.415	1.8886	0.0087	2
1.42	1.8952	0.0075	3
1.425	1.8896	0.0069	3
1.43	1.8972	0.0064	3
1.435	1.912	0.0066	2
1.44	1.9251	0.0064	2
1.445	1.9291	0.0063	3
1.45	1.9207	0.0062	3
1.455	1.9402	0.006	3
1.46	1.916	0.0058	3
1.465	1.936	0.006	3
1.47	1.951	0.0062	3
1.475	1.9542	0.0064	3
1.48	1.9569	0.0061	3
1.485	1.9641	0.006	3
1.49	1.9674	0.0058	3
1.495	1.953	0.0062	3
1.5	1.9633	0.0059	1
1.505	1.9692	0.0058	1
1.51	1.977	0.0061	3
1.515	1.9786	0.006	3
1.52	1.9881	0.0057	3
1.525	1.9967	0.0057	3
1.53	2.007	0.0058	3
1.535	2.0058	0.0059	3
1.54	2.0093	0.0064	3
1.545	2.0178	0.0061	3
1.55	2.0047	0.0059	3
1.555	2.0111	0.0058	3
1.56	2.007	0.0059	3
1.565	2.0206	0.0061	3
1.57	2.0412	0.0059	3
1.575	2.0304	0.0061	3
1.58	2.0191	0.0061	3
1.585	2.0288	0.0064	3
1.59	2.0436	0.0062	3
1.595	2.0487	0.0063	3
1.6	2.0437	0.0063	3
1.605	2.0669	0.0065	3
1.61	2.0612	0.0067	3
1.615	2.0521	0.0064	3
1.62	2.076	0.0064	3
1.625	2.1059	0.0073	3
1.63	2.0827	0.0064	3
1.635	2.0843	0.0062	3
1.64	2.1026	0.0069	3
1.645	2.0957	0.0066	3
1.65	2.1081	0.0069	3
1.655	2.1232	0.0069	3
1.66	2.1078	0.0069	3
1.665	2.1081	0.0066	3
1.67	2.1024	0.0069	3
1.675	2.1249	0.0069	3
1.68	2.1106	0.007	3
1.685	2.1396	0.0071	3
1.69	2.143	0.0072	3
1.695	2.1236	0.0072	3
1.7	2.1168	0.0073	3
1.705	2.1448	0.0072	3
1.71	2.1262	0.0076	3
1.715	2.1214	0.0082	1
1.72	2.1474	0.0072	3
1.725	2.1927	0.0076	3
1.73	2.1789	0.0076	3
1.735	2.1444	0.0079	3
1.74	2.1591	0.0077	3
1.745	2.1797	0.0077	3
1.75	2.1897	0.0076	3
1.755	2.1931	0.0075	3
1.76	2.1827	0.0077	3
1.765	2.2184	0.0079	3
1.77	2.2004	0.0078	3
1.775	2.2066	0.0079	3
1.78	2.1891	0.0082	3
1.785	2.1827	0.0081	3
1.79	2.1979	0.0083	3
1.795	2.1967	0.0083	3
1.8	2.2103	0.0093	3
1.805	2.2178	0.01	2
1.81	2.2207	0.0097	3
1.815	2.2365	0.0105	3
1.82	2.2427	0.0111	3
1.825	2.2406	0.0114	1
1.83	2.2082	0.0146	2
1.835	2.235	0.0156	3
1.84	2.2205	0.0154	2
1.845	2.2128	0.0201	3
1.85	2.2336	0.0191	3
1.855	2.2248	0.0191	3
1.865	2.2108	0.0219	2
1.87	2.2689	0.0255	1
1.875	2.2846	0.0179	1
1.885	2.2864	0.0158	2
1.89	2.2354	0.0148	3
1.895	2.2454	0.0157	3
1.9	2.2539	0.0167	3
1.905	2.2393	0.0181	3
1.91	2.2616	0.0185	3
1.915	2.2572	0.0192	2
1.92	2.2394	0.0182	3
1.925	2.2498	0.0162	3
1.93	2.2759	0.014	1
1.935	2.2908	0.014	3
1.94	2.2711	0.0135	3
1.945	2.2825	0.0132	3
1.95	2.2867	0.0128	3
1.955	2.2943	0.014	3
1.96	2.235	0.0129	3
1.965	2.2736	0.0128	3
1.97	2.239	0.0116	3
1.975	2.2798	0.0111	3
1.98	2.289	0.0107	3
1.985	2.2718	0.0102	3
1.99	2.2728	0.0105	3
1.995	2.2923	0.0118	3
2	2.2872	0.0127	2
2.015	2.2832	0.0137	2
2.02	2.2838	0.0134	3
2.025	2.276	0.0117	3
2.03	2.2994	0.0112	3
2.035	2.279	0.0107	3
2.04	2.2777	0.0111	3
2.045	2.279	0.0115	3
2.05	2.3089	0.0116	3
2.055	2.2938	0.012	3
2.06	2.3189	0.0122	3
2.065	2.2843	0.0121	3
2.07	2.2769	0.0122	3
2.075	2.2928	0.0116	3
2.08	2.3233	0.0116	3
2.085	2.3322	0.0111	3
2.09	2.3069	0.0109	3
2.095	2.3143	0.0112	3
2.1	2.3063	0.0114	3
2.105	2.3319	0.011	3
2.11	2.3245	0.0113	3
2.115	2.3129	0.0116	3
2.12	2.3186	0.0112	3
2.125	2.3308	0.0115	3
2.13	2.3431	0.0115	3
2.135	2.3085	0.0115	3
2.14	2.3447	0.0114	3
2.145	2.3376	0.0115	3
2.15	2.3359	0.012	3
2.155	2.3491	0.0119	3
2.16	2.319	0.0122	3
2.165	2.3269	0.012	3
2.17	2.3585	0.0122	3
2.175	2.36	0.0127	3
2.18	2.3509	0.0128	3
2.185	2.3454	0.0126	3
2.19	2.322	0.0125	3
2.195	2.3379	0.0131	3
2.2	2.3579	0.0132	3
2.205	2.3889	0.0136	3
2.21	2.3807	0.0134	3
2.215	2.3709	0.0139	3
2.22	2.3937	0.0132	3
2.225	2.394	0.0134	3
2.23	2.3931	0.0134	3
2.235	2.3332	0.0136	1
2.24	2.3712	0.014	3
2.245	2.3865	0.0138	3
2.25	2.4046	0.014	3
2.255	2.3828	0.0139	3
2.26	2.4172	0.0144	3
2.265	2.4074	0.0145	3
2.27	2.3729	0.015	3
2.275	2.3831	0.0145	3
2.28	2.4034	0.0146	3
2.285	2.3903	0.0153	3
2.29	2.3926	0.0152	3
2.295	2.4221	0.0151	3
2.3	2.3911	0.016	3
2.305	2.4053	0.0158	3
2.31	2.4176	0.0154	3
2.315	2.3997	0.0153	3
2.32	2.3928	0.0162	3
2.325	2.4141	0.016	3
2.33	2.4016	0.0157	2
2.335	2.3946	0.0162	3
2.34	2.4103	0.0164	3
2.345	2.3813	0.0157	1
2.35	2.3734	0.0164	1
2.355	2.405	0.0158	2
2.36	2.4284	0.0176	3
2.365	2.4314	0.0171	3
2.375	2.4373	0.0171	2
2.38	2.4	0.0174	3
2.385	2.4002	0.0174	3
2.39	2.4078	0.0173	3
2.395	2.3876	0.0184	3
2.405	2.4377	0.018	2
2.41	2.3825	0.0178	3
2.415	2.3998	0.0184	3
2.42	2.4148	0.0187	3
2.43	2.3862	0.0179	3
2.435	2.3994	0.0201	3
2.44	2.4068	0.019	1
2.445	2.4131	0.019	3
2.455	2.3608	0.0178	1
2.46	2.4144	0.0205	2
2.465	2.379	0.0192	3
2.47	2.3641	0.0198	2
2.475	2.4356	0.0222	1
2.485	2.4285	0.0241	1
2.49	2.4285	0.0238	1
