0.435	0.728	0.0251	1
0.4375	0.7463	0.0227	1
0.44	0.77	0.0204	1
0.4425	0.7407	0.0176	1
0.445	0.7626	0.016	1
0.4475	0.775	0.0145	1
0.45	0.772	0.0129	1
0.4525	0.786	0.012	1
0.455	0.7929	0.0113	1
0.4575	0.7925	0.0103	1
0.46	0.8062	0.0097	1
0.4625	0.8154	0.009	1
0.465	0.806	0.0106	1
0.4675	0.8169	0.0103	1
0.47	0.8367	0.0077	1
0.4725	0.8455	0.0073	1
0.475	0.8494	0.0069	1
0.4775	0.8434	0.0065	1
0.48	0.8412	0.0061	1
0.4825	0.8547	0.0058	1
0.485	0.8681	0.0056	1
0.4875	0.8902	0.0057	1
0.49	0.8985	0.0057	1
0.4925	0.8703	0.0052	1
0.495	0.8858	0.005	1
0.4975	0.8868	0.0048	1
0.5	0.8967	0.0046	1
0.5025	0.9148	0.0046	1
0.505	0.9198	0.0045	1
0.5075	0.9148	0.0043	1
0.51	0.9176	0.0041	1
0.5125	0.9247	0.004	1
0.515	0.926	0.0039	1
0.5175	0.9439	0.0039	1
0.52	0.9514	0.0039	1
0.5225	0.9642	0.0039	1
0.525	0.9402	0.0046	1
0.5275	0.9426	0.0044	1
0.53	0.9511	0.0044	1
0.5325	0.9732	0.0061	1
0.535	0.9552	0.0058	1
0.5375	0.9652	0.0058	1
0.54	0.9764	0.0056	1
0.5425	0.9806	0.0031	1
0.545	0.9981	0.0031	1
0.5475	0.9953	0.003	1
0.55	1.0006	0.0029	1
0.5525	1.0133	0.0029	1
0.555	1.0168	0.0029	1
0.5575	1.0207	0.0028	1
0.56	1.0193	0.0028	1
0.5625	1.0325	0.0029	1
0.565	1.0295	0.0028	1
0.5675	1.0295	0.0027	1
0.57	1.0438	0.0027	1
0.5725	1.0469	0.0026	1
0.575	1.0479	0.0026	1
0.5775	1.0478	0.0026	1
0.58	1.0516	0.0025	1
0.5825	1.0553	0.0025	1
0.585	1.0631	0.0025	1
0.5875	1.0622	0.0024	1
0.59	1.0627	0.0024	1
0.5925	1.0711	0.0024	1
0.595	1.0796	0.0025	1
0.5975	1.0651	0.0024	1
0.6	1.0761	0.0023	1
0.6025	1.0842	0.0023	1
0.605	1.09	0.0023	1
0.6075	1.0936	0.0023	1
0.61	1.0946	0.0023	1
0.6125	1.1046	0.0023	1
0.615	1.1069	0.0023	1
0.6175	1.1069	0.0022	1
0.62	1.1146	0.0023	1
0.6225	1.1119	0.0022	1
0.625	1.1168	0.0022	1
0.6275	1.1186	0.0022	1
0.63	1.1236	0.0022	1
0.6325	1.1282	0.0022	1
0.635	1.1281	0.0022	1
0.6375	1.1341	0.0022	1
0.64	1.1424	0.0022	1
0.6425	1.14	0.0021	1
0.645	1.1467	0.0022	1
0.6475	1.1465	0.0021	1
0.65	1.1484	0.0021	1
0.6525	1.1546	0.0021	1
0.655	1.1619	0.0021	1
0.6575	1.1548	0.0021	1
0.66	1.1721	0.0022	1
0.6625	1.1689	0.0022	1
0.665	1.1698	0.0021	1
0.6675	1.1838	0.0021	1
0.67	1.1804	0.0021	1
0.6725	1.1803	0.0021	1
0.675	1.1883	0.0021	1
0.6775	1.1922	0.0021	1
0.68	1.1911	0.0021	1
0.6825	1.1992	0.0021	1
0.685	1.1993	0.0021	1
0.6875	1.191	0.0021	1
0.69	1.1967	0.0022	1
0.6925	1.2088	0.0023	1
0.695	1.1932	0.0022	1
0.6975	1.1994	0.0021	1
0.7	1.2033	0.0021	1
0.7025	1.2093	0.0021	1
0.705	1.2123	0.0022	1
0.7075	1.2132	0.0021	1
0.71	1.2186	0.0022	1
0.7125	1.2219	0.0022	1
0.715	1.2156	0.0022	1
0.7175	1.2155	0.0036	1
0.72	1.2135	0.0037	1
0.7325	1.2172	0.0029	1
0.735	1.2205	0.0023	1
0.7375	1.2207	0.0023	1
0.74	1.232	0.0024	1
0.7425	1.2324	0.0024	1
0.745	1.2389	0.0024	1
0.7475	1.2287	0.0024	1
0.75	1.2279	0.0024	1
0.7525	1.2276	0.0024	1
0.755	1.2354	0.0024	1
0.7575	1.2307	0.0024	1
0.7625	1.2265	0.0059	1
0.765	1.2134	0.0055	1
0.7675	1.2105	0.0034	1
0.77	1.2027	0.0031	1
0.7725	1.2098	0.0025	1
0.775	1.2071	0.0025	1
0.7775	1.1985	0.0025	1
0.78	1.209	0.0026	1
0.7825	1.207	0.0026	1
0.785	1.203	0.0026	1
0.7875	1.1953	0.0026	1
0.79	1.1974	0.0026	1
0.7925	1.1977	0.0027	1
0.795	1.1917	0.0027	1
0.8	1.1874	0.0027	1
0.8025	1.1774	0.0027	1
0.805	1.1817	0.0027	1
0.8075	1.1713	0.0027	1
0.81	1.178	0.0027	1
0.82	1.1666	0.0036	3
0.825	1.1662	0.0034	6
0.83	1.1517	0.0031	8
0.835	1.1436	0.003	8
0.84	1.1378	0.003	8
0.845	1.1344	0.0031	8
0.85	1.1325	0.0034	8
0.855	1.121	0.0031	8
0.86	1.1151	0.0032	8
0.865	1.1169	0.0032	8
0.87	1.1134	0.0031	8
0.875	1.1043	0.003	8
0.88	1.1067	0.0031	8
0.885	1.1056	0.0028	8
0.89	1.1054	0.003	8
0.895	1.1039	0.0028	8
0.9	1.1062	0.0027	8
0.905	1.0995	0.0026	8
0.91	1.0983	0.0025	8
0.915	1.0969	0.0026	8
0.92	1.0966	0.0027	8
0.925	1.0943	0.0029	8
0.93	1.0924	0.0028	8
0.935	1.0929	0.0026	8
0.94	1.0921	0.0029	8
0.945	1.0896	0.0025	8
0.95	1.0947	0.0025	8
0.955	1.0944	0.0024	8
0.96	1.0987	0.0025	8
0.965	1.1035	0.0025	8
0.97	1.1012	0.0024	8
0.975	1.0997	0.0024	8
0.98	1.1014	0.0023	8
0.985	1.0959	0.0023	8
0.99	1.1044	0.0026	8
0.995	1.1102	0.0024	8
1	1.1124	0.0024	8
1.005	1.1159	0.0022	8
1.01	1.1219	0.0022	7
1.015	1.1135	0.0022	8
1.02	1.117	0.0023	8
1.025	1.1226	0.0022	8
1.03	1.1243	0.0021	8
1.035	1.1257	0.0021	8
1.04	1.1307	0.0022	8
1.045	1.129	0.0023	8
1.05	1.1313	0.0023	8
1.055	1.1394	0.0023	8
1.06	1.1409	0.0022	8
1.065	1.1409	0.0021	8
1.07	1.1438	0.0021	8
1.075	1.145	0.0021	8
1.08	1.1459	0.0019	4
1.085	1.1591	0.0023	8
1.09	1.1692	0.0022	8
1.095	1.1714	0.0022	8
1.1	1.1717	0.0022	8
1.105	1.1785	0.0026	7
1.11	1.1882	0.0027	7
1.115	1.1968	0.0029	5
1.12	1.1892	0.0032	3
1.125	1.2199	0.0028	4
1.13	1.2143	0.0024	7
1.135	1.2121	0.0025	8
1.14	1.2201	0.0025	8
1.145	1.2281	0.0025	8
1.15	1.2308	0.0024	8
1.155	1.2335	0.0024	8
1.16	1.2432	0.0024	8
1.165	1.2494	0.0024	8
1.17	1.2519	0.0023	8
1.175	1.2593	0.0022	8
1.18	1.2598	0.0021	8
1.185	1.2649	0.0021	8
1.19	1.2699	0.0022	8
1.195	1.2747	0.0022	8
1.2	1.2743	0.0021	8
1.205	1.2755	0.0021	8
1.21	1.2791	0.0023	8
1.215	1.2813	0.0023	8
1.22	1.2912	0.0021	8
1.225	1.2927	0.0024	8
1.23	1.2954	0.0022	8
1.235	1.2964	0.0022	8
1.24	1.2996	0.0023	8
1.245	1.3072	0.0025	8
1.25	1.3043	0.0023	8
1.255	1.3096	0.0024	8
1.26	1.3125	0.0022	8
1.265	1.3127	0.0026	8
1.27	1.3093	0.0026	8
1.275	1.3179	0.0023	8
1.28	1.3263	0.0024	7
1.285	1.3237	0.0024	8
1.29	1.3296	0.0024	8
1.295	1.3371	0.0023	8
1.3	1.3441	0.0025	8
1.305	1.3462	0.0025	8
1.31	1.3496	0.0026	8
1.315	1.3498	0.0025	7
1.32	1.3526	0.0024	8
1.325	1.3656	0.0026	8
1.33	1.3739	0.0027	8
1.335	1.3812	0.0032	8
1.34	1.3844	0.0034	7
1.345	1.3957	0.0039	5
1.35	1.4041	0.0047	1
1.355	1.3966	0.005	3
1.365	1.3946	0.0047	4
1.37	1.3867	0.005	6
1.375	1.3914	0.0048	3
1.38	1.3939	0.0045	8
1.385	1.4029	0.0044	8
1.39	1.4072	0.0045	7
1.395	1.4068	0.0043	8
1.4	1.4205	0.0041	8
1.405	1.4178	0.0041	8
1.41	1.4136	0.0043	5
1.415	1.4211	0.0037	7
1.42	1.4204	0.0039	5
1.425	1.4216	0.0038	8
1.43	1.4335	0.0033	8
1.435	1.4424	0.0032	8
1.44	1.4406	0.0032	8
1.445	1.4517	0.0033	7
1.45	1.4487	0.0029	4
1.455	1.4483	0.0036	8
1.46	1.456	0.0032	8
1.465	1.4614	0.0033	6
1.47	1.4666	0.0032	7
1.475	1.4626	0.0031	7
1.48	1.4699	0.003	8
1.485	1.4625	0.0031	8
1.49	1.4723	0.0032	8
1.495	1.4755	0.003	8
1.5	1.4704	0.0029	8
1.505	1.4684	0.0031	8
1.51	1.4764	0.0029	8
1.515	1.4812	0.0031	8
1.52	1.4804	0.0031	8
1.525	1.4901	0.0029	8
1.53	1.4917	0.0031	8
1.535	1.4969	0.0028	8
1.54	1.495	0.003	8
1.545	1.4967	0.0031	8
1.55	1.4946	0.0031	8
1.555	1.4944	0.0028	8
1.56	1.4955	0.003	8
1.565	1.5002	0.003	8
1.57	1.4972	0.0031	8
1.575	1.4883	0.0031	8
1.58	1.4907	0.0033	8
1.585	1.4842	0.0033	8
1.59	1.4903	0.0031	7
1.595	1.4921	0.0031	8
1.6	1.4931	0.0034	8
1.605	1.4926	0.0031	8
1.61	1.4928	0.0032	8
1.615	1.49	0.0031	8
1.62	1.4948	0.0031	8
1.625	1.4954	0.0032	8
1.63	1.4997	0.0034	8
1.635	1.4975	0.0034	8
1.64	1.5009	0.0034	8
1.645	1.4961	0.0031	8
1.65	1.4864	0.0036	7
1.655	1.4947	0.0031	8
1.66	1.4924	0.0031	8
1.665	1.4888	0.0038	8
1.67	1.4914	0.0034	8
1.675	1.4962	0.0033	8
1.68	1.486	0.0034	8
1.685	1.4895	0.0032	8
1.69	1.4935	0.0034	8
1.695	1.4879	0.0035	8
1.7	1.4779	0.0034	8
1.705	1.4778	0.0034	8
1.71	1.4731	0.0033	8
1.715	1.4791	0.0033	8
1.72	1.48	0.0035	8
1.725	1.4799	0.0033	8
1.73	1.4797	0.0033	8
1.735	1.4849	0.0037	8
1.74	1.4793	0.0035	8
1.745	1.478	0.0038	8
1.75	1.474	0.0037	8
1.755	1.4685	0.0035	8
1.76	1.459	0.0036	8
1.765	1.4645	0.0036	8
1.77	1.4628	0.0036	8
1.775	1.46	0.003	4
1.78	1.4575	0.0036	8
1.785	1.4602	0.0038	8
1.79	1.4581	0.0041	8
1.795	1.4624	0.004	7
1.8	1.4556	0.0045	8
1.805	1.452	0.0047	6
1.81	1.462	0.0048	5
1.815	1.4589	0.0058	8
1.82	1.4611	0.0056	7
1.825	1.4596	0.0056	7
1.83	1.4611	0.0076	3
1.835	1.4621	0.0091	4
1.84	1.4578	0.0075	4
1.845	1.4515	0.0069	8
1.85	1.46	0.0065	7
1.855	1.4618	0.0069	3
1.86	1.4562	0.0075	5
1.865	1.4487	0.0093	5
1.87	1.4569	0.01	2
1.875	1.4541	0.0108	3
1.88	1.4382	0.0077	3
1.885	1.4487	0.0065	7
1.89	1.45	0.0063	7
1.895	1.4572	0.0072	6
1.9	1.4468	0.0076	8
1.905	1.4531	0.0074	6
1.91	1.4506	0.0069	8
1.915	1.4457	0.006	7
1.92	1.4489	0.0065	8
1.925	1.443	0.006	7
1.93	1.4467	0.0052	8
1.935	1.4437	0.005	8
1.94	1.4378	0.0047	8
1.945	1.4366	0.0049	6
1.95	1.4495	0.0053	1
1.955	1.4345	0.0057	3
1.96	1.438	0.0054	8
1.965	1.4401	0.0052	8
1.97	1.4455	0.0054	8
1.975	1.4418	0.0047	8
1.98	1.4493	0.0043	8
1.985	1.448	0.0042	8
1.99	1.4396	0.0053	7
1.995	1.4419	0.0061	4
2	1.4618	0.0096	1
2.005	1.4433	0.0074	3
2.01	1.4426	0.0062	6
2.015	1.446	0.0058	7
2.02	1.4449	0.006	6
2.025	1.4426	0.0047	7
2.03	1.4481	0.0047	8
2.035	1.4532	0.0046	8
2.04	1.4533	0.0046	8
2.045	1.4547	0.0052	7
2.05	1.4526	0.0055	5
2.055	1.4492	0.0049	7
2.06	1.4552	0.0047	8
2.065	1.4583	0.0046	8
2.07	1.4639	0.0046	8
2.075	1.459	0.0046	8
2.08	1.458	0.0045	8
2.085	1.4692	0.0044	8
2.09	1.4699	0.0044	8
2.095	1.4635	0.0044	8
2.1	1.4659	0.0044	8
2.105	1.4698	0.0045	8
2.11	1.4691	0.0044	8
2.115	1.4691	0.0044	8
2.12	1.4704	0.0045	8
2.125	1.4762	0.0045	8
2.13	1.4686	0.0045	8
2.135	1.4768	0.0045	8
2.14	1.4841	0.0048	8
2.145	1.4789	0.0047	8
2.15	1.4774	0.0047	8
2.155	1.48	0.0049	8
2.16	1.4822	0.005	8
2.165	1.4904	0.0048	8
2.17	1.4887	0.0049	8
2.175	1.4873	0.005	8
2.18	1.4825	0.0048	8
2.185	1.4865	0.0049	8
2.19	1.4884	0.0049	8
2.195	1.484	0.0051	8
2.2	1.4849	0.0052	8
2.205	1.4833	0.0052	8
2.21	1.4871	0.0052	8
2.215	1.4948	0.0051	8
2.22	1.4957	0.0051	8
2.225	1.4943	0.0054	8
2.23	1.4918	0.0052	8
2.235	1.4952	0.0052	8
2.24	1.5005	0.0054	8
2.245	1.495	0.0053	8
2.25	1.4967	0.0054	8
2.255	1.4954	0.0054	8
2.26	1.4962	0.0055	8
2.265	1.5002	0.0055	8
2.27	1.5029	0.0056	8
2.275	1.5029	0.0055	8
2.28	1.5023	0.0058	8
2.285	1.5045	0.0058	8
2.29	1.5049	0.0061	8
2.295	1.5057	0.0059	8
2.3	1.5016	0.0057	8
2.305	1.5082	0.0058	8
2.31	1.5127	0.0059	8
2.315	1.5052	0.006	8
2.32	1.5091	0.0062	8
2.325	1.4929	0.0073	5
2.33	1.4982	0.0095	6
2.335	1.5176	0.0077	8
2.34	1.5098	0.0065	7
2.345	1.5073	0.0062	8
2.35	1.5098	0.0063	8
2.355	1.5159	0.0063	8
2.36	1.516	0.0064	8
2.365	1.5071	0.0066	8
2.37	1.5051	0.0068	7
2.375	1.513	0.0065	8
2.38	1.5161	0.0065	8
2.385	1.513	0.0064	8
2.39	1.5168	0.0064	8
2.395	1.5188	0.0065	8
2.4	1.5265	0.007	6
2.405	1.5245	0.0072	7
2.41	1.5144	0.0076	8
2.415	1.5137	0.0067	8
2.42	1.5128	0.0074	7
2.425	1.5219	0.0068	7
2.43	1.5199	0.0064	5
2.435	1.508	0.0079	5
2.44	1.5125	0.0072	5
2.445	1.5085	0.0078	8
2.45	1.5197	0.0079	6
2.455	1.5122	0.0092	2
2.46	1.5028	0.0064	2
2.465	1.4993	0.0079	5
2.47	1.5043	0.0069	2
2.475	1.5034	0.0073	2
2.48	1.506	0.0088	4
