0.482	0.878	0.023	1
0.485	0.893	0.022	1
0.488	0.917	0.021	1
0.49	0.905	0.02	1
0.493	0.909	0.02	1
0.495	0.89	0.019	1
0.498	0.908	0.019	1
0.5	0.918	0.019	1
0.502	0.929	0.019	1
0.505	0.892	0.019	1
0.507	0.881	0.019	1
0.51	0.929	0.019	1
0.512	0.916	0.019	1
0.515	0.927	0.019	1
0.517	0.96	0.019	1
0.52	0.985	0.02	1
0.522	0.965	0.019	1
0.525	0.968	0.019	1
0.527	0.981	0.019	1
0.53	0.994	0.019	1
0.533	0.975	0.019	1
0.535	1.002	0.019	1
0.538	0.994	0.019	1
0.54	0.987	0.019	1
0.543	0.994	0.019	1
0.545	0.993	0.019	1
0.548	0.981	0.018	1
0.55	0.995	0.019	1
0.553	0.999	0.019	1
0.555	1.007	0.016	1
0.558	0.996	0.01	1
0.56	0.996	0.009	1
0.562	1.057	0.013	1
0.565	1.032	0.019	1
0.567	1.041	0.018	1
0.57	1.048	0.017	1
0.572	1.037	0.018	1
0.575	1.032	0.018	1
0.577	1.035	0.018	1
0.58	1.038	0.018	1
0.582	1.043	0.018	1
0.585	1.047	0.018	1
0.587	1.058	0.016	1
0.59	1.083	0.014	1
0.592	1.111	0.014	1
0.595	1.091	0.017	1
0.598	1.076	0.017	1
0.6	1.073	0.017	1
0.603	1.082	0.018	1
0.605	1.1	0.018	1
0.608	1.078	0.018	1
0.61	1.075	0.019	1
0.613	1.094	0.019	1
0.615	1.095	0.018	1
0.618	1.104	0.018	1
0.62	1.122	0.019	1
0.623	1.111	0.018	1
0.625	1.118	0.017	1
0.627	1.108	0.018	1
0.63	1.125	0.023	1
0.632	1.132	0.024	1
0.635	1.145	0.02	1
0.637	1.14	0.022	1
0.64	1.136	0.021	1
0.642	1.134	0.02	1
0.645	1.137	0.02	1
0.647	1.138	0.019	1
0.65	1.143	0.019	1
0.652	1.137	0.019	1
0.655	1.166	0.018	1
0.66	1.186	0.019	1
0.663	1.149	0.02	1
0.665	1.15	0.02	1
0.668	1.157	0.021	1
0.67	1.165	0.021	1
0.673	1.165	0.021	1
0.675	1.188	0.021	1
0.678	1.173	0.021	1
0.68	1.18	0.02	1
0.683	1.179	0.018	1
0.685	1.184	0.017	1
0.688	1.195	0.018	1
0.69	1.215	0.019	1
0.692	1.238	0.018	1
0.695	1.248	0.018	1
0.697	1.197	0.019	1
0.7	1.196	0.02	1
0.702	1.208	0.02	1
0.705	1.211	0.019	1
0.707	1.21	0.02	1
0.71	1.206	0.02	1
0.712	1.199	0.02	1
0.715	1.203	0.02	1
0.717	1.186	0.022	1
0.72	1.218	0.019	1
0.723	1.25	0.015	1
0.725	1.228	0.015	1
0.728	1.246	0.015	1
0.73	1.235	0.016	1
0.733	1.235	0.015	1
0.735	1.235	0.015	1
0.738	1.213	0.017	1
0.745	1.183	0.018	1
0.748	1.172	0.018	1
0.75	1.173	0.018	1
0.752	1.179	0.019	1
0.755	1.155	0.019	1
0.757	1.099	0.02	1
0.76	1.162	0.021	1
0.767	1.104	0.015	1
0.77	1.063	0.014	1
0.772	1.079	0.015	1
0.775	1.121	0.015	1
0.777	1.078	0.015	1
0.78	1.027	0.015	1
0.783	1.04	0.014	1
0.785	1.023	0.015	1
0.788	0.954	0.015	1
0.79	1.01	0.015	1
0.793	1.022	0.016	1
0.795	0.981	0.016	1
0.798	0.973	0.016	1
0.8	0.987	0.017	1
0.803	0.955	0.019	1
0.81	0.904	0.023	1
0.812	0.889	0.023	1
0.815	0.877	0.024	1
0.817	0.848	0.024	1
0.82	0.829	0.025	1
0.822	0.834	0.018	1
0.825	0.809	0.015	1
0.827	0.81	0.015	1
0.83	0.878	0.015	1
0.832	0.873	0.015	1
0.835	0.7876	0.0079	1
0.84	0.7571	0.007	2
0.845	0.7261	0.0069	2
0.85	0.7102	0.0069	2
0.855	0.7058	0.0067	2
0.86	0.6948	0.0071	2
0.865	0.685	0.0073	2
0.87	0.6854	0.0071	2
0.875	0.6727	0.0067	2
0.88	0.6598	0.0066	2
0.885	0.6553	0.006	2
0.89	0.6559	0.0063	2
0.895	0.6419	0.0058	2
0.9	0.6413	0.0056	2
0.905	0.6355	0.0057	2
0.91	0.6356	0.0054	2
0.915	0.6355	0.0056	2
0.92	0.6305	0.0059	2
0.925	0.6245	0.0056	2
0.93	0.621	0.0056	2
0.935	0.6094	0.0082	2
0.94	0.6345	0.0057	2
0.945	0.6426	0.0054	2
0.95	0.6456	0.0058	2
0.955	0.6574	0.0055	2
0.96	0.6583	0.0059	2
0.965	0.6681	0.0052	2
0.97	0.6818	0.0055	2
0.975	0.6893	0.0052	2
0.98	0.7002	0.0052	2
0.985	0.7161	0.0052	2
0.99	0.7335	0.0051	2
0.995	0.7504	0.0053	2
1	0.7691	0.0057	2
1.005	0.7926	0.0055	2
1.01	0.8127	0.0053	2
1.015	0.8267	0.0057	2
1.02	0.8467	0.0057	2
1.025	0.87	0.0057	2
1.03	0.8954	0.0061	2
1.035	0.9033	0.0068	2
1.04	0.9319	0.006	2
1.045	0.9592	0.0062	2
1.05	0.9869	0.0058	2
1.055	1.0082	0.0061	2
1.06	1.0269	0.006	2
1.065	1.0514	0.0062	2
1.07	1.0724	0.0062	2
1.075	1.096	0.0064	2
1.08	1.1026	0.0072	2
1.085	1.1085	0.0076	2
1.09	1.1307	0.0065	2
1.095	1.152	0.0064	2
1.1	1.1718	0.0069	2
1.105	1.1864	0.0072	2
1.11	1.1926	0.0087	2
1.115	1.2015	0.0102	2
1.12	1.2132	0.0093	2
1.125	1.2304	0.0088	2
1.13	1.2343	0.0071	2
1.135	1.2446	0.0075	2
1.14	1.2587	0.0078	2
1.145	1.2702	0.0091	2
1.15	1.269	0.0084	2
1.155	1.2713	0.0072	2
1.16	1.2916	0.0072	2
1.165	1.3007	0.007	2
1.17	1.311	0.0067	2
1.175	1.3139	0.0068	2
1.18	1.3137	0.0066	2
1.185	1.3173	0.0066	2
1.19	1.3268	0.0069	2
1.195	1.3314	0.007	2
1.2	1.3257	0.0068	2
1.205	1.3395	0.0068	2
1.21	1.3395	0.0069	2
1.215	1.343	0.0073	2
1.22	1.3495	0.0068	2
1.225	1.3465	0.0067	2
1.23	1.3608	0.0068	2
1.235	1.3808	0.0075	2
1.24	1.3854	0.0068	2
1.245	1.3894	0.007	2
1.25	1.3919	0.0069	2
1.255	1.3832	0.0071	2
1.265	1.3605	0.0069	1
1.27	1.3985	0.0071	2
1.275	1.4146	0.0082	2
1.28	1.4172	0.0079	2
1.285	1.4072	0.007	2
1.29	1.4217	0.0069	2
1.295	1.4351	0.007	2
1.3	1.4369	0.0073	2
1.305	1.4416	0.0072	2
1.31	1.4476	0.0071	2
1.315	1.4441	0.0071	2
1.32	1.4458	0.0073	2
1.325	1.4473	0.0079	2
1.33	1.4586	0.0078	2
1.335	1.4557	0.0078	2
1.34	1.4146	0.0093	1
1.345	1.4111	0.0099	1
1.36	1.4422	0.0205	1
1.385	1.4302	0.0129	2
1.39	1.4224	0.0121	2
1.405	1.4202	0.0109	2
1.41	1.4419	0.0104	2
1.415	1.4416	0.0102	2
1.42	1.4158	0.0094	2
1.425	1.4215	0.0095	2
1.43	1.4273	0.0089	2
1.435	1.4176	0.0096	2
1.44	1.4064	0.0086	2
1.445	1.403	0.0085	2
1.45	1.4011	0.0089	2
1.455	1.4069	0.0083	2
1.46	1.4011	0.0077	2
1.465	1.3902	0.0079	2
1.47	1.3812	0.0083	2
1.475	1.3778	0.0088	2
1.48	1.3701	0.0085	2
1.485	1.3534	0.0084	2
1.49	1.341	0.0086	2
1.495	1.3201	0.0084	2
1.5	1.3169	0.0076	2
1.505	1.3151	0.0076	2
1.51	1.3077	0.0075	2
1.515	1.2969	0.0078	2
1.52	1.2907	0.0084	2
1.525	1.3031	0.0087	2
1.53	1.2943	0.0075	2
1.535	1.2792	0.0076	2
1.54	1.255	0.0076	2
1.545	1.2334	0.0073	2
1.55	1.2177	0.0076	2
1.555	1.2168	0.0075	2
1.56	1.2198	0.0071	2
1.565	1.2081	0.0079	2
1.57	1.1935	0.0076	2
1.575	1.177	0.0073	2
1.58	1.1571	0.007	2
1.585	1.1413	0.0075	2
1.59	1.1459	0.0073	2
1.595	1.1459	0.0071	2
1.6	1.131	0.0069	2
1.605	1.1078	0.0072	2
1.61	1.1007	0.008	2
1.615	1.0866	0.0073	2
1.62	1.0904	0.0071	2
1.625	1.0881	0.0071	2
1.63	1.059	0.0074	2
1.635	1.0391	0.0076	2
1.64	1.0467	0.007	2
1.645	1.0443	0.0069	2
1.65	1.0371	0.0076	2
1.655	1.0284	0.0078	2
1.66	1.0141	0.0071	2
1.665	1.0086	0.0078	2
1.67	1	0.007	2
1.675	0.9866	0.007	2
1.68	0.9683	0.0078	2
1.685	0.9678	0.0079	2
1.69	0.9572	0.0069	2
1.695	0.9593	0.0072	2
1.7	0.9555	0.0076	2
1.705	0.9363	0.0069	2
1.71	0.9288	0.0071	2
1.715	0.9237	0.0073	2
1.72	0.9092	0.0075	2
1.725	0.9098	0.0076	2
1.73	0.8986	0.0071	2
1.735	0.888	0.007	2
1.74	0.8899	0.0072	2
1.745	0.8974	0.0075	2
1.75	0.904	0.0075	2
1.755	0.8901	0.0074	2
1.76	0.8733	0.0066	2
1.765	0.8742	0.0066	2
1.77	0.8685	0.0069	2
1.775	0.8628	0.0076	2
1.78	0.8515	0.007	2
1.785	0.8476	0.0075	2
1.79	0.8398	0.0073	2
1.795	0.8183	0.0078	2
1.8	0.8111	0.0076	2
1.805	0.799	0.0077	2
1.81	0.8055	0.009	2
1.815	0.8239	0.0093	2
1.82	0.8365	0.0097	2
1.825	0.815	0.0099	2
1.83	0.8096	0.0124	2
1.835	0.8231	0.0146	2
1.84	0.8099	0.0137	2
1.845	0.7859	0.0129	2
1.855	0.7943	0.0151	2
1.86	0.7842	0.0125	2
1.865	0.7866	0.0132	1
1.87	0.7851	0.0159	2
1.875	0.7974	0.0163	1
1.88	0.7969	0.0167	1
1.885	0.7724	0.0109	1
1.89	0.7752	0.0115	2
1.895	0.8029	0.0172	1
1.9	0.7931	0.0141	1
1.905	0.7704	0.0133	2
1.91	0.8028	0.0128	2
1.915	0.7916	0.0122	2
1.92	0.7638	0.0121	2
1.925	0.7621	0.011	2
1.93	0.788	0.0107	2
1.935	0.7953	0.0096	2
1.94	0.8066	0.0099	2
1.945	0.801	0.0098	2
1.95	0.7961	0.0117	2
1.955	0.8011	0.0116	2
1.96	0.7783	0.011	2
1.965	0.7778	0.0102	2
1.97	0.7835	0.0096	2
1.975	0.801	0.01	2
1.98	0.7978	0.0091	2
1.985	0.7987	0.0084	2
1.99	0.8066	0.0092	2
2	0.8069	0.0118	1
2.005	0.7872	0.014	2
2.01	0.7771	0.0122	2
2.015	0.7944	0.0126	2
2.025	0.8116	0.011	1
2.03	0.8318	0.01	2
2.035	0.849	0.0101	2
2.04	0.8464	0.0104	2
2.045	0.8249	0.0124	1
2.05	0.8015	0.0114	2
2.055	0.8221	0.0107	2
2.06	0.8349	0.0103	2
2.065	0.8261	0.0109	2
2.07	0.8409	0.0112	2
2.075	0.8376	0.0101	2
2.08	0.842	0.0102	2
2.085	0.8651	0.0098	2
2.09	0.8665	0.0102	2
2.095	0.8681	0.0098	2
2.1	0.8698	0.0098	2
2.105	0.8681	0.0092	2
2.11	0.8899	0.0114	2
2.115	0.8971	0.0106	2
2.12	0.8595	0.0108	1
2.125	0.872	0.0105	1
2.13	0.8825	0.0101	2
2.135	0.8994	0.0108	2
2.14	0.9373	0.0111	2
2.145	0.9231	0.0108	2
2.15	0.9068	0.0109	2
2.155	0.9157	0.0106	2
2.16	0.9322	0.011	2
2.165	0.9673	0.0126	2
2.17	0.9824	0.0127	2
2.175	0.9788	0.0117	2
2.18	0.9673	0.0117	2
2.185	0.9672	0.0113	2
2.19	0.9454	0.0138	2
2.195	0.9537	0.0123	2
2.2	0.9796	0.0124	2
2.205	1.0027	0.0125	2
2.21	0.9942	0.0119	2
2.215	1.0178	0.0126	2
2.22	1.0314	0.0128	2
2.225	1.02	0.0126	2
2.23	1.0614	0.0151	2
2.235	1.0472	0.0134	2
2.24	1.0424	0.0134	2
2.245	1.0728	0.0143	2
2.25	1.0506	0.0155	2
2.255	1.0491	0.0143	2
2.26	1.0736	0.0158	2
2.265	1.1012	0.0148	2
2.27	1.105	0.0151	2
2.275	1.1321	0.0166	2
2.28	1.1025	0.0156	2
2.285	1.0875	0.0145	2
2.29	1.1424	0.0154	2
2.295	1.1451	0.016	2
2.3	1.1596	0.0166	2
2.305	1.1367	0.0153	2
2.31	1.1377	0.0157	2
2.315	1.156	0.0172	2
2.32	1.1834	0.017	2
2.325	1.1972	0.0174	2
2.33	1.1766	0.0167	2
2.335	1.2084	0.0186	2
2.34	1.2057	0.0181	2
2.345	1.2063	0.0187	2
2.35	1.2312	0.0188	2
2.36	1.2694	0.0181	1
2.365	1.2484	0.019	2
2.37	1.2378	0.02	1
2.385	1.2664	0.0187	1
2.395	1.2822	0.0198	1
2.4	1.3239	0.0198	1
2.405	1.3114	0.0193	1
2.41	1.3109	0.0204	2
2.42	1.3385	0.0204	2
2.425	1.3745	0.022	1
2.43	1.3505	0.0209	1
2.435	1.3563	0.0222	2
2.44	1.3496	0.0215	1
2.445	1.386	0.0221	2
2.465	1.3694	0.022	2
2.475	1.3805	0.0263	1
2.48	1.4096	0.0271	1
2.485	1.4241	0.0289	1
