0.435	0.7563	0.0768	1
0.4375	0.8927	0.0713	1
0.44	0.8474	0.0628	1
0.4425	0.6651	0.0549	1
0.445	0.7356	0.0508	1
0.4475	0.8334	0.0458	1
0.45	0.8565	0.0408	1
0.4525	0.8588	0.0384	1
0.455	0.8238	0.0358	1
0.4575	0.7914	0.0327	1
0.46	0.8096	0.0307	1
0.4625	0.8241	0.0282	1
0.465	0.8376	0.027	1
0.4675	0.8912	0.026	1
0.47	0.8738	0.0243	1
0.4725	0.8904	0.023	1
0.475	0.8803	0.0213	1
0.4775	0.8734	0.0202	1
0.48	0.8857	0.0191	1
0.4825	0.9071	0.0179	1
0.485	0.7637	0.017	1
0.4875	0.8678	0.0173	1
0.49	0.8669	0.0171	1
0.4925	0.8962	0.0156	1
0.495	0.8822	0.015	1
0.4975	0.9026	0.0143	1
0.5	0.9112	0.019	1
0.5025	0.9258	0.0187	1
0.505	0.9505	0.0185	1
0.5075	0.9162	0.0174	1
0.51	0.962	0.012	1
0.5125	0.9108	0.0116	1
0.515	0.9493	0.0112	1
0.5175	0.9557	0.011	1
0.52	0.9337	0.0111	1
0.5225	0.965	0.011	1
0.525	0.9891	0.0103	1
0.5275	0.964	0.0098	1
0.53	0.9729	0.0097	1
0.5325	1.025	0.0095	1
0.535	0.9802	0.0089	1
0.5375	1.0063	0.0088	1
0.54	1.013	0.0085	1
0.5425	0.9958	0.0083	1
0.545	1.0039	0.0083	1
0.5475	0.9894	0.008	1
0.55	1.0068	0.0078	1
0.5525	1.0071	0.0076	1
0.555	1.0074	0.0075	1
0.5575	0.9947	0.0074	1
0.56	0.9833	0.0075	1
0.5625	1.0071	0.0076	1
0.565	1.0308	0.0074	1
0.5675	1.0109	0.0069	1
0.57	1.044	0.0068	1
0.5725	1.0399	0.0067	1
0.575	1.0301	0.0066	1
0.5775	1.0326	0.0064	1
0.58	1.0398	0.0063	1
0.5825	1.0331	0.0062	1
0.585	1.0349	0.0061	1
0.5875	1.0308	0.0059	1
0.59	1.0398	0.0059	1
0.5925	1.0468	0.0061	1
0.595	1.0781	0.0061	1
0.5975	1.0475	0.0058	1
0.6	1.0462	0.0057	1
0.6025	1.0704	0.0056	1
0.605	1.0762	0.0056	1
0.6075	1.0735	0.0055	1
0.61	1.0472	0.0054	1
0.6125	1.0721	0.0053	1
0.615	1.0869	0.0053	1
0.6175	1.0749	0.0053	1
0.62	1.0803	0.0053	1
0.6225	1.0865	0.0052	1
0.625	1.0671	0.0051	1
0.6275	1.0757	0.0051	1
0.63	1.0898	0.0052	1
0.6325	1.0708	0.0052	1
0.635	1.0829	0.0052	1
0.6375	1.0954	0.0051	1
0.64	1.102	0.005	1
0.6425	1.099	0.0049	1
0.645	1.1015	0.0049	1
0.6475	1.1002	0.0049	1
0.65	1.1006	0.0048	1
0.6525	1.1165	0.0049	1
0.655	1.1115	0.0048	1
0.6575	1.0855	0.0048	1
0.66	1.1358	0.005	1
0.6625	1.1228	0.0048	1
0.665	1.1192	0.0047	1
0.6675	1.1183	0.0046	1
0.67	1.126	0.0046	1
0.6725	1.131	0.0046	1
0.675	1.1446	0.0046	1
0.6775	1.1499	0.0046	1
0.68	1.1444	0.0046	1
0.6825	1.1351	0.0046	1
0.685	1.1489	0.0046	1
0.6875	1.1121	0.0046	1
0.69	1.1473	0.0049	1
0.6925	1.1669	0.0049	1
0.695	1.1605	0.0047	1
0.6975	1.1528	0.0047	1
0.7	1.1448	0.0046	1
0.7025	1.1622	0.0047	1
0.705	1.1829	0.0047	1
0.7075	1.1726	0.0047	1
0.71	1.1503	0.0047	1
0.7125	1.1518	0.0047	1
0.715	1.1658	0.0047	1
0.7175	1.1436	0.0047	1
0.72	1.167	0.005	1
0.7225	1.1929	0.0051	1
0.725	1.1719	0.0051	1
0.7275	1.1705	0.0053	1
0.73	1.166	0.0053	1
0.7325	1.1803	0.0053	1
0.735	1.1783	0.0053	1
0.7375	1.1621	0.0052	1
0.74	1.147	0.0052	1
0.7425	1.1621	0.0052	1
0.745	1.1636	0.0052	1
0.7475	1.1572	0.0052	1
0.75	1.1687	0.0052	1
0.7525	1.1672	0.0053	1
0.755	1.153	0.0053	1
0.7575	1.1463	0.0075	1
0.76	1.1894	0.0091	1
0.7625	1.1774	0.0105	1
0.765	1.1341	0.0095	1
0.7675	1.1303	0.0083	1
0.77	1.1391	0.008	1
0.7725	1.1328	0.0057	1
0.775	1.1072	0.0058	1
0.7775	1.0801	0.0058	1
0.78	1.0816	0.0058	1
0.7825	1.0638	0.0059	1
0.785	1.0808	0.006	1
0.7875	1.0334	0.006	1
0.79	1.0324	0.0061	1
0.7925	1.0524	0.0061	1
0.795	1.0688	0.0062	1
0.7975	1.0315	0.0061	1
0.8	1.0099	0.0061	1
0.8025	1.0128	0.0061	1
0.805	1.0199	0.0061	1
0.8075	1.0174	0.006	1
0.81	0.9994	0.006	1
0.8125	0.9742	0.0061	1
0.815	0.9918	0.0063	1
0.8175	0.963	0.0063	1
0.82	0.9725	0.0064	1
0.8225	0.9623	0.0065	1
0.825	0.9528	0.0066	1
0.8275	0.9473	0.0069	1
0.83	0.9168	0.0072	1
0.8325	0.934	0.0073	1
0.835	0.9478	0.0057	8
0.84	0.9368	0.0058	8
0.845	0.919	0.0052	8
0.85	0.8978	0.0058	8
0.855	0.876	0.0056	5
0.865	0.859	0.0058	8
0.87	0.8402	0.0054	8
0.875	0.838	0.0055	8
0.88	0.8227	0.0048	8
0.885	0.8091	0.0046	8
0.89	0.7965	0.0044	8
0.895	0.7922	0.0045	8
0.9	0.786	0.0041	8
0.905	0.7844	0.0043	8
0.91	0.7813	0.0043	8
0.915	0.7786	0.0042	8
0.92	0.7706	0.0044	8
0.925	0.7643	0.0044	8
0.93	0.7644	0.0045	8
0.935	0.758	0.0043	8
0.94	0.7727	0.0044	8
0.945	0.7752	0.0043	8
0.95	0.7797	0.0043	8
0.955	0.7947	0.0047	8
0.96	0.7981	0.004	8
0.965	0.8127	0.0042	8
0.97	0.8157	0.004	8
0.975	0.8285	0.0041	8
0.98	0.8332	0.004	8
0.985	0.8551	0.0041	8
0.99	0.871	0.0041	8
0.995	0.8835	0.0039	8
1	0.8999	0.004	8
1.005	0.9182	0.0038	8
1.01	0.938	0.0041	8
1.015	0.9587	0.0041	8
1.02	0.977	0.0043	8
1.025	0.992	0.004	8
1.03	1.0129	0.0039	8
1.035	1.0344	0.0043	8
1.04	1.0542	0.004	8
1.045	1.077	0.0043	8
1.05	1.0946	0.0042	8
1.055	1.113	0.004	8
1.06	1.1262	0.0042	8
1.065	1.1455	0.0041	8
1.07	1.1695	0.004	8
1.075	1.1837	0.0041	8
1.08	1.2	0.0041	8
1.085	1.215	0.0043	8
1.09	1.2276	0.0045	8
1.095	1.2484	0.0041	8
1.1	1.2677	0.0048	8
1.105	1.2751	0.0046	8
1.11	1.2918	0.0051	8
1.115	1.2974	0.0051	8
1.12	1.311	0.005	8
1.125	1.3256	0.0048	8
1.13	1.3356	0.0052	8
1.135	1.3478	0.0051	8
1.14	1.3575	0.0047	8
1.145	1.369	0.0049	8
1.15	1.3742	0.0048	8
1.155	1.3732	0.0047	8
1.16	1.3848	0.0048	8
1.165	1.3947	0.0048	8
1.17	1.4059	0.0045	8
1.175	1.4134	0.0042	8
1.18	1.4212	0.0041	8
1.185	1.4233	0.0044	8
1.19	1.4215	0.0043	8
1.195	1.4234	0.0041	8
1.2	1.4315	0.0041	8
1.205	1.4263	0.0053	7
1.21	1.4353	0.0037	3
1.215	1.4499	0.0041	8
1.22	1.4601	0.0044	8
1.225	1.4669	0.0045	8
1.23	1.4702	0.0044	8
1.235	1.4732	0.0043	8
1.24	1.4848	0.0044	8
1.245	1.4845	0.0046	7
1.25	1.4945	0.0043	8
1.255	1.498	0.0045	8
1.26	1.4995	0.0045	8
1.265	1.5021	0.0045	8
1.27	1.5115	0.0046	8
1.275	1.5181	0.0049	8
1.28	1.5337	0.0043	7
1.285	1.5475	0.0046	7
1.29	1.5527	0.0046	8
1.295	1.5559	0.0047	8
1.3	1.5586	0.0045	8
1.305	1.5645	0.0051	8
1.31	1.5747	0.0049	8
1.315	1.5745	0.0047	8
1.32	1.5883	0.0047	8
1.325	1.5935	0.0047	8
1.33	1.604	0.0051	8
1.335	1.6051	0.0054	8
1.34	1.6032	0.006	8
1.345	1.6022	0.0063	7
1.35	1.605	0.0072	6
1.355	1.6205	0.0097	6
1.36	1.6053	0.0113	6
1.365	1.6181	0.0093	5
1.375	1.6082	0.0107	5
1.38	1.6274	0.0088	7
1.385	1.6147	0.0088	8
1.39	1.6178	0.0081	5
1.395	1.6342	0.0077	6
1.4	1.6299	0.0077	8
1.405	1.615	0.0076	8
1.41	1.6115	0.0076	6
1.415	1.62	0.0075	8
1.42	1.6234	0.007	5
1.43	1.6326	0.0062	4
1.44	1.625	0.0066	8
1.445	1.6204	0.0061	8
1.45	1.6131	0.0062	7
1.455	1.6137	0.0059	7
1.46	1.611	0.0059	8
1.465	1.6184	0.0055	4
1.47	1.6044	0.0061	8
1.475	1.5979	0.0062	8
1.48	1.5995	0.0061	8
1.485	1.5864	0.0053	8
1.49	1.5724	0.0055	8
1.495	1.5671	0.0055	8
1.5	1.5594	0.0054	8
1.505	1.5663	0.0054	8
1.51	1.5553	0.0056	8
1.515	1.536	0.0053	8
1.52	1.5393	0.0053	8
1.525	1.5347	0.0054	8
1.53	1.5332	0.0056	8
1.535	1.5199	0.0051	8
1.54	1.5204	0.0055	8
1.545	1.5139	0.0053	8
1.55	1.4962	0.0057	8
1.555	1.5013	0.0054	8
1.56	1.4868	0.0053	8
1.565	1.4791	0.0057	8
1.57	1.4556	0.0052	8
1.575	1.449	0.0053	8
1.58	1.4447	0.0054	8
1.585	1.4303	0.0055	8
1.59	1.411	0.0058	8
1.595	1.3995	0.0051	8
1.6	1.4183	0.0057	8
1.605	1.3963	0.0056	8
1.61	1.3988	0.0064	8
1.615	1.368	0.0051	8
1.62	1.3772	0.0056	8
1.625	1.3532	0.0056	8
1.63	1.361	0.0056	8
1.635	1.3576	0.0059	8
1.64	1.3566	0.0057	8
1.645	1.3436	0.0056	8
1.65	1.3433	0.0057	8
1.655	1.3299	0.0056	8
1.66	1.3112	0.0053	8
1.665	1.3016	0.0054	8
1.67	1.2916	0.0053	8
1.675	1.2847	0.0053	8
1.68	1.2828	0.0056	8
1.685	1.2782	0.0057	8
1.69	1.2608	0.0057	8
1.695	1.2447	0.0054	8
1.7	1.2357	0.0061	8
1.705	1.2458	0.0058	8
1.71	1.2264	0.006	8
1.715	1.2276	0.0055	8
1.72	1.2302	0.0062	8
1.725	1.2356	0.0071	8
1.73	1.2018	0.0056	8
1.735	1.2081	0.0072	8
1.74	1.1991	0.0063	8
1.745	1.1779	0.0061	8
1.75	1.1828	0.0058	8
1.755	1.1645	0.0062	8
1.76	1.1672	0.0057	8
1.765	1.1624	0.0058	8
1.77	1.149	0.0058	8
1.775	1.1479	0.0058	8
1.78	1.1448	0.0067	8
1.785	1.1433	0.0059	8
1.79	1.1201	0.0059	8
1.795	1.1099	0.0073	8
1.8	1.1143	0.0076	8
1.805	1.1141	0.0073	8
1.81	1.0993	0.0078	8
1.815	1.1297	0.0083	8
1.82	1.1181	0.0094	8
1.825	1.0981	0.0086	8
1.83	1.1093	0.0116	7
1.835	1.0908	0.0112	8
1.84	1.0596	0.0116	4
1.845	1.0632	0.0113	4
1.85	1.1101	0.0147	6
1.855	1.108	0.0148	1
1.86	1.0857	0.0117	7
1.87	1.0653	0.0151	6
1.875	1.0716	0.0152	7
1.88	1.0579	0.0137	2
1.885	1.0513	0.0117	7
1.89	1.0676	0.0103	8
1.895	1.0536	0.0107	7
1.9	1.0629	0.0135	8
1.905	1.0831	0.0156	3
1.91	1.0842	0.0151	1
1.915	1.0638	0.0105	8
1.92	1.0346	0.0117	8
1.925	1.0456	0.011	8
1.93	1.0719	0.009	8
1.935	1.0587	0.0086	8
1.94	1.0625	0.0087	8
1.945	1.0479	0.0082	8
1.95	1.0333	0.0102	8
1.955	1.041	0.0097	8
1.96	1.0329	0.011	8
1.965	1.0447	0.0092	8
1.97	1.0326	0.0081	8
1.975	1.06	0.0075	8
1.98	1.056	0.0071	8
1.985	1.0428	0.0079	8
1.99	1.0456	0.0076	8
1.995	1.041	0.0096	8
2	1.0425	0.0096	5
2.005	1.0299	0.0115	3
2.01	1.0322	0.0104	1
2.015	1.0769	0.0094	8
2.02	1.077	0.0097	7
2.025	1.064	0.0082	7
2.03	1.0449	0.0084	8
2.035	1.0536	0.0075	8
2.04	1.0635	0.008	8
2.045	1.065	0.0076	8
2.05	1.0647	0.0085	8
2.055	1.0594	0.0082	8
2.06	1.0796	0.0086	8
2.065	1.0938	0.0093	8
2.07	1.0727	0.008	8
2.075	1.0779	0.0073	8
2.08	1.094	0.0079	8
2.085	1.1025	0.0074	8
2.09	1.1108	0.0079	8
2.095	1.1221	0.0077	8
2.1	1.1251	0.0076	8
2.105	1.1267	0.0083	8
2.11	1.1382	0.0105	8
2.115	1.1293	0.0083	8
2.12	1.1334	0.0082	8
2.125	1.1362	0.0079	8
2.13	1.1372	0.0078	8
2.135	1.1491	0.0081	8
2.14	1.1676	0.0081	8
2.145	1.1851	0.0085	7
2.15	1.172	0.0085	8
2.155	1.1478	0.0096	6
2.16	1.1787	0.0088	8
2.165	1.194	0.0085	8
2.17	1.1856	0.0088	8
2.175	1.1956	0.0084	8
2.18	1.2244	0.0091	8
2.185	1.233	0.0112	8
2.19	1.207	0.009	8
2.195	1.2132	0.0092	8
2.2	1.2329	0.0096	8
2.205	1.2434	0.0103	8
2.21	1.2604	0.0104	8
2.215	1.2705	0.0103	7
2.22	1.2418	0.01	8
2.225	1.269	0.0101	8
2.23	1.2754	0.0096	8
2.235	1.2827	0.0098	8
2.24	1.2798	0.0101	8
2.245	1.3046	0.0102	8
2.25	1.3023	0.0107	8
2.255	1.2895	0.0113	8
2.26	1.3042	0.0112	8
2.265	1.3055	0.012	8
2.27	1.3109	0.0107	8
2.275	1.3384	0.0106	8
2.28	1.3417	0.0116	8
2.285	1.3251	0.0128	8
2.29	1.3413	0.0117	8
2.295	1.3481	0.012	8
2.3	1.3568	0.0122	8
2.305	1.3527	0.0114	8
2.31	1.3615	0.01	6
2.315	1.3904	0.0116	8
2.32	1.3732	0.012	6
2.325	1.3821	0.0125	7
2.33	1.3888	0.0128	7
2.335	1.4106	0.0127	8
2.34	1.3903	0.0107	2
2.345	1.4472	0.0133	8
2.35	1.4251	0.0124	8
2.355	1.4309	0.0152	8
2.36	1.4238	0.0124	8
2.365	1.4521	0.0132	8
2.37	1.4488	0.0136	8
2.38	1.4624	0.0141	8
2.385	1.4718	0.0137	8
2.39	1.4596	0.0128	8
2.395	1.4871	0.0137	8
2.4	1.4634	0.014	8
2.405	1.5041	0.0129	8
2.41	1.5099	0.0134	8
2.415	1.491	0.0191	1
2.42	1.4794	0.0154	5
2.425	1.5093	0.0147	8
2.43	1.5187	0.0152	8
2.435	1.5195	0.0126	5
2.44	1.5195	0.0137	8
