0.4375	0.8286	0.0701	1
0.44	0.7898	0.0624	1
0.4425	0.8116	0.0544	1
0.445	0.7797	0.0478	1
0.4475	0.7499	0.0427	1
0.45	0.7813	0.0383	1
0.4525	0.9085	0.035	1
0.455	0.8118	0.0324	1
0.4575	0.8409	0.0298	1
0.46	0.7638	0.0273	1
0.4625	0.8031	0.0253	1
0.465	0.8784	0.0236	1
0.4675	0.892	0.0225	1
0.47	0.8948	0.0213	1
0.4725	0.8706	0.0199	1
0.475	0.9048	0.0186	1
0.4775	0.9361	0.0175	1
0.48	0.9182	0.0164	1
0.4825	0.9119	0.0155	1
0.485	0.8837	0.0149	1
0.4875	0.8995	0.0149	1
0.49	0.9079	0.0144	1
0.4925	0.9032	0.0134	1
0.495	0.8763	0.0128	1
0.4975	0.8849	0.0122	1
0.5	0.9304	0.0117	1
0.5025	0.9441	0.0115	1
0.505	0.916	0.0112	1
0.5075	0.9145	0.0105	1
0.51	0.9057	0.0102	1
0.5125	0.9181	0.0098	1
0.515	0.9275	0.0096	1
0.5175	0.9466	0.0096	1
0.52	0.9864	0.0097	1
0.5225	0.9385	0.0092	1
0.545	0.9856	0.0084	1
0.5475	0.984	0.007	1
0.55	1.0018	0.0069	1
0.5525	1.0118	0.0068	1
0.555	1.0266	0.0067	1
0.5575	1.0131	0.0066	1
0.56	1.0083	0.007	1
0.5625	1.0089	0.007	1
0.565	1.0168	0.0066	1
0.5675	1.0304	0.0062	1
0.57	1.0835	0.0061	1
0.5725	1.054	0.006	1
0.575	1.0408	0.0059	1
0.5775	1.0512	0.0058	1
0.58	1.0542	0.0058	1
0.5825	1.0375	0.0057	1
0.585	1.0463	0.0056	1
0.5875	1.057	0.0055	1
0.59	1.0623	0.0056	1
0.5925	1.0524	0.0057	1
0.595	1.0466	0.0055	1
0.5975	1.0324	0.0054	1
0.6	1.0633	0.0053	1
0.6025	1.0542	0.0052	1
0.605	1.0595	0.0052	1
0.6075	1.0604	0.0051	1
0.61	1.0765	0.005	1
0.6125	1.0743	0.005	1
0.615	1.0557	0.005	1
0.6175	1.085	0.005	1
0.62	1.079	0.005	1
0.6225	1.0699	0.0049	1
0.625	1.0985	0.0049	1
0.6275	1.0954	0.0049	1
0.63	1.093	0.0049	1
0.6325	1.1005	0.0049	1
0.635	1.0887	0.0049	1
0.6375	1.109	0.0048	1
0.64	1.0837	0.0047	1
0.6425	1.104	0.0047	1
0.645	1.1115	0.0047	1
0.6475	1.1303	0.0047	1
0.65	1.1334	0.0047	1
0.6525	1.095	0.0047	1
0.655	1.1067	0.0046	1
0.6575	1.1506	0.0048	1
0.66	1.1192	0.0048	1
0.6625	1.1063	0.0045	1
0.665	1.1405	0.0045	1
0.6675	1.1395	0.0045	1
0.67	1.1279	0.0045	1
0.6725	1.1419	0.0045	1
0.675	1.1424	0.0045	1
0.6775	1.108	0.0044	1
0.68	1.1536	0.0045	1
0.6825	1.1718	0.0045	1
0.685	1.1463	0.0045	1
0.6875	1.1808	0.0047	1
0.69	1.1792	0.005	1
0.6925	1.1188	0.0047	1
0.695	1.1269	0.0046	1
0.6975	1.1737	0.0046	1
0.7	1.1341	0.0046	1
0.7025	1.1698	0.0046	1
0.705	1.168	0.0046	1
0.7075	1.1797	0.0047	1
0.71	1.1713	0.0046	1
0.7125	1.1713	0.0046	1
0.715	1.1877	0.0047	1
0.7175	1.1899	0.0048	1
0.72	1.2109	0.005	1
0.7225	1.2101	0.005	1
0.725	1.217	0.0051	1
0.7275	1.203	0.0052	1
0.73	1.1866	0.0053	1
0.7325	1.2215	0.0053	1
0.735	1.2025	0.0053	1
0.7375	1.1782	0.0053	1
0.74	1.1975	0.0053	1
0.7425	1.2153	0.0053	1
0.745	1.1827	0.0053	1
0.7475	1.1877	0.0053	1
0.75	1.1762	0.0053	1
0.7525	1.1955	0.0053	1
0.755	1.1803	0.0054	1
0.7575	1.194	0.0055	1
0.76	1.2421	0.012	1
0.7625	1.1873	0.0139	1
0.765	1.1728	0.0124	1
0.7675	1.1466	0.0108	1
0.77	1.1502	0.0103	1
0.7725	1.1765	0.0058	1
0.775	1.1696	0.0059	1
0.7775	1.1677	0.0059	1
0.78	1.1744	0.0059	1
0.7825	1.1575	0.006	1
0.785	1.1545	0.0061	1
0.7875	1.1826	0.0062	1
0.79	1.1617	0.0063	1
0.7925	1.1699	0.0063	1
0.795	1.1721	0.0063	1
0.7975	1.122	0.0063	1
0.8	1.1426	0.0064	1
0.8025	1.146	0.0064	1
0.805	1.1479	0.0064	1
0.8075	1.1401	0.0064	1
0.81	1.1474	0.0064	1
0.8125	1.1515	0.0065	1
0.815	1.158	0.0067	1
0.8175	1.1376	0.0067	1
0.82	1.1471	0.0068	1
0.8225	1.1612	0.0069	1
0.825	1.1266	0.007	1
0.8275	1.1638	0.0073	1
0.83	1.1452	0.0075	1
0.8325	1.1639	0.0077	1
0.835	1.1579	0.0077	1
0.8375	1.1468	0.0079	1
0.84	1.1183	0.0078	1
0.8425	1.0927	0.0079	1
0.845	1.108	0.008	1
0.8475	1.1125	0.008	1
0.85	1.0868	0.0066	5
0.855	1.0812	0.0063	5
0.86	1.0726	0.0065	5
0.865	1.0737	0.0067	5
0.87	1.0604	0.0068	5
0.875	1.0551	0.0064	5
0.88	1.0521	0.0063	5
0.885	1.049	0.0061	5
0.89	1.0506	0.0057	5
0.895	1.0516	0.0056	5
0.9	1.0487	0.0061	4
0.905	1.0496	0.0055	5
0.91	1.0517	0.0059	5
0.915	1.0411	0.0057	5
0.92	1.0388	0.0056	5
0.925	1.0435	0.006	5
0.93	1.0427	0.0057	5
0.935	1.0423	0.0058	5
0.94	1.0402	0.0058	5
0.945	1.0505	0.0056	5
0.95	1.0409	0.0058	5
0.955	1.0428	0.0058	5
0.96	1.0545	0.0052	5
0.965	1.0546	0.0056	5
0.97	1.0529	0.0051	5
0.975	1.061	0.0052	5
0.98	1.0634	0.0054	5
0.985	1.0702	0.0049	5
0.99	1.0763	0.005	5
0.995	1.084	0.0052	5
1	1.0807	0.0053	5
1.005	1.0862	0.0048	5
1.01	1.0922	0.0046	5
1.015	1.0878	0.0046	5
1.02	1.0902	0.0046	5
1.025	1.0933	0.005	5
1.03	1.1018	0.0047	5
1.035	1.1005	0.0048	5
1.04	1.1006	0.0049	5
1.045	1.1075	0.0049	5
1.05	1.1065	0.0052	5
1.055	1.1033	0.0049	5
1.06	1.1098	0.0048	5
1.065	1.1131	0.0047	5
1.07	1.1172	0.0045	5
1.075	1.1211	0.0046	5
1.08	1.1235	0.0046	5
1.085	1.1161	0.0054	4
1.09	1.131	0.0049	5
1.095	1.1343	0.0048	5
1.1	1.1425	0.0044	5
1.105	1.1427	0.0045	5
1.11	1.1459	0.0046	5
1.115	1.1487	0.0048	4
1.12	1.1611	0.006	4
1.125	1.1624	0.0057	5
1.13	1.1568	0.0057	5
1.135	1.1747	0.0062	5
1.14	1.1824	0.0054	5
1.145	1.1868	0.0062	4
1.15	1.1809	0.0053	5
1.155	1.1794	0.0052	5
1.16	1.1925	0.0047	5
1.165	1.1943	0.0045	5
1.17	1.2048	0.0049	5
1.175	1.1997	0.0052	5
1.18	1.2074	0.0045	5
1.185	1.211	0.0046	5
1.19	1.2123	0.0043	5
1.195	1.2151	0.0048	5
1.2	1.2068	0.0048	5
1.205	1.2175	0.0044	5
1.21	1.2183	0.0044	5
1.215	1.2183	0.0044	5
1.22	1.2158	0.0046	5
1.225	1.2208	0.0046	5
1.23	1.2275	0.0046	5
1.235	1.2268	0.0057	5
1.24	1.2299	0.0047	5
1.245	1.2373	0.0047	5
1.25	1.2392	0.0045	5
1.255	1.242	0.0048	5
1.26	1.2328	0.0045	5
1.265	1.2361	0.0053	5
1.27	1.2317	0.0046	5
1.275	1.2287	0.0046	5
1.28	1.2285	0.0051	4
1.285	1.2332	0.0046	5
1.29	1.2393	0.0045	5
1.295	1.2425	0.005	5
1.3	1.2423	0.0048	5
1.305	1.2445	0.0053	5
1.31	1.2545	0.0048	5
1.315	1.2605	0.0047	4
1.32	1.2595	0.0047	5
1.325	1.2651	0.0049	5
1.33	1.2625	0.0054	5
1.335	1.2645	0.0051	5
1.34	1.2735	0.005	5
1.345	1.2633	0.0052	3
1.35	1.273	0.0063	2
1.355	1.2636	0.0082	2
1.36	1.2655	0.012	1
1.365	1.2648	0.0078	1
1.38	1.2714	0.0064	1
1.385	1.2844	0.0086	2
1.39	1.2872	0.0092	2
1.395	1.2954	0.0107	3
1.4	1.2838	0.0101	4
1.405	1.2837	0.0108	5
1.41	1.2755	0.0086	5
1.415	1.2829	0.0075	4
1.42	1.2835	0.0071	5
1.425	1.2947	0.0069	5
1.43	1.2923	0.0067	5
1.435	1.3048	0.0067	5
1.44	1.3	0.0068	5
1.445	1.2943	0.0071	5
1.45	1.2962	0.0071	5
1.455	1.2927	0.0062	5
1.46	1.3038	0.0065	5
1.465	1.2981	0.0065	5
1.47	1.2859	0.0058	5
1.475	1.2893	0.0058	5
1.48	1.2882	0.0067	5
1.485	1.2929	0.0065	5
1.49	1.2798	0.0067	2
1.495	1.2993	0.0055	5
1.5	1.3026	0.0057	5
1.505	1.2952	0.0055	5
1.51	1.2882	0.0064	5
1.515	1.294	0.0054	5
1.52	1.3028	0.0056	5
1.525	1.3036	0.0056	5
1.53	1.2935	0.0052	5
1.535	1.304	0.0057	5
1.54	1.3	0.0054	5
1.545	1.2953	0.0052	5
1.55	1.3014	0.0053	5
1.555	1.2958	0.0052	5
1.56	1.2994	0.0054	5
1.565	1.2932	0.0059	5
1.57	1.2935	0.0059	5
1.575	1.2925	0.0053	5
1.58	1.2815	0.0058	5
1.585	1.2899	0.0054	5
1.59	1.2774	0.0057	5
1.595	1.2724	0.0056	5
1.6	1.2773	0.0055	5
1.605	1.2747	0.0066	5
1.61	1.2694	0.0063	5
1.615	1.2719	0.0055	5
1.62	1.2736	0.0066	5
1.625	1.2886	0.0059	5
1.63	1.2936	0.0057	5
1.635	1.2921	0.0071	5
1.64	1.2816	0.0057	5
1.645	1.2714	0.0057	5
1.65	1.2732	0.0059	5
1.655	1.28	0.0058	5
1.66	1.2623	0.0059	5
1.665	1.2605	0.0058	5
1.67	1.262	0.0055	5
1.675	1.2653	0.0062	5
1.68	1.2641	0.0058	5
1.685	1.2612	0.0059	5
1.69	1.2549	0.0058	5
1.695	1.2401	0.0057	5
1.7	1.2382	0.0063	5
1.705	1.2429	0.0061	5
1.71	1.2564	0.0062	5
1.715	1.2423	0.0067	5
1.72	1.2333	0.0072	5
1.725	1.249	0.0061	5
1.73	1.2469	0.006	5
1.735	1.2537	0.007	5
1.74	1.2607	0.0076	3
1.745	1.2466	0.0064	5
1.75	1.2424	0.007	5
1.755	1.2446	0.0069	5
1.76	1.2282	0.006	5
1.765	1.2305	0.0062	5
1.77	1.2254	0.0063	5
1.775	1.2299	0.0064	5
1.78	1.2278	0.0067	5
1.785	1.2297	0.0071	5
1.79	1.2166	0.0073	5
1.795	1.2236	0.0075	5
1.8	1.2009	0.0067	2
1.805	1.2053	0.008	4
1.81	1.2172	0.0095	5
1.815	1.2146	0.0101	5
1.82	1.2146	0.0128	4
1.825	1.203	0.0088	1
1.83	1.1974	0.0149	3
1.835	1.2186	0.0169	2
1.84	1.2168	0.0212	4
1.845	1.2234	0.0117	1
1.85	1.2305	0.0126	1
1.855	1.2284	0.0192	4
1.86	1.2189	0.021	3
1.865	1.2216	0.0229	3
1.87	1.2283	0.0217	2
1.875	1.2218	0.0278	1
1.88	1.2141	0.0193	2
1.885	1.2181	0.0165	3
1.89	1.1946	0.0145	5
1.895	1.2027	0.0168	4
1.9	1.2207	0.0131	3
1.905	1.2224	0.0172	5
1.91	1.2036	0.0103	1
1.915	1.2073	0.0165	5
1.92	1.2226	0.0143	2
1.925	1.2112	0.0115	3
1.93	1.2126	0.0125	5
1.935	1.214	0.0128	5
1.94	1.2109	0.0105	5
1.945	1.2188	0.0117	5
1.95	1.2116	0.0105	5
1.955	1.208	0.0103	5
1.96	1.2158	0.0108	5
1.965	1.2137	0.01	5
1.97	1.205	0.0109	5
1.975	1.1956	0.0088	5
1.98	1.2091	0.0102	5
1.985	1.2019	0.0092	5
1.99	1.2075	0.0083	5
1.995	1.1869	0.01	2
2	1.21	0.0104	5
2.005	1.2143	0.0119	5
2.01	1.2086	0.0131	5
2.015	1.2088	0.0117	5
2.02	1.207	0.0117	3
2.025	1.2018	0.01	4
2.04	1.2104	0.0088	5
2.045	1.2135	0.0095	5
2.05	1.1938	0.0088	4
2.055	1.226	0.0101	5
2.06	1.199	0.0104	2
2.065	1.1971	0.01	5
2.07	1.2164	0.0088	5
2.075	1.2118	0.0085	5
2.08	1.2132	0.0093	5
2.085	1.222	0.0084	5
2.09	1.2196	0.0086	5
2.095	1.2231	0.0087	5
2.1	1.2301	0.0085	5
2.105	1.2308	0.0084	5
2.11	1.2201	0.0084	5
2.115	1.2137	0.009	5
2.12	1.2307	0.0087	5
2.125	1.2402	0.0096	5
2.13	1.2135	0.0095	5
2.135	1.228	0.0086	5
2.14	1.2316	0.0086	5
2.145	1.2467	0.0098	4
2.15	1.2408	0.0094	5
2.155	1.2295	0.0098	5
2.16	1.2305	0.0095	5
2.165	1.239	0.0097	5
2.17	1.2412	0.01	5
2.175	1.2283	0.0103	5
2.18	1.2142	0.0118	4
2.185	1.2396	0.0107	5
2.19	1.2425	0.0098	5
2.195	1.2411	0.0098	5
2.2	1.2337	0.0112	5
2.205	1.2255	0.0122	5
2.21	1.2289	0.0114	5
2.215	1.2418	0.0103	5
2.22	1.2416	0.0109	5
2.225	1.2457	0.0105	5
2.23	1.2324	0.0116	5
2.235	1.2262	0.0098	5
2.24	1.233	0.0106	5
2.245	1.2514	0.01	5
2.25	1.2332	0.0108	5
2.255	1.2406	0.0127	5
2.26	1.2478	0.0113	5
2.265	1.2518	0.0111	5
2.27	1.256	0.0126	5
2.275	1.2404	0.0127	5
2.28	1.2431	0.0137	5
2.285	1.2341	0.0115	5
2.29	1.2437	0.0131	5
2.295	1.2328	0.0148	5
2.3	1.2333	0.0117	5
2.305	1.2593	0.0116	5
2.31	1.2543	0.0114	5
2.315	1.2652	0.0121	5
2.32	1.2542	0.0126	5
2.325	1.2562	0.0113	5
2.33	1.2645	0.0121	5
2.335	1.2411	0.0125	5
2.34	1.2434	0.0119	5
2.345	1.2355	0.0121	5
2.35	1.2618	0.0125	5
2.355	1.2478	0.0122	5
2.36	1.2524	0.0119	5
2.365	1.2495	0.0127	5
2.37	1.2681	0.0124	5
2.375	1.2715	0.0135	5
2.38	1.2435	0.0137	5
2.385	1.2556	0.0146	5
2.39	1.2671	0.0155	2
2.395	1.2594	0.0127	5
2.4	1.244	0.0137	5
2.405	1.2422	0.0151	5
2.41	1.2461	0.0141	5
2.415	1.2689	0.0128	1
2.42	1.2679	0.0144	5
2.425	1.2417	0.0136	5
2.43	1.252	0.0144	5
2.435	1.2675	0.0155	4
2.44	1.2628	0.0166	2
2.445	1.2634	0.0143	5
2.45	1.2663	0.0165	5
2.455	1.2583	0.0146	5
2.46	1.2655	0.0171	3
2.465	1.2538	0.0138	5
2.47	1.2414	0.0143	5
2.475	1.2416	0.0146	3
2.48	1.238	0.0175	5
2.485	1.2292	0.0163	2
2.49	1.2571	0.0193	5
