0.450000	0.807380	0.006421
0.455000	0.817099	0.006384
0.460000	0.827091	0.006370
0.465000	0.837301	0.006366
0.470000	0.847680	0.006365
0.475000	0.858175	0.006363
0.480000	0.868739	0.006359
0.485000	0.879323	0.006353
0.490000	0.889883	0.006346
0.495000	0.900376	0.006340
0.500000	0.910764	0.006334
0.505000	0.921011	0.006330
0.510000	0.931087	0.006327
0.515000	0.940965	0.006325
0.520000	0.950624	0.006325
0.525000	0.960047	0.006324
0.530000	0.969223	0.006324
0.535000	0.978146	0.006324
0.540000	0.986814	0.006324
0.545000	0.995233	0.006323
0.550000	1.003411	0.006322
0.555000	1.011362	0.006320
0.560000	1.019103	0.006319
0.565000	1.026657	0.006317
0.570000	1.034046	0.006316
0.575000	1.041299	0.006315
0.580000	1.048443	0.006315
0.585000	1.055507	0.006314
0.590000	1.062520	0.006314
0.595000	1.069510	0.006314
0.600000	1.076505	0.006314
0.605000	1.083526	0.006314
0.610000	1.090596	0.006314
0.615000	1.097729	0.006313
0.620000	1.104939	0.006313
0.625000	1.112230	0.006313
0.630000	1.119604	0.006312
0.635000	1.127055	0.006312
0.640000	1.134572	0.006311
0.645000	1.142136	0.006311
0.650000	1.149724	0.006311
0.655000	1.157306	0.006310
0.660000	1.164846	0.006310
0.665000	1.172305	0.006310
0.670000	1.179636	0.006310
0.675000	1.186794	0.006310
0.680000	1.193726	0.006310
0.685000	1.200381	0.006310
0.690000	1.206704	0.006310
0.695000	1.212644	0.006310
0.700000	1.218149	0.006309
0.705000	1.223170	0.006309
0.710000	1.227660	0.006309
0.715000	1.231577	0.006309
0.720000	1.234887	0.006308
0.725000	1.237556	0.006308
0.730000	1.239561	0.006307
0.735000	1.240883	0.006307
0.740000	1.241513	0.006306
0.745000	1.241446	0.006305
0.750000	1.240687	0.006303
0.755000	1.239248	0.006302
0.760000	1.237147	0.006300
0.765000	1.234410	0.006298
0.770000	1.231068	0.006296
0.775000	1.227160	0.006294
0.780000	1.222727	0.006292
0.785000	1.217819	0.006290
0.790000	1.212486	0.006288
0.795000	1.206781	0.006286
0.800000	1.200762	0.006284
0.805000	1.194486	0.006283
0.810000	1.188012	0.006282
0.815000	1.181396	0.006281
0.820000	1.174697	0.006281
0.825000	1.167971	0.006281
0.830000	1.161269	0.006281
0.835000	1.154645	0.006281
0.840000	1.148144	0.006281
0.845000	1.141812	0.006281
0.850000	1.135690	0.006281
0.855000	1.129812	0.006281
0.860000	1.124213	0.006281
0.865000	1.118919	0.006281
0.870000	1.113955	0.006281
0.875000	1.109340	0.006281
0.880000	1.105089	0.006282
0.885000	1.101214	0.006283
0.890000	1.097721	0.006284
0.895000	1.094615	0.006286
0.900000	1.091895	0.006289
0.905000	1.089559	0.006293
0.910000	1.087599	0.006298
0.915000	1.086007	0.006304
0.920000	1.084771	0.006310
0.925000	1.083879	0.006318
0.930000	1.083314	0.006325
0.935000	1.083061	0.006334
0.940000	1.083101	0.006342
0.945000	1.083417	0.006350
0.950000	1.083989	0.006358
0.955000	1.084799	0.006366
0.960000	1.085829	0.006373
0.965000	1.087061	0.006379
0.970000	1.088479	0.006384
0.975000	1.090069	0.006388
0.980000	1.091816	0.006391
0.985000	1.093710	0.006394
0.990000	1.095741	0.006395
0.995000	1.097903	0.006397
1.000000	1.100191	0.006397
1.005000	1.102603	0.006398
1.010000	1.105140	0.006398
1.015000	1.107804	0.006398
1.020000	1.110600	0.006398
1.025000	1.113536	0.006398
1.030000	1.116618	0.006398
1.035000	1.119858	0.006398
1.040000	1.123265	0.006398
1.045000	1.126850	0.006399
1.050000	1.130624	0.006399
1.055000	1.134596	0.006400
1.060000	1.138774	0.006400
1.065000	1.143167	0.006401
1.070000	1.147777	0.006401
1.075000	1.152607	0.006402
1.080000	1.157655	0.006402
1.085000	1.162917	0.006402
1.090000	1.168384	0.006403
1.095000	1.174043	0.006403
1.100000	1.179878	0.006403
1.105000	1.185870	0.006404
1.110000	1.191993	0.006404
1.115000	1.198223	0.006404
1.120000	1.204528	0.006404
1.125000	1.210876	0.006404
1.130000	1.217235	0.006404
1.135000	1.223569	0.006404
1.140000	1.229844	0.006405
1.145000	1.236025	0.006405
1.150000	1.242081	0.006405
1.155000	1.247980	0.006406
1.160000	1.253696	0.006406
1.165000	1.259206	0.006406
1.170000	1.264491	0.006407
1.175000	1.269538	0.006407
1.180000	1.274340	0.006407
1.185000	1.278894	0.006408
1.190000	1.283206	0.006408
1.195000	1.287285	0.006407
1.200000	1.291150	0.006407
1.205000	1.294821	0.006407
1.210000	1.298328	0.006407
1.215000	1.301702	0.006407
1.220000	1.304979	0.006407
1.225000	1.308200	0.006407
1.230000	1.311404	0.006408
1.235000	1.314635	0.006410
1.240000	1.317934	0.006412
1.245000	1.321343	0.006415
1.250000	1.324900	0.006419
1.255000	1.328641	0.006424
1.260000	1.332596	0.006429
1.265000	1.336792	0.006435
1.270000	1.341248	0.006441
1.275000	1.345978	0.006448
1.280000	1.350989	0.006455
1.285000	1.356280	0.006464
1.290000	1.361844	0.006473
1.295000	1.367666	0.006482
1.300000	1.373726	0.006493
1.305000	1.379995	0.006505
1.310000	1.386441	0.006518
1.315000	1.393026	0.006532
1.320000	1.399710	0.006547
1.325000	1.406448	0.006563
1.330000	1.413195	0.006580
1.335000	1.419905	0.006597
1.340000	1.426533	0.006614
1.345000	1.433036	0.006630
1.350000	1.439373	0.006645
1.355000	1.445509	0.006657
1.360000	1.451410	0.006666
1.365000	1.457050	0.006673
1.370000	1.462410	0.006675
1.375000	1.467476	0.006674
1.380000	1.472238	0.006669
1.385000	1.476698	0.006659
1.390000	1.480860	0.006647
1.395000	1.484736	0.006631
1.400000	1.488343	0.006613
1.405000	1.491703	0.006593
1.410000	1.494842	0.006572
1.415000	1.497790	0.006552
1.420000	1.500579	0.006532
1.425000	1.503242	0.006513
1.430000	1.505813	0.006497
1.435000	1.508324	0.006482
1.440000	1.510807	0.006470
1.445000	1.513290	0.006460
1.450000	1.515799	0.006453
1.455000	1.518356	0.006447
1.460000	1.520979	0.006443
1.465000	1.523678	0.006439
1.470000	1.526462	0.006437
1.475000	1.529332	0.006435
1.480000	1.532285	0.006433
1.485000	1.535314	0.006432
1.490000	1.538405	0.006430
1.495000	1.541542	0.006427
1.500000	1.544704	0.006425
1.505000	1.547868	0.006423
1.510000	1.551010	0.006420
1.515000	1.554101	0.006418
1.520000	1.557116	0.006416
1.525000	1.560026	0.006415
1.530000	1.562806	0.006413
1.535000	1.565431	0.006413
1.540000	1.567878	0.006412
1.545000	1.570129	0.006412
1.550000	1.572167	0.006413
1.555000	1.573978	0.006413
1.560000	1.575554	0.006413
1.565000	1.576890	0.006414
1.570000	1.577983	0.006414
1.575000	1.578837	0.006414
1.580000	1.579456	0.006414
1.585000	1.579849	0.006414
1.590000	1.580028	0.006414
1.595000	1.580007	0.006414
1.600000	1.579801	0.006413
1.605000	1.579426	0.006413
1.610000	1.578901	0.006413
1.615000	1.578242	0.006413
1.620000	1.577468	0.006413
1.625000	1.576596	0.006413
1.630000	1.575640	0.006413
1.635000	1.574615	0.006413
1.640000	1.573534	0.006414
1.645000	1.572408	0.006414
1.650000	1.571245	0.006414
1.655000	1.570051	0.006415
1.660000	1.568832	0.006415
1.665000	1.567590	0.006415
1.670000	1.566327	0.006415
1.675000	1.565043	0.006416
1.680000	1.563737	0.006416
1.685000	1.562405	0.006416
1.690000	1.561047	0.006416
1.695000	1.559658	0.006416
1.700000	1.558237	0.006416
1.705000	1.556781	0.006417
1.710000	1.555288	0.006417
1.715000	1.553759	0.006418
1.720000	1.552194	0.006419
1.725000	1.550594	0.006420
1.730000	1.548963	0.006422
1.735000	1.547305	0.006423
1.740000	1.545626	0.006424
1.745000	1.543933	0.006426
1.750000	1.542234	0.006427
1.755000	1.540538	0.006429
1.760000	1.538855	0.006431
1.765000	1.537194	0.006434
1.770000	1.535566	0.006438
1.775000	1.533981	0.006444
1.780000	1.532447	0.006451
1.785000	1.530975	0.006461
1.790000	1.529571	0.006475
1.795000	1.528244	0.006492
1.800000	1.526997	0.006514
1.805000	1.525835	0.006540
1.810000	1.524760	0.006571
1.815000	1.523772	0.006606
1.820000	1.522872	0.006645
1.825000	1.522055	0.006688
1.830000	1.521319	0.006733
1.835000	1.520656	0.006779
1.840000	1.520061	0.006824
1.845000	1.519525	0.006868
1.850000	1.519041	0.006909
1.855000	1.518598	0.006945
1.860000	1.518187	0.006974
1.865000	1.517799	0.006997
1.870000	1.517424	0.007011
1.875000	1.517055	0.007016
1.880000	1.516682	0.007012
1.885000	1.516299	0.006999
1.890000	1.515901	0.006978
1.895000	1.515481	0.006950
1.900000	1.515038	0.006915
1.905000	1.514570	0.006874
1.910000	1.514075	0.006830
1.915000	1.513557	0.006784
1.920000	1.513016	0.006738
1.925000	1.512459	0.006692
1.930000	1.511889	0.006649
1.935000	1.511313	0.006609
1.940000	1.510739	0.006574
1.945000	1.510175	0.006543
1.950000	1.509631	0.006517
1.955000	1.509114	0.006496
1.960000	1.508636	0.006480
1.965000	1.508204	0.006468
1.970000	1.507829	0.006459
1.975000	1.507519	0.006453
1.980000	1.507282	0.006449
1.985000	1.507126	0.006447
1.990000	1.507057	0.006445
1.995000	1.507082	0.006444
2.000000	1.507204	0.006444
2.005000	1.507426	0.006443
2.010000	1.507752	0.006442
2.015000	1.508182	0.006440
2.020000	1.508717	0.006439
2.025000	1.509354	0.006437
2.030000	1.510091	0.006435
2.035000	1.510926	0.006433
2.040000	1.511853	0.006432
2.045000	1.512868	0.006430
2.050000	1.513964	0.006429
2.055000	1.515136	0.006427
2.060000	1.516376	0.006426
2.065000	1.517677	0.006425
2.070000	1.519033	0.006424
2.075000	1.520434	0.006424
2.080000	1.521875	0.006423
2.085000	1.523348	0.006422
2.090000	1.524847	0.006422
2.095000	1.526365	0.006421
2.100000	1.527897	0.006421
2.105000	1.529438	0.006421
2.110000	1.530984	0.006420
2.115000	1.532532	0.006420
2.120000	1.534080	0.006420
2.125000	1.535626	0.006420
2.130000	1.537169	0.006420
2.135000	1.538710	0.006420
2.140000	1.540250	0.006420
2.145000	1.541791	0.006420
2.150000	1.543335	0.006420
2.155000	1.544886	0.006421
2.160000	1.546447	0.006421
2.165000	1.548022	0.006421
2.170000	1.549615	0.006421
2.175000	1.551230	0.006421
2.180000	1.552869	0.006421
2.185000	1.554537	0.006421
2.190000	1.556236	0.006421
2.195000	1.557967	0.006422
2.200000	1.559731	0.006422
2.205000	1.561528	0.006422
2.210000	1.563356	0.006423
2.215000	1.565213	0.006423
2.220000	1.567094	0.006423
2.225000	1.568994	0.006423
2.230000	1.570907	0.006424
2.235000	1.572824	0.006424
2.240000	1.574737	0.006424
2.245000	1.576636	0.006424
2.250000	1.578510	0.006425
2.255000	1.580349	0.006425
2.260000	1.582142	0.006425
2.265000	1.583878	0.006426
2.270000	1.585547	0.006427
2.275000	1.587139	0.006428
2.280000	1.588648	0.006429
2.285000	1.590066	0.006430
2.290000	1.591390	0.006430
2.295000	1.592617	0.006431
2.300000	1.593749	0.006432
2.305000	1.594788	0.006432
2.310000	1.595742	0.006432
2.315000	1.596619	0.006432
2.320000	1.597433	0.006433
2.325000	1.598200	0.006433
2.330000	1.598937	0.006434
2.335000	1.599667	0.006435
2.340000	1.600414	0.006437
2.345000	1.601202	0.006439
2.350000	1.602060	0.006442
2.355000	1.603015	0.006445
2.360000	1.604096	0.006449
2.365000	1.605330	0.006452
2.370000	1.606746	0.006455
2.375000	1.608367	0.006457
2.380000	1.610217	0.006458
2.385000	1.612314	0.006459
2.390000	1.614674	0.006460
2.395000	1.617308	0.006460
2.400000	1.620220	0.006461
2.405000	1.623410	0.006464
2.410000	1.626871	0.006468
2.415000	1.630589	0.006476
2.420000	1.634544	0.006486
2.425000	1.638710	0.006500
2.430000	1.643051	0.006516
2.435000	1.647527	0.006533
2.440000	1.652090	0.006550
2.445000	1.656689	0.006565
2.450000	1.661265	0.006576
