0.450000	nan	nan
0.455000	nan	nan
0.460000	nan	nan
0.465000	nan	nan
0.470000	nan	nan
0.475000	nan	nan
0.480000	nan	nan
0.485000	nan	nan
0.490000	nan	nan
0.495000	nan	nan
0.500000	nan	nan
0.505000	nan	nan
0.510000	nan	nan
0.515000	nan	nan
0.520000	nan	nan
0.525000	nan	nan
0.530000	nan	nan
0.535000	nan	nan
0.540000	nan	nan
0.545000	nan	nan
0.550000	nan	nan
0.555000	nan	nan
0.560000	nan	nan
0.565000	nan	nan
0.570000	nan	nan
0.575000	nan	nan
0.580000	nan	nan
0.585000	nan	nan
0.590000	nan	nan
0.595000	nan	nan
0.600000	nan	nan
0.605000	nan	nan
0.610000	nan	nan
0.615000	nan	nan
0.620000	nan	nan
0.625000	nan	nan
0.630000	nan	nan
0.635000	nan	nan
0.640000	nan	nan
0.645000	nan	nan
0.650000	1.073220	0.056057
0.655000	1.073220	0.056057
0.660000	1.080993	0.055608
0.665000	1.071451	0.056182
0.670000	1.071451	0.056182
0.675000	1.098109	0.055117
0.680000	1.091265	0.055115
0.685000	1.091275	0.055115
0.690000	1.085173	0.055114
0.695000	1.095999	0.055114
0.700000	1.096447	0.055114
0.705000	1.096642	0.055114
0.710000	1.091347	0.055114
0.715000	1.100019	0.055114
0.720000	1.095577	0.055114
0.725000	1.097149	0.055114
0.730000	1.097867	0.055114
0.735000	1.100371	0.055114
0.740000	1.097965	0.055114
0.745000	1.105241	0.055114
0.750000	1.071451	0.056182
0.755000	1.094918	0.055114
0.760000	1.092047	0.055114
0.765000	1.093522	0.055114
0.770000	1.096239	0.055114
0.775000	1.096045	0.055114
0.780000	1.093891	0.055114
0.785000	1.091776	0.055114
0.790000	1.089487	0.055114
0.795000	1.091117	0.055114
0.800000	1.091524	0.055114
0.805000	1.084112	0.055114
0.810000	1.078815	0.055114
0.815000	1.076971	0.055114
0.820000	1.071451	0.056182
0.825000	1.071451	0.056182
0.830000	1.081240	0.055114
0.835000	1.079378	0.055114
0.840000	1.075225	0.055114
0.845000	1.072819	0.055114
0.850000	1.069559	0.055114
0.855000	1.069598	0.055114
0.860000	1.070122	0.055114
0.865000	1.066241	0.055114
0.870000	1.064592	0.055114
0.875000	1.063059	0.055114
0.880000	1.063699	0.055114
0.885000	1.062438	0.055114
0.890000	1.062050	0.055114
0.895000	1.061002	0.055114
0.900000	1.059450	0.055114
0.905000	1.058635	0.055114
0.910000	1.056131	0.055114
0.915000	1.056267	0.055114
0.920000	1.058305	0.055114
0.925000	1.056888	0.055114
0.930000	1.055647	0.055114
0.935000	1.053163	0.055114
0.940000	1.053512	0.055114
0.945000	1.051785	0.055114
0.950000	1.052833	0.055114
0.955000	1.054075	0.055114
0.960000	1.051377	0.055114
0.965000	1.051028	0.055114
0.970000	1.050504	0.055114
0.975000	1.050097	0.055114
0.980000	1.052910	0.055114
0.985000	1.052716	0.055114
0.990000	1.053822	0.055114
0.995000	1.055161	0.055114
1.000000	1.055472	0.055114
1.005000	1.055976	0.055114
1.010000	1.059818	0.055114
1.015000	1.059275	0.055114
1.020000	1.059469	0.055114
1.025000	1.058460	0.055114
1.030000	1.058712	0.055114
1.035000	1.057820	0.055114
1.040000	1.056849	0.055114
1.045000	1.055297	0.055114
1.050000	1.056422	0.055114
1.055000	1.057179	0.055114
1.060000	1.054870	0.055114
1.065000	1.057373	0.055114
1.070000	1.063971	0.055114
1.075000	1.059838	0.055114
1.080000	1.059857	0.055114
1.085000	1.059779	0.055114
1.090000	1.059644	0.055114
1.095000	1.065543	0.055114
1.100000	1.063971	0.055114
1.105000	1.062438	0.055114
1.110000	1.064960	0.055114
1.115000	1.065387	0.055114
1.120000	1.063292	0.055114
1.125000	1.062904	0.055114
1.130000	1.065931	0.055114
1.135000	1.065543	0.055114
1.140000	1.068026	0.055114
1.145000	1.065426	0.055114
1.150000	1.067444	0.055114
1.155000	1.066164	0.055114
1.160000	1.065678	0.055114
1.165000	1.068337	0.055114
1.170000	1.071053	0.055114
1.175000	1.071480	0.055114
1.180000	1.071092	0.055114
1.185000	1.069947	0.055114
1.190000	1.069326	0.055114
1.195000	1.070529	0.055114
1.200000	1.068705	0.055114
1.205000	1.070432	0.055114
1.210000	1.071325	0.055114
1.215000	1.070180	0.055114
1.220000	1.072800	0.055114
1.225000	1.073421	0.055114
1.230000	1.070025	0.055114
1.235000	1.069365	0.055114
1.240000	1.070840	0.055114
1.245000	1.072489	0.055114
1.250000	1.074391	0.055114
1.255000	1.074992	0.055114
1.260000	1.075400	0.055114
1.265000	1.072974	0.055114
1.270000	1.070122	0.055114
1.275000	1.072004	0.055114
1.280000	1.075807	0.055114
1.285000	1.075051	0.055114
1.290000	1.076389	0.055114
1.295000	1.072664	0.055114
1.300000	1.074119	0.055114
1.305000	1.074061	0.055114
1.310000	1.077496	0.055114
1.315000	1.078466	0.055114
1.320000	1.076273	0.055114
1.325000	1.078175	0.055114
1.330000	1.078485	0.055114
1.335000	1.076875	0.055114
1.340000	1.078873	0.055114
1.345000	1.081609	0.055114
1.350000	1.081667	0.055114
1.355000	1.076990	0.055114
1.360000	1.080694	0.055114
1.365000	1.081024	0.055114
1.370000	1.078289	0.055114
1.375000	1.074041	0.055114
1.380000	1.071451	0.056182
1.385000	1.077610	0.055114
1.390000	1.079861	0.055114
1.395000	1.079667	0.055114
1.400000	1.080676	0.055114
1.405000	1.080579	0.055114
1.410000	1.080871	0.055114
1.415000	1.081162	0.055114
1.420000	1.081046	0.055114
1.425000	1.082307	0.055114
1.430000	1.082482	0.055114
1.435000	1.082346	0.055114
1.440000	1.083549	0.055114
1.445000	1.082016	0.055114
1.450000	1.081162	0.055114
1.455000	1.083860	0.055114
1.460000	1.083103	0.055114
1.465000	1.088846	0.055114
1.470000	1.085276	0.055114
1.475000	1.083083	0.055114
1.480000	1.084616	0.055114
1.485000	1.083802	0.055114
1.490000	1.083181	0.055114
1.495000	1.083297	0.055114
1.500000	1.080464	0.055114
1.505000	1.080600	0.055114
1.510000	1.081357	0.055114
1.515000	1.081783	0.055114
1.520000	1.086887	0.055114
1.525000	1.087411	0.055114
1.530000	1.090515	0.055114
1.535000	1.071451	0.056182
1.540000	1.084423	0.055114
1.545000	1.079397	0.055114
1.550000	1.081667	0.055114
1.555000	1.080115	0.055114
1.560000	1.080367	0.055114
1.565000	1.084539	0.055114
1.570000	1.084093	0.055114
1.575000	1.082560	0.055114
1.580000	1.083530	0.055114
1.585000	1.087197	0.055114
1.590000	1.084752	0.055114
1.595000	1.080949	0.055114
1.600000	1.080794	0.055114
1.605000	1.084966	0.055114
1.610000	1.087177	0.055114
1.615000	1.078912	0.055114
1.620000	1.080328	0.055114
1.625000	1.083025	0.055114
1.630000	1.079669	0.055114
1.635000	1.081706	0.055114
1.640000	1.081745	0.055114
1.645000	1.073595	0.055114
1.650000	1.073421	0.055114
1.655000	1.077961	0.055114
1.660000	1.075807	0.055114
1.665000	1.080212	0.055114
1.670000	1.082482	0.055114
1.675000	1.081667	0.055114
1.680000	1.077398	0.055114
1.685000	1.073382	0.055114
1.690000	1.076118	0.055114
1.695000	1.073673	0.055114
1.700000	1.075109	0.055114
1.705000	1.079746	0.055114
1.710000	1.076389	0.055114
1.715000	1.077010	0.055114
1.720000	1.076331	0.055114
1.725000	1.075361	0.055114
1.730000	1.075458	0.055114
1.735000	1.080774	0.055114
1.740000	1.078601	0.055114
1.745000	1.071286	0.055114
1.750000	1.070180	0.055114
1.755000	1.072877	0.055114
1.760000	1.072528	0.055114
1.765000	1.067910	0.055114
1.770000	1.063273	0.055114
1.775000	1.068958	0.055114
1.780000	1.066513	0.055114
1.785000	1.066629	0.055114
1.790000	1.066183	0.055114
1.795000	1.072567	0.055114
1.800000	1.067115	0.055114
1.805000	1.067852	0.055114
1.810000	1.066824	0.055114
1.815000	1.071451	0.056182
1.820000	1.070064	0.055114
1.825000	1.071053	0.055114
1.830000	1.069580	0.055114
1.835000	1.064697	0.055115
1.840000	1.066982	0.055115
1.845000	1.071451	0.056182
1.850000	1.067352	0.055115
1.855000	1.059132	0.055115
1.860000	1.072042	0.055115
1.865000	1.066518	0.055115
1.870000	1.063714	0.055116
1.875000	1.063652	0.055115
1.880000	1.069852	0.055115
1.885000	1.057966	0.055115
1.890000	1.060308	0.055114
1.895000	1.062171	0.055114
1.900000	1.069231	0.055115
1.905000	1.062252	0.055115
1.910000	1.066303	0.055115
1.915000	1.067873	0.055114
1.920000	1.072120	0.055114
1.925000	1.072159	0.055114
1.930000	1.068221	0.055114
1.935000	1.068202	0.055114
1.940000	1.065855	0.055114
1.945000	1.064050	0.055114
1.950000	1.066863	0.055114
1.955000	1.063119	0.055114
1.960000	1.065622	0.055114
1.965000	1.070530	0.055114
1.970000	1.065020	0.055114
1.975000	1.067755	0.055114
1.980000	1.067328	0.055114
1.985000	1.070568	0.055114
1.990000	1.067289	0.055114
1.995000	1.058908	0.055114
2.000000	1.060579	0.055114
2.005000	1.068609	0.055114
2.010000	1.074680	0.055114
2.015000	1.060520	0.055114
2.020000	1.061509	0.055114
2.025000	1.061023	0.055114
2.030000	1.057298	0.055114
2.035000	1.057220	0.055114
2.040000	1.060576	0.055114
2.045000	1.067813	0.055114
2.050000	1.065544	0.055114
2.055000	1.063429	0.055114
2.060000	1.061897	0.055114
2.065000	1.061819	0.055114
2.070000	1.059471	0.055114
2.075000	1.065330	0.055114
2.080000	1.063254	0.055114
2.085000	1.064030	0.055114
2.090000	1.063177	0.055114
2.095000	1.060266	0.055114
2.100000	1.060518	0.055114
2.105000	1.062148	0.055114
2.110000	1.064612	0.055114
2.115000	1.067309	0.055114
2.120000	1.058850	0.055114
2.125000	1.061857	0.055114
2.130000	1.063856	0.055114
2.135000	1.062012	0.055114
2.140000	1.061857	0.055114
2.145000	1.060906	0.055114
2.150000	1.067639	0.055114
2.155000	1.064108	0.055114
2.160000	1.057686	0.055114
2.165000	1.065699	0.055114
2.170000	1.062420	0.055114
2.175000	1.061256	0.055114
2.180000	1.061062	0.055114
2.185000	1.067329	0.055114
2.190000	1.066960	0.055114
2.195000	1.063332	0.055114
2.200000	1.061411	0.055114
2.205000	1.066145	0.055114
2.210000	1.071451	0.056182
2.215000	1.066611	0.055114
2.220000	1.064030	0.055114
2.225000	1.065175	0.055114
2.230000	1.061082	0.055114
2.235000	1.063895	0.055114
2.240000	1.069754	0.055114
2.245000	1.055437	0.055114
2.250000	1.055669	0.055114
2.255000	1.060849	0.055114
2.260000	1.063352	0.055114
2.265000	1.059317	0.055114
2.270000	1.058521	0.055114
2.275000	1.059123	0.055114
2.280000	1.059317	0.055114
2.285000	1.069191	0.055114
2.290000	1.070103	0.055114
2.295000	1.064477	0.055114
2.300000	1.076349	0.055114
2.305000	1.071451	0.056182
2.310000	1.065273	0.055114
2.315000	1.064109	0.055114
2.320000	1.064614	0.055114
2.325000	1.071451	0.056182
2.330000	1.080558	0.055114
2.335000	1.077726	0.055114
2.340000	1.072043	0.055114
2.345000	1.070840	0.055114
2.350000	1.062985	0.055114
2.355000	1.065545	0.055114
2.360000	1.068319	0.055114
2.365000	1.071441	0.055114
2.370000	1.078230	0.055114
2.375000	1.082420	0.055114
2.380000	1.068455	0.055114
2.385000	1.076135	0.055114
2.390000	1.067311	0.055114
2.395000	1.072062	0.055114
2.400000	1.071451	0.056182
2.405000	1.066243	0.055114
2.410000	1.079257	0.055114
2.415000	1.079916	0.055115
2.420000	1.069735	0.055114
2.425000	1.071451	0.056182
2.430000	1.069134	0.055114
2.435000	1.073633	0.055114
2.440000	1.072023	0.055114
2.445000	1.071451	0.056182
2.450000	1.069715	0.055114
