0.450000	nan	nan
0.455000	nan	nan
0.460000	nan	nan
0.465000	nan	nan
0.470000	nan	nan
0.475000	nan	nan
0.480000	nan	nan
0.485000	nan	nan
0.490000	nan	nan
0.495000	nan	nan
0.500000	nan	nan
0.505000	nan	nan
0.510000	nan	nan
0.515000	nan	nan
0.520000	nan	nan
0.525000	nan	nan
0.530000	nan	nan
0.535000	nan	nan
0.540000	nan	nan
0.545000	nan	nan
0.550000	nan	nan
0.555000	nan	nan
0.560000	nan	nan
0.565000	nan	nan
0.570000	nan	nan
0.575000	nan	nan
0.580000	nan	nan
0.585000	nan	nan
0.590000	nan	nan
0.595000	nan	nan
0.600000	nan	nan
0.605000	nan	nan
0.610000	nan	nan
0.615000	nan	nan
0.620000	nan	nan
0.625000	nan	nan
0.630000	nan	nan
0.635000	nan	nan
0.640000	nan	nan
0.645000	nan	nan
0.650000	nan	nan
0.655000	nan	nan
0.660000	nan	nan
0.665000	nan	nan
0.670000	nan	nan
0.675000	nan	nan
0.680000	nan	nan
0.685000	nan	nan
0.690000	nan	nan
0.695000	nan	nan
0.700000	nan	nan
0.705000	nan	nan
0.710000	nan	nan
0.715000	nan	nan
0.720000	nan	nan
0.725000	nan	nan
0.730000	nan	nan
0.735000	nan	nan
0.740000	nan	nan
0.745000	nan	nan
0.750000	nan	nan
0.755000	nan	nan
0.760000	nan	nan
0.765000	nan	nan
0.770000	0.874411	0.015891
0.775000	0.875104	0.015632
0.780000	0.875868	0.015424
0.785000	0.876699	0.015261
0.790000	0.877598	0.015135
0.795000	0.878565	0.015040
0.800000	0.879598	0.014971
0.805000	0.880698	0.014922
0.810000	0.881862	0.014888
0.815000	0.883092	0.014866
0.820000	0.884387	0.014853
0.825000	0.885745	0.014845
0.830000	0.887167	0.014841
0.835000	0.888652	0.014840
0.840000	0.890200	0.014840
0.845000	0.891809	0.014840
0.850000	0.893481	0.014839
0.855000	0.895213	0.014838
0.860000	0.897005	0.014836
0.865000	0.898857	0.014833
0.870000	0.900768	0.014829
0.875000	0.902738	0.014825
0.880000	0.904765	0.014819
0.885000	0.906849	0.014814
0.890000	0.908989	0.014808
0.895000	0.911184	0.014802
0.900000	0.913433	0.014797
0.905000	0.915734	0.014791
0.910000	0.918087	0.014786
0.915000	0.920491	0.014782
0.920000	0.922943	0.014778
0.925000	0.925443	0.014775
0.930000	0.927989	0.014772
0.935000	0.930579	0.014770
0.940000	0.933212	0.014769
0.945000	0.935886	0.014768
0.950000	0.938598	0.014767
0.955000	0.941347	0.014767
0.960000	0.944130	0.014766
0.965000	0.946946	0.014766
0.970000	0.949793	0.014766
0.975000	0.952667	0.014766
0.980000	0.955566	0.014766
0.985000	0.958488	0.014766
0.990000	0.961431	0.014766
0.995000	0.964391	0.014765
1.000000	0.967366	0.014765
1.005000	0.970353	0.014764
1.010000	0.973350	0.014763
1.015000	0.976354	0.014762
1.020000	0.979362	0.014761
1.025000	0.982371	0.014760
1.030000	0.985378	0.014759
1.035000	0.988382	0.014758
1.040000	0.991379	0.014757
1.045000	0.994366	0.014755
1.050000	0.997342	0.014754
1.055000	1.000303	0.014753
1.060000	1.003247	0.014752
1.065000	1.006172	0.014752
1.070000	1.009075	0.014751
1.075000	1.011956	0.014750
1.080000	1.014810	0.014750
1.085000	1.017638	0.014750
1.090000	1.020437	0.014749
1.095000	1.023206	0.014749
1.100000	1.025943	0.014749
1.105000	1.028647	0.014749
1.110000	1.031318	0.014749
1.115000	1.033954	0.014749
1.120000	1.036555	0.014749
1.125000	1.039120	0.014749
1.130000	1.041650	0.014749
1.135000	1.044144	0.014749
1.140000	1.046602	0.014749
1.145000	1.049026	0.014749
1.150000	1.051414	0.014749
1.155000	1.053769	0.014749
1.160000	1.056091	0.014749
1.165000	1.058381	0.014748
1.170000	1.060640	0.014748
1.175000	1.062871	0.014748
1.180000	1.065074	0.014747
1.185000	1.067252	0.014747
1.190000	1.069405	0.014746
1.195000	1.071538	0.014746
1.200000	1.073650	0.014746
1.205000	1.075745	0.014745
1.210000	1.077825	0.014745
1.215000	1.079892	0.014745
1.220000	1.081948	0.014745
1.225000	1.083997	0.014745
1.230000	1.086040	0.014744
1.235000	1.088080	0.014744
1.240000	1.090119	0.014745
1.245000	1.092159	0.014745
1.250000	1.094204	0.014745
1.255000	1.096254	0.014745
1.260000	1.098313	0.014745
1.265000	1.100382	0.014746
1.270000	1.102463	0.014746
1.275000	1.104558	0.014747
1.280000	1.106668	0.014747
1.285000	1.108795	0.014748
1.290000	1.110940	0.014748
1.295000	1.113105	0.014749
1.300000	1.115290	0.014749
1.305000	1.117495	0.014750
1.310000	1.119723	0.014750
1.315000	1.121971	0.014751
1.320000	1.124242	0.014751
1.325000	1.126534	0.014751
1.330000	1.128848	0.014752
1.335000	1.131182	0.014752
1.340000	1.133537	0.014752
1.345000	1.135910	0.014752
1.350000	1.138302	0.014753
1.355000	1.140710	0.014753
1.360000	1.143133	0.014753
1.365000	1.145570	0.014753
1.370000	1.148018	0.014753
1.375000	1.150476	0.014753
1.380000	1.152942	0.014753
1.385000	1.155413	0.014752
1.390000	1.157887	0.014752
1.395000	1.160363	0.014752
1.400000	1.162837	0.014752
1.405000	1.165307	0.014751
1.410000	1.167771	0.014751
1.415000	1.170226	0.014751
1.420000	1.172670	0.014750
1.425000	1.175100	0.014750
1.430000	1.177515	0.014749
1.435000	1.179912	0.014749
1.440000	1.182289	0.014748
1.445000	1.184643	0.014748
1.450000	1.186974	0.014748
1.455000	1.189279	0.014747
1.460000	1.191557	0.014747
1.465000	1.193807	0.014746
1.470000	1.196026	0.014746
1.475000	1.198215	0.014745
1.480000	1.200372	0.014745
1.485000	1.202497	0.014745
1.490000	1.204589	0.014744
1.495000	1.206648	0.014744
1.500000	1.208674	0.014744
1.505000	1.210667	0.014744
1.510000	1.212628	0.014743
1.515000	1.214557	0.014743
1.520000	1.216455	0.014743
1.525000	1.218322	0.014743
1.530000	1.220161	0.014743
1.535000	1.221971	0.014743
1.540000	1.223755	0.014744
1.545000	1.225514	0.014744
1.550000	1.227250	0.014744
1.555000	1.228963	0.014744
1.560000	1.230657	0.014745
1.565000	1.232333	0.014745
1.570000	1.233992	0.014746
1.575000	1.235637	0.014746
1.580000	1.237269	0.014747
1.585000	1.238890	0.014747
1.590000	1.240502	0.014748
1.595000	1.242106	0.014748
1.600000	1.243704	0.014749
1.605000	1.245298	0.014749
1.610000	1.246889	0.014750
1.615000	1.248477	0.014751
1.620000	1.250065	0.014751
1.625000	1.251653	0.014751
1.630000	1.253241	0.014752
1.635000	1.254830	0.014752
1.640000	1.256420	0.014752
1.645000	1.258012	0.014753
1.650000	1.259605	0.014753
1.655000	1.261199	0.014753
1.660000	1.262793	0.014753
1.665000	1.264387	0.014753
1.670000	1.265979	0.014752
1.675000	1.267569	0.014752
1.680000	1.269154	0.014752
1.685000	1.270735	0.014752
1.690000	1.272308	0.014751
1.695000	1.273872	0.014751
1.700000	1.275425	0.014751
1.705000	1.276965	0.014751
1.710000	1.278490	0.014750
1.715000	1.279998	0.014750
1.720000	1.281486	0.014750
1.725000	1.282951	0.014750
1.730000	1.284393	0.014750
1.735000	1.285808	0.014751
1.740000	1.287195	0.014751
1.745000	1.288551	0.014752
1.750000	1.289874	0.014753
1.755000	1.291162	0.014754
1.760000	1.292414	0.014755
1.765000	1.293628	0.014756
1.770000	1.294803	0.014758
1.775000	1.295938	0.014760
1.780000	1.297031	0.014762
1.785000	1.298083	0.014764
1.790000	1.299092	0.014766
1.795000	1.300060	0.014768
1.800000	1.300985	0.014770
1.805000	1.301870	0.014773
1.810000	1.302713	0.014775
1.815000	1.303518	0.014777
1.820000	1.304285	0.014780
1.825000	1.305016	0.014782
1.830000	1.305714	0.014784
1.835000	1.306380	0.014786
1.840000	1.307018	0.014788
1.845000	1.307631	0.014789
1.850000	1.308222	0.014790
1.855000	1.308794	0.014792
1.860000	1.309351	0.014792
1.865000	1.309898	0.014793
1.870000	1.310438	0.014793
1.875000	1.310976	0.014793
1.880000	1.311516	0.014793
1.885000	1.312063	0.014793
1.890000	1.312622	0.014792
1.895000	1.313196	0.014791
1.900000	1.313792	0.014790
1.905000	1.314413	0.014789
1.910000	1.315064	0.014787
1.915000	1.315750	0.014785
1.920000	1.316474	0.014784
1.925000	1.317242	0.014782
1.930000	1.318057	0.014780
1.935000	1.318923	0.014778
1.940000	1.319843	0.014776
1.945000	1.320821	0.014774
1.950000	1.321859	0.014772
1.955000	1.322961	0.014771
1.960000	1.324128	0.014769
1.965000	1.325363	0.014768
1.970000	1.326667	0.014767
1.975000	1.328041	0.014766
1.980000	1.329487	0.014765
1.985000	1.331004	0.014764
1.990000	1.332592	0.014764
1.995000	1.334251	0.014764
2.000000	1.335981	0.014764
2.005000	1.337779	0.014764
2.010000	1.339645	0.014764
2.015000	1.341577	0.014764
2.020000	1.343572	0.014765
2.025000	1.345628	0.014765
2.030000	1.347741	0.014766
2.035000	1.349909	0.014767
2.040000	1.352128	0.014767
2.045000	1.354395	0.014768
2.050000	1.356706	0.014769
2.055000	1.359056	0.014769
2.060000	1.361442	0.014770
2.065000	1.363860	0.014770
2.070000	1.366305	0.014771
2.075000	1.368774	0.014771
2.080000	1.371262	0.014771
2.085000	1.373765	0.014771
2.090000	1.376279	0.014771
2.095000	1.378800	0.014771
2.100000	1.381325	0.014771
2.105000	1.383851	0.014771
2.110000	1.386375	0.014771
2.115000	1.388893	0.014770
2.120000	1.391403	0.014770
2.125000	1.393904	0.014770
2.130000	1.396394	0.014769
2.135000	1.398870	0.014769
2.140000	1.401334	0.014769
2.145000	1.403784	0.014769
2.150000	1.406220	0.014769
2.155000	1.408643	0.014769
2.160000	1.411054	0.014770
2.165000	1.413455	0.014770
2.170000	1.415848	0.014771
2.175000	1.418234	0.014772
2.180000	1.420619	0.014773
2.185000	1.423004	0.014774
2.190000	1.425394	0.014775
2.195000	1.427793	0.014776
2.200000	1.430206	0.014778
2.205000	1.432638	0.014779
2.210000	1.435095	0.014780
2.215000	1.437583	0.014782
2.220000	1.440107	0.014784
2.225000	1.442675	0.014785
2.230000	1.445292	0.014787
2.235000	1.447966	0.014788
2.240000	1.450704	0.014790
2.245000	1.453512	0.014792
2.250000	1.456397	0.014794
2.255000	1.459367	0.014796
2.260000	1.462428	0.014798
2.265000	1.465588	0.014801
2.270000	1.468853	0.014804
2.275000	1.472229	0.014808
2.280000	1.475723	0.014812
2.285000	1.479340	0.014817
2.290000	1.483086	0.014822
2.295000	1.486966	0.014829
2.300000	1.490985	0.014836
2.305000	1.495147	0.014844
2.310000	1.499455	0.014854
2.315000	1.503913	0.014864
2.320000	1.508523	0.014876
2.325000	1.513288	0.014888
2.330000	1.518207	0.014901
2.335000	1.523282	0.014915
2.340000	1.528512	0.014929
2.345000	1.533897	0.014944
2.350000	1.539435	0.014959
2.355000	1.545123	0.014974
2.360000	1.550958	0.014989
2.365000	1.556936	0.015003
2.370000	1.563053	0.015016
2.375000	1.569303	0.015029
2.380000	1.575680	0.015041
2.385000	1.582177	0.015052
2.390000	1.588785	0.015062
2.395000	1.595498	0.015073
2.400000	1.602305	0.015083
2.405000	1.609197	0.015095
2.410000	1.616164	0.015110
2.415000	1.623195	0.015128
2.420000	1.630278	0.015153
2.425000	1.637401	0.015187
2.430000	1.644552	0.015233
2.435000	1.651717	0.015295
2.440000	1.658885	0.015377
2.445000	1.666040	0.015484
2.450000	1.673169	0.015622
