0.450000	nan	nan
0.455000	nan	nan
0.460000	nan	nan
0.465000	nan	nan
0.470000	nan	nan
0.475000	nan	nan
0.480000	nan	nan
0.485000	nan	nan
0.490000	nan	nan
0.495000	nan	nan
0.500000	nan	nan
0.505000	nan	nan
0.510000	nan	nan
0.515000	nan	nan
0.520000	nan	nan
0.525000	nan	nan
0.530000	nan	nan
0.535000	nan	nan
0.540000	nan	nan
0.545000	nan	nan
0.550000	nan	nan
0.555000	nan	nan
0.560000	nan	nan
0.565000	nan	nan
0.570000	nan	nan
0.575000	nan	nan
0.580000	nan	nan
0.585000	nan	nan
0.590000	nan	nan
0.595000	nan	nan
0.600000	nan	nan
0.605000	nan	nan
0.610000	nan	nan
0.615000	nan	nan
0.620000	nan	nan
0.625000	nan	nan
0.630000	nan	nan
0.635000	nan	nan
0.640000	nan	nan
0.645000	nan	nan
0.650000	nan	nan
0.655000	nan	nan
0.660000	nan	nan
0.665000	nan	nan
0.670000	nan	nan
0.675000	nan	nan
0.680000	nan	nan
0.685000	nan	nan
0.690000	nan	nan
0.695000	nan	nan
0.700000	nan	nan
0.705000	nan	nan
0.710000	nan	nan
0.715000	nan	nan
0.720000	nan	nan
0.725000	nan	nan
0.730000	nan	nan
0.735000	nan	nan
0.740000	nan	nan
0.745000	nan	nan
0.750000	nan	nan
0.755000	nan	nan
0.760000	nan	nan
0.765000	nan	nan
0.770000	nan	nan
0.775000	nan	nan
0.780000	0.945153	0.044656
0.785000	0.945078	0.044656
0.790000	0.941143	0.044656
0.795000	0.949011	0.044656
0.800000	0.951832	0.044656
0.805000	0.943221	0.044656
0.810000	0.942627	0.044656
0.815000	0.948565	0.044656
0.820000	0.951831	0.044656
0.825000	0.962297	0.044656
0.830000	0.959402	0.044656
0.835000	0.962148	0.044656
0.840000	0.962222	0.044655
0.845000	0.962000	0.044655
0.850000	0.962296	0.044655
0.855000	0.967567	0.044656
0.860000	0.967418	0.044656
0.865000	0.977810	0.044656
0.870000	0.984343	0.044656
0.875000	0.983526	0.044656
0.880000	0.985455	0.044655
0.885000	0.985158	0.044655
0.890000	0.981521	0.044655
0.895000	0.988275	0.044655
0.900000	0.987830	0.044655
0.905000	0.989092	0.044655
0.910000	0.995178	0.044655
0.915000	0.997776	0.044655
0.920000	0.997405	0.044655
0.925000	0.998741	0.044655
0.930000	0.995550	0.044655
0.935000	1.000300	0.044655
0.940000	1.005422	0.044655
0.945000	1.004679	0.044655
0.950000	1.004531	0.044655
0.955000	1.010914	0.044655
0.960000	1.012325	0.044655
0.965000	1.010840	0.044655
0.970000	1.012102	0.044655
0.975000	1.007277	0.044655
0.980000	1.008242	0.044655
0.985000	1.013066	0.044655
0.990000	1.017075	0.044655
0.995000	1.021009	0.044655
1.000000	1.017446	0.044655
1.005000	1.013067	0.044655
1.010000	1.012474	0.044655
1.015000	1.020119	0.044655
1.020000	1.020712	0.044655
1.025000	1.016778	0.044655
1.030000	1.014402	0.044655
1.035000	1.016852	0.044655
1.040000	1.018040	0.044655
1.045000	1.017446	0.044655
1.050000	1.021677	0.044655
1.055000	1.024201	0.044655
1.060000	1.027467	0.044655
1.065000	1.026502	0.044655
1.070000	1.023607	0.044655
1.075000	1.020118	0.044655
1.080000	1.022568	0.044655
1.085000	1.028655	0.044655
1.090000	1.029546	0.044655
1.095000	1.030436	0.044655
1.100000	1.029694	0.044655
1.105000	1.034371	0.044655
1.110000	1.034964	0.044655
1.115000	1.031327	0.044655
1.120000	1.032441	0.044656
1.125000	1.039493	0.044656
1.130000	1.036153	0.044656
1.135000	1.040161	0.044656
1.140000	1.040681	0.044656
1.145000	1.041498	0.044656
1.150000	1.049217	0.044656
1.155000	1.040087	0.044656
1.160000	1.034966	0.044656
1.165000	1.037934	0.044656
1.170000	1.036599	0.044656
1.175000	1.042759	0.044656
1.180000	1.048029	0.044656
1.185000	1.047435	0.044656
1.190000	1.044689	0.044656
1.195000	1.044615	0.044656
1.200000	1.043428	0.044656
1.205000	1.048475	0.044656
1.210000	1.055749	0.044656
1.215000	1.049365	0.044656
1.220000	1.054041	0.044656
1.225000	1.052631	0.044656
1.230000	1.055081	0.044656
1.235000	1.054116	0.044656
1.240000	1.053225	0.044656
1.245000	1.049439	0.044656
1.250000	1.042017	0.044656
1.255000	1.053151	0.044656
1.260000	1.057531	0.044657
1.265000	1.057382	0.044656
1.270000	1.048846	0.044656
1.275000	1.052780	0.044657
1.280000	1.052706	0.044656
1.285000	1.053967	0.044656
1.290000	1.056417	0.044656
1.295000	1.061019	0.044657
1.300000	1.063914	0.044656
1.305000	1.067254	0.044656
1.310000	1.056194	0.044656
1.315000	1.054784	0.044656
1.320000	1.053671	0.044657
1.325000	1.060574	0.044656
1.330000	1.068441	0.044656
1.335000	1.073118	0.044657
1.340000	1.070742	0.044657
1.345000	1.085141	0.044659
1.350000	1.094861	0.044663
1.355000	1.063473	0.044667
1.360000	1.088031	0.044669
1.365000	1.073416	0.044671
1.370000	1.097669	0.044677
1.375000	1.063699	0.044674
1.380000	1.051383	0.044672
1.385000	1.058725	0.044667
1.390000	1.081206	0.044667
1.395000	1.055684	0.044668
1.400000	1.056425	0.044667
1.405000	1.073044	0.044666
1.410000	1.076086	0.044664
1.415000	1.073044	0.044663
1.420000	1.078610	0.044661
1.425000	1.050781	0.044662
1.430000	1.061986	0.044660
1.435000	1.076754	0.044659
1.440000	1.092340	0.044659
1.445000	1.110448	0.044660
1.450000	1.088629	0.044659
1.455000	1.086923	0.044658
1.460000	1.077422	0.044658
1.465000	1.073860	0.044658
1.470000	1.077126	0.044658
1.475000	1.080762	0.044658
1.480000	1.090114	0.044658
1.485000	1.091599	0.044658
1.490000	1.092192	0.044658
1.495000	1.091154	0.044657
1.500000	1.082544	0.044657
1.505000	1.068738	0.044657
1.510000	1.080317	0.044657
1.515000	1.073340	0.044658
1.520000	1.086032	0.044657
1.525000	1.099986	0.044658
1.530000	1.097017	0.044657
1.535000	1.075790	0.044657
1.540000	1.067848	0.044657
1.545000	1.070891	0.044657
1.550000	1.096497	0.044658
1.555000	1.094197	0.044657
1.560000	1.083509	0.044657
1.565000	1.098279	0.044658
1.570000	1.094270	0.044658
1.575000	1.109041	0.044657
1.580000	1.097759	0.044657
1.585000	1.111638	0.044658
1.590000	1.089150	0.044657
1.595000	1.097982	0.044657
1.600000	1.105478	0.044658
1.605000	1.100579	0.044658
1.610000	1.093529	0.044657
1.615000	1.087962	0.044658
1.620000	1.108521	0.044657
1.625000	1.104884	0.044658
1.630000	1.089298	0.044658
1.635000	1.084993	0.044657
1.640000	1.119059	0.044658
1.645000	1.113049	0.044657
1.650000	1.108299	0.044657
1.655000	1.104885	0.044657
1.660000	1.103029	0.044657
1.665000	1.102137	0.044659
1.670000	1.117576	0.044658
1.675000	1.099021	0.044658
1.680000	1.108595	0.044658
1.685000	1.102138	0.044657
1.690000	1.111712	0.044658
1.695000	1.105774	0.044659
1.700000	1.118020	0.044658
1.705000	1.115201	0.044657
1.710000	1.099317	0.044658
1.715000	1.107110	0.044658
1.720000	1.115571	0.044658
1.725000	1.104067	0.044658
1.730000	1.079204	0.044659
1.735000	1.081133	0.044658
1.740000	1.107407	0.044658
1.745000	1.121953	0.044659
1.750000	1.113048	0.044658
1.755000	1.097536	0.044658
1.760000	1.088852	0.044658
1.765000	1.100505	0.044658
1.770000	1.120098	0.044659
1.775000	1.089520	0.044658
1.780000	1.103102	0.044659
1.785000	1.113642	0.044658
1.790000	1.111117	0.044659
1.795000	1.098797	0.044659
1.800000	1.099464	0.044660
1.805000	1.110967	0.044661
1.810000	1.104583	0.044662
1.815000	1.079352	0.044662
1.820000	1.118084	0.044665
1.825000	1.104208	0.044666
1.830000	1.091813	0.044672
1.835000	1.089510	0.044679
1.840000	1.114568	0.044686
1.845000	1.090319	0.044692
1.850000	1.113665	0.044695
1.855000	1.076048	0.066643
1.860000	1.076048	0.066643
1.865000	1.107449	0.044686
1.870000	1.105142	0.044695
1.875000	1.112847	0.044697
1.880000	1.090987	0.044690
1.885000	1.089216	0.044674
1.890000	1.081057	0.044668
1.895000	1.093743	0.044671
1.900000	1.088324	0.044677
1.905000	1.087211	0.044679
1.910000	1.123472	0.044682
1.915000	1.081427	0.044674
1.920000	1.103607	0.044673
1.925000	1.147296	0.044674
1.930000	1.120085	0.044667
1.935000	1.097901	0.044665
1.940000	1.093895	0.044664
1.945000	1.104879	0.044663
1.950000	1.099833	0.044663
1.955000	1.084398	0.044663
1.960000	1.073638	0.044664
1.965000	1.075790	0.044663
1.970000	1.076048	0.066643
1.975000	1.100725	0.044661
1.980000	1.093453	0.044660
1.985000	1.097832	0.044659
1.990000	1.122991	0.044659
1.995000	1.101319	0.044661
2.000000	1.105547	0.044663
2.005000	1.108217	0.044664
2.010000	1.118297	0.044671
2.015000	1.076048	0.066643
2.020000	1.076048	0.066643
2.025000	1.078832	0.044664
2.030000	1.100651	0.044661
2.035000	1.109038	0.044660
2.040000	1.119353	0.044661
2.045000	1.119055	0.044661
2.050000	1.106660	0.044662
2.055000	1.085956	0.044662
2.060000	1.113636	0.044662
2.065000	1.107106	0.044662
2.070000	1.096940	0.044661
2.075000	1.116902	0.044661
2.080000	1.100948	0.044660
2.085000	1.127888	0.044660
2.090000	1.112080	0.044660
2.095000	1.107331	0.044660
2.100000	1.112377	0.044660
2.105000	1.124919	0.044660
2.110000	1.119575	0.044661
2.115000	1.117869	0.044660
2.120000	1.104065	0.044660
2.125000	1.101468	0.044660
2.130000	1.117572	0.044661
2.135000	1.139464	0.044661
2.140000	1.134418	0.044660
2.145000	1.129817	0.044660
2.150000	1.101022	0.044661
2.155000	1.112526	0.044660
2.160000	1.113341	0.044661
2.165000	1.133378	0.044661
2.170000	1.113119	0.044661
2.175000	1.122097	0.044662
2.180000	1.137163	0.044661
2.185000	1.152298	0.044662
2.190000	1.139760	0.044661
2.195000	1.134045	0.044662
2.200000	1.128258	0.044661
2.205000	1.129890	0.044661
2.210000	1.137973	0.044664
2.215000	1.118831	0.044662
2.220000	1.130112	0.044662
2.225000	1.151187	0.044662
2.230000	1.152374	0.044662
2.235000	1.093898	0.044659
2.240000	1.117346	0.044663
2.245000	1.130037	0.044662
2.250000	1.129445	0.044661
2.255000	1.128108	0.044661
2.260000	1.154004	0.044663
2.265000	1.146732	0.044663
2.270000	1.146436	0.044662
2.275000	1.142281	0.044662
2.280000	1.128180	0.044663
2.285000	1.146950	0.044664
2.290000	1.131519	0.044663
2.295000	1.107105	0.044663
2.300000	1.104059	0.044666
2.305000	1.133667	0.044665
2.310000	1.144876	0.044663
2.315000	1.115268	0.044663
2.320000	1.124468	0.044664
2.325000	1.135970	0.044663
2.330000	1.128101	0.044665
2.335000	1.140643	0.044664
2.340000	1.141158	0.044666
2.345000	1.126168	0.044667
2.350000	1.127802	0.044666
2.355000	1.106805	0.044665
2.360000	1.105101	0.044663
2.365000	1.139897	0.044666
2.370000	1.078535	0.044661
2.375000	1.096714	0.044666
2.380000	1.117339	0.044667
2.385000	1.132693	0.044669
2.390000	1.112742	0.044665
2.395000	1.076048	0.066643
2.400000	1.076048	0.066643
2.405000	1.106062	0.044666
2.410000	1.142267	0.044668
2.415000	1.115341	0.044663
2.420000	1.112071	0.044667
2.425000	1.113853	0.044666
2.430000	1.105391	0.044670
2.435000	1.107840	0.044669
2.440000	1.140409	0.044669
2.445000	1.117188	0.044669
2.450000	1.129493	0.044674
