0.450000	nan	nan
0.455000	nan	nan
0.460000	nan	nan
0.465000	nan	nan
0.470000	nan	nan
0.475000	nan	nan
0.480000	nan	nan
0.485000	nan	nan
0.490000	nan	nan
0.495000	nan	nan
0.500000	nan	nan
0.505000	nan	nan
0.510000	nan	nan
0.515000	nan	nan
0.520000	nan	nan
0.525000	nan	nan
0.530000	nan	nan
0.535000	nan	nan
0.540000	nan	nan
0.545000	nan	nan
0.550000	nan	nan
0.555000	nan	nan
0.560000	nan	nan
0.565000	nan	nan
0.570000	nan	nan
0.575000	nan	nan
0.580000	nan	nan
0.585000	nan	nan
0.590000	nan	nan
0.595000	nan	nan
0.600000	nan	nan
0.605000	nan	nan
0.610000	nan	nan
0.615000	nan	nan
0.620000	nan	nan
0.625000	nan	nan
0.630000	nan	nan
0.635000	nan	nan
0.640000	nan	nan
0.645000	nan	nan
0.650000	nan	nan
0.655000	nan	nan
0.660000	nan	nan
0.665000	nan	nan
0.670000	nan	nan
0.675000	nan	nan
0.680000	nan	nan
0.685000	nan	nan
0.690000	nan	nan
0.695000	nan	nan
0.700000	nan	nan
0.705000	nan	nan
0.710000	nan	nan
0.715000	nan	nan
0.720000	nan	nan
0.725000	nan	nan
0.730000	nan	nan
0.735000	nan	nan
0.740000	nan	nan
0.745000	nan	nan
0.750000	nan	nan
0.755000	nan	nan
0.760000	nan	nan
0.765000	nan	nan
0.770000	nan	nan
0.775000	nan	nan
0.780000	1.179393	0.058623
0.785000	1.148573	0.058620
0.790000	1.140410	0.058620
0.795000	1.122251	0.058623
0.800000	1.126190	0.058616
0.805000	1.126281	0.058614
0.810000	1.086654	0.058613
0.815000	1.070053	0.058614
0.820000	1.104726	0.058615
0.825000	1.102885	0.058607
0.830000	1.123811	0.058624
0.835000	1.066188	0.058602
0.840000	1.098757	0.058607
0.845000	1.086553	0.058603
0.850000	1.070137	0.058606
0.855000	1.055175	0.058597
0.860000	1.048847	0.058599
0.865000	1.020313	0.058595
0.870000	1.024622	0.058594
0.875000	1.017191	0.058593
0.880000	1.026272	0.058593
0.885000	1.019478	0.058589
0.890000	1.020217	0.058593
0.895000	1.008840	0.058592
0.900000	0.982963	0.058587
0.905000	0.990305	0.058589
0.910000	0.997092	0.058588
0.915000	0.976909	0.058588
0.920000	0.984980	0.058586
0.925000	0.978195	0.058589
0.930000	0.987101	0.058594
0.935000	0.985358	0.058594
0.940000	0.973617	0.058595
0.945000	0.982151	0.058596
0.950000	1.003426	0.058591
0.955000	0.968751	0.058592
0.960000	0.965254	0.058586
0.965000	0.983514	0.058588
0.970000	0.987634	0.058583
0.975000	1.000024	0.058586
0.980000	1.000940	0.058584
0.985000	0.993969	0.058585
0.990000	0.995437	0.058586
0.995000	0.999194	0.058582
1.000000	1.002497	0.058583
1.005000	0.982039	0.058583
1.010000	0.973142	0.058585
1.015000	0.991029	0.058583
1.020000	1.002680	0.058582
1.025000	0.990843	0.058581
1.030000	1.008644	0.058583
1.035000	1.020662	0.058582
1.040000	1.025986	0.058584
1.045000	1.040665	0.058584
1.050000	1.035160	0.058585
1.055000	1.044883	0.058583
1.060000	1.030204	0.058583
1.065000	1.017910	0.058583
1.070000	1.011030	0.058583
1.075000	1.023140	0.058583
1.080000	1.038462	0.058584
1.085000	1.026998	0.058587
1.090000	1.055715	0.058589
1.095000	1.058102	0.058590
1.100000	1.057642	0.058589
1.105000	1.048832	0.058586
1.110000	1.031867	0.058592
1.115000	1.049572	0.058592
1.120000	1.092425	0.058604
1.125000	1.085727	0.058603
1.130000	1.078849	0.058604
1.135000	1.083350	0.058611
1.140000	1.077844	0.058608
1.145000	1.131056	0.058623
1.150000	1.081880	0.058608
1.155000	1.098290	0.058597
1.160000	1.113887	0.058599
1.165000	1.086638	0.058595
1.170000	1.106816	0.058591
1.175000	1.115257	0.058591
1.180000	1.123147	0.058592
1.185000	1.114250	0.058595
1.190000	1.146542	0.058595
1.195000	1.151771	0.058596
1.200000	1.174155	0.058596
1.205000	1.142416	0.058600
1.210000	1.143793	0.058601
1.215000	1.148927	0.058595
1.220000	1.164156	0.058598
1.225000	1.176723	0.058595
1.230000	1.141778	0.058607
1.235000	1.128384	0.058604
1.240000	1.159388	0.058602
1.245000	1.165809	0.058600
1.250000	1.181494	0.058596
1.255000	1.153881	0.058596
1.260000	1.161495	0.058596
1.265000	1.153977	0.058604
1.270000	1.175261	0.058612
1.275000	1.172599	0.058606
1.280000	1.187735	0.058609
1.285000	1.236076	0.058604
1.290000	1.212777	0.058605
1.295000	1.178927	0.058602
1.300000	1.220941	0.058611
1.305000	1.170949	0.058609
1.310000	1.163613	0.058614
1.315000	1.179387	0.058607
1.320000	1.195166	0.058612
1.325000	1.190761	0.058605
1.330000	1.162973	0.058620
1.335000	1.156920	0.058620
1.340000	1.144368	0.058645
1.345000	1.128518	0.058669
1.350000	1.231376	0.147288
1.355000	1.171853	0.059050
1.360000	1.231376	0.147288
1.365000	1.231376	0.147288
1.370000	1.190064	0.061389
1.375000	1.268051	0.059913
1.380000	1.182842	0.059382
1.385000	1.259971	0.059838
1.390000	1.315959	0.059301
1.395000	1.231376	0.147288
1.400000	1.287556	0.059308
1.405000	1.231376	0.147288
1.410000	1.272338	0.058847
1.415000	1.257966	0.058802
1.420000	1.295552	0.058744
1.425000	1.230390	0.058717
1.430000	1.265135	0.058695
1.435000	1.300336	0.058704
1.440000	1.231376	0.147288
1.445000	1.312158	0.058710
1.450000	1.308594	0.058689
1.455000	1.338767	0.058675
1.460000	1.282011	0.058674
1.465000	1.293664	0.058654
1.470000	1.345278	0.058673
1.475000	1.344069	0.058696
1.480000	1.296224	0.058671
1.485000	1.289717	0.058662
1.490000	1.232132	0.058649
1.495000	1.255424	0.058655
1.500000	1.257167	0.058652
1.505000	1.284225	0.058635
1.510000	1.273127	0.058637
1.515000	1.332734	0.058645
1.520000	1.351447	0.058639
1.525000	1.350984	0.058645
1.530000	1.269274	0.058640
1.535000	1.249374	0.058630
1.540000	1.318618	0.058633
1.545000	1.301472	0.058624
1.550000	1.313477	0.058642
1.555000	1.333099	0.058649
1.560000	1.325580	0.058647
1.565000	1.332370	0.058641
1.570000	1.371432	0.058649
1.575000	1.406550	0.058653
1.580000	1.331090	0.058635
1.585000	1.377493	0.058639
1.590000	1.417383	0.058643
1.595000	1.371610	0.058654
1.600000	1.306778	0.058652
1.605000	1.343439	0.058680
1.610000	1.379128	0.058656
1.615000	1.436252	0.058660
1.620000	1.383990	0.058654
1.625000	1.392265	0.058633
1.630000	1.349613	0.058639
1.635000	1.320719	0.058649
1.640000	1.442404	0.058654
1.645000	1.414439	0.058650
1.650000	1.412243	0.058647
1.655000	1.355290	0.058650
1.660000	1.359595	0.058657
1.665000	1.406265	0.058662
1.670000	1.365561	0.058651
1.675000	1.387751	0.058653
1.680000	1.374729	0.058653
1.685000	1.325486	0.058651
1.690000	1.295498	0.058652
1.695000	1.294855	0.058657
1.700000	1.302472	0.058644
1.705000	1.325762	0.058650
1.710000	1.366378	0.058660
1.715000	1.370684	0.058664
1.720000	1.355466	0.058660
1.725000	1.298979	0.058662
1.730000	1.359119	0.058678
1.735000	1.436962	0.058678
1.740000	1.405305	0.058700
1.745000	1.376541	0.058676
1.750000	1.360872	0.058665
1.755000	1.290628	0.058679
1.760000	1.335937	0.058655
1.765000	1.375255	0.058679
1.770000	1.324280	0.058675
1.775000	1.285955	0.058670
1.780000	1.337296	0.058680
1.785000	1.272657	0.058680
1.790000	1.272378	0.058696
1.795000	1.302153	0.058740
1.800000	1.173659	0.058744
1.805000	1.231376	0.147288
1.810000	1.231376	0.147288
1.815000	1.214562	0.059000
1.820000	1.231376	0.147288
1.825000	1.231376	0.147288
1.830000	1.231376	0.147288
1.835000	1.231376	0.147288
1.840000	1.231376	0.147288
1.845000	1.199635	0.076220
1.850000	1.231376	0.147288
1.855000	1.231376	0.147288
1.860000	1.231376	0.147288
1.865000	1.405786	0.063328
1.870000	1.396803	0.067619
1.875000	1.231376	0.147288
1.880000	1.231376	0.147288
1.885000	1.231376	0.147288
1.890000	1.231376	0.147288
1.895000	1.231376	0.147288
1.900000	1.170009	0.061453
1.905000	1.150757	0.062277
1.910000	1.241968	0.062150
1.915000	1.150321	0.060011
1.920000	1.295494	0.059757
1.925000	1.284294	0.059235
1.930000	1.315931	0.059351
1.935000	1.323735	0.059125
1.940000	1.200733	0.058932
1.945000	1.228470	0.058996
1.950000	1.283127	0.058903
1.955000	1.239000	0.058851
1.960000	1.313834	0.058834
1.965000	1.313853	0.058798
1.970000	1.281255	0.058744
1.975000	1.285117	0.058707
1.980000	1.274301	0.058705
1.985000	1.322248	0.058700
1.990000	1.283644	0.058727
1.995000	1.262012	0.058725
2.000000	1.330703	0.058810
2.005000	1.231376	0.147288
2.010000	1.176989	0.058830
2.015000	1.314308	0.058804
2.020000	1.280435	0.058729
2.025000	1.363453	0.058757
2.030000	1.359287	0.058697
2.035000	1.403036	0.058680
2.040000	1.347813	0.058716
2.045000	1.190602	0.058695
2.050000	1.181893	0.058698
2.055000	1.251747	0.058720
2.060000	1.232406	0.058738
2.065000	1.262015	0.058710
2.070000	1.364046	0.058707
2.075000	1.402356	0.058714
2.080000	1.425834	0.058705
2.085000	1.410071	0.058701
2.090000	1.341404	0.058706
2.095000	1.323184	0.058667
2.100000	1.319129	0.058703
2.105000	1.296858	0.058691
2.110000	1.390644	0.058694
2.115000	1.420436	0.058696
2.120000	1.319953	0.058705
2.125000	1.319599	0.058683
2.130000	1.325647	0.058688
2.135000	1.326559	0.058696
2.140000	1.436737	0.058709
2.145000	1.414691	0.058748
2.150000	1.363582	0.058713
2.155000	1.294900	0.058770
2.160000	1.340110	0.058721
2.165000	1.422743	0.058759
2.170000	1.345134	0.058744
2.175000	1.323788	0.058731
2.180000	1.361024	0.058703
2.185000	1.397483	0.058728
2.190000	1.294560	0.058704
2.195000	1.342027	0.058732
2.200000	1.328185	0.058735
2.205000	1.344137	0.058729
2.210000	1.231376	0.147288
2.215000	1.376828	0.058762
2.220000	1.226998	0.058706
2.225000	1.219943	0.058760
2.230000	1.215356	0.058714
2.235000	1.315731	0.058714
2.240000	1.347257	0.058724
2.245000	1.306285	0.058724
2.250000	1.278785	0.058728
2.255000	1.388059	0.058711
2.260000	1.421944	0.058737
2.265000	1.286849	0.058735
2.270000	1.303362	0.058701
2.275000	1.343968	0.058709
2.280000	1.299230	0.058717
2.285000	1.347525	0.058733
2.290000	1.270995	0.058727
2.295000	1.277225	0.058734
2.300000	1.384828	0.058734
2.305000	1.298839	0.058772
2.310000	1.291531	0.058715
2.315000	1.351810	0.058763
2.320000	1.347150	0.058745
2.325000	1.477161	0.058769
2.330000	1.338876	0.058781
2.335000	1.247619	0.058748
2.340000	1.252845	0.058737
2.345000	1.244227	0.058772
2.350000	1.285180	0.058788
2.355000	1.432174	0.058764
2.360000	1.386063	0.058782
2.365000	1.343854	0.058740
2.370000	1.231376	0.147288
2.375000	1.231376	0.147288
2.380000	1.312475	0.058806
2.385000	1.225166	0.058744
2.390000	1.416259	0.058816
2.395000	1.412440	0.058792
2.400000	1.449910	0.058859
2.405000	1.417874	0.058845
2.410000	1.239000	0.058850
2.415000	1.343595	0.058845
2.420000	1.445536	0.058843
2.425000	1.345323	0.058861
2.430000	1.315843	0.058846
2.435000	1.231376	0.147288
2.440000	1.208405	0.058816
2.445000	1.231376	0.147288
2.450000	1.231376	0.147288
