0.450000	nan	nan
0.455000	nan	nan
0.460000	nan	nan
0.465000	nan	nan
0.470000	nan	nan
0.475000	nan	nan
0.480000	nan	nan
0.485000	nan	nan
0.490000	nan	nan
0.495000	nan	nan
0.500000	nan	nan
0.505000	nan	nan
0.510000	nan	nan
0.515000	nan	nan
0.520000	nan	nan
0.525000	nan	nan
0.530000	nan	nan
0.535000	nan	nan
0.540000	nan	nan
0.545000	nan	nan
0.550000	nan	nan
0.555000	nan	nan
0.560000	nan	nan
0.565000	nan	nan
0.570000	nan	nan
0.575000	nan	nan
0.580000	nan	nan
0.585000	nan	nan
0.590000	nan	nan
0.595000	nan	nan
0.600000	nan	nan
0.605000	nan	nan
0.610000	nan	nan
0.615000	nan	nan
0.620000	nan	nan
0.625000	nan	nan
0.630000	nan	nan
0.635000	nan	nan
0.640000	nan	nan
0.645000	nan	nan
0.650000	nan	nan
0.655000	nan	nan
0.660000	nan	nan
0.665000	nan	nan
0.670000	nan	nan
0.675000	nan	nan
0.680000	nan	nan
0.685000	nan	nan
0.690000	nan	nan
0.695000	nan	nan
0.700000	nan	nan
0.705000	0.812791	0.012637
0.710000	1.004745	0.062739
0.715000	0.819821	0.012544
0.720000	0.867230	0.012560
0.725000	0.841406	0.012492
0.730000	0.877656	0.012499
0.735000	0.881261	0.012475
0.740000	0.885674	0.012481
0.745000	0.917512	0.012480
0.750000	1.004745	0.062739
0.755000	0.931430	0.012494
0.760000	1.004745	0.062739
0.765000	1.004745	0.062739
0.770000	0.922001	0.012448
0.775000	0.927691	0.012462
0.780000	0.913189	0.012459
0.785000	0.929933	0.012439
0.790000	0.901717	0.012446
0.795000	0.961588	0.012452
0.800000	0.931799	0.012448
0.805000	0.935620	0.012446
0.810000	0.951199	0.012444
0.815000	0.953061	0.012445
0.820000	0.897016	0.012450
0.825000	0.916120	0.012446
0.830000	0.926605	0.012445
0.835000	0.931895	0.012444
0.840000	0.943460	0.012449
0.845000	0.928077	0.012449
0.850000	0.914058	0.012437
0.855000	0.921602	0.012435
0.860000	0.931405	0.012443
0.865000	0.951096	0.012429
0.870000	0.956488	0.012436
0.875000	0.940709	0.012431
0.880000	0.945125	0.012447
0.885000	0.960306	0.012422
0.890000	0.938259	0.012431
0.895000	0.931886	0.012424
0.900000	0.952270	0.012423
0.905000	0.953742	0.012429
0.910000	0.952856	0.012419
0.915000	0.971381	0.012428
0.920000	0.964914	0.012429
0.925000	0.980788	0.012421
0.930000	0.975008	0.012431
0.935000	0.968540	0.012430
0.940000	0.952273	0.012433
0.945000	0.959043	0.012459
0.950000	0.956684	0.012435
0.955000	0.953640	0.012419
0.960000	0.963050	0.012421
0.965000	0.966382	0.012422
0.970000	0.985099	0.012414
0.975000	0.973732	0.012421
0.980000	0.962855	0.012427
0.985000	0.971673	0.012416
0.990000	0.974222	0.012423
0.995000	0.970988	0.012424
1.000000	0.973928	0.012420
1.005000	1.000291	0.012416
1.010000	1.008915	0.012424
1.015000	0.993430	0.012413
1.020000	1.015089	0.012419
1.025000	1.025282	0.012421
1.030000	1.011954	0.012413
1.035000	1.002545	0.012419
1.040000	0.981669	0.012416
1.045000	0.981376	0.012417
1.050000	1.004995	0.012413
1.055000	1.021655	0.012423
1.060000	1.015579	0.012421
1.065000	0.982257	0.012416
1.070000	0.977064	0.012423
1.075000	0.979416	0.012421
1.080000	0.967657	0.012425
1.085000	1.009306	0.012441
1.090000	1.024985	0.012442
1.095000	1.022928	0.012433
1.100000	1.012933	0.012424
1.105000	1.012442	0.012439
1.110000	1.037138	0.012432
1.115000	1.043506	0.012436
1.120000	1.041937	0.012444
1.125000	1.011558	0.012481
1.130000	0.996470	0.012439
1.135000	1.004701	0.012425
1.140000	1.008229	0.012440
1.145000	1.001075	0.012436
1.150000	0.996077	0.012436
1.155000	1.001859	0.012430
1.160000	0.980890	0.012443
1.165000	0.950213	0.012426
1.170000	0.958445	0.012427
1.175000	0.973244	0.012430
1.180000	0.990393	0.012430
1.185000	0.991568	0.012421
1.190000	0.967458	0.012414
1.195000	0.961387	0.012434
1.200000	0.986768	0.012431
1.205000	1.011659	0.012430
1.210000	1.004603	0.012450
1.215000	0.990884	0.012439
1.220000	1.007543	0.012445
1.225000	1.026161	0.012441
1.230000	1.018910	0.012432
1.235000	1.019989	0.012429
1.240000	0.998919	0.012431
1.245000	0.989807	0.012444
1.250000	1.021556	0.012436
1.255000	1.014401	0.012449
1.260000	0.979909	0.012436
1.265000	0.981282	0.012444
1.270000	0.983732	0.012446
1.275000	0.959721	0.012434
1.280000	0.974128	0.012444
1.285000	1.038218	0.012420
1.290000	1.042517	0.012473
1.295000	1.025572	0.012445
1.300000	1.013423	0.012433
1.305000	0.971776	0.012442
1.310000	0.980597	0.012452
1.315000	1.001075	0.012428
1.320000	0.997940	0.012452
1.325000	0.997646	0.012459
1.330000	1.013225	0.012458
1.335000	1.015578	0.012440
1.340000	1.022729	0.012456
1.345000	1.044773	0.012465
1.350000	1.061298	0.012552
1.355000	1.080068	0.012805
1.360000	1.071726	0.012876
1.365000	1.049231	0.012628
1.370000	1.004745	0.062739
1.375000	1.039726	0.012681
1.380000	0.973869	0.012612
1.385000	0.963880	0.012593
1.390000	0.964367	0.012583
1.395000	0.992560	0.012565
1.400000	1.038374	0.012601
1.405000	0.973753	0.012523
1.410000	1.004745	0.062739
1.415000	0.992948	0.012517
1.420000	0.959741	0.012500
1.425000	0.995687	0.012468
1.430000	0.998333	0.012469
1.435000	0.971496	0.012506
1.440000	0.966493	0.012473
1.445000	0.998724	0.012461
1.450000	0.996961	0.012461
1.455000	0.999312	0.012463
1.460000	1.021259	0.012462
1.465000	0.993238	0.012463
1.470000	0.974626	0.012481
1.475000	0.976784	0.012495
1.480000	1.024200	0.012448
1.485000	1.008816	0.012448
1.490000	0.974326	0.012451
1.495000	1.045758	0.012446
1.500000	1.023415	0.012456
1.505000	0.973541	0.012444
1.510000	0.968539	0.012426
1.515000	0.993630	0.012472
1.520000	0.973444	0.012449
1.525000	0.925326	0.012436
1.530000	0.933847	0.012426
1.535000	0.999802	0.012448
1.540000	1.011756	0.012451
1.545000	1.001467	0.012446
1.550000	0.990884	0.012439
1.555000	0.990884	0.012441
1.560000	0.978245	0.012450
1.565000	0.971979	0.012473
1.570000	1.017733	0.012444
1.575000	1.072310	0.012450
1.580000	1.054571	0.012462
1.585000	1.063003	0.012448
1.590000	1.056434	0.012458
1.595000	1.020081	0.012481
1.600000	1.013912	0.012447
1.605000	1.035560	0.012481
1.610000	1.017242	0.012467
1.615000	0.991180	0.012462
1.620000	1.046737	0.012446
1.625000	1.066722	0.012458
1.630000	1.013714	0.012478
1.635000	0.985692	0.012447
1.640000	1.026452	0.012462
1.645000	1.056829	0.012450
1.650000	1.012636	0.012486
1.655000	0.957282	0.012468
1.660000	0.955710	0.012453
1.665000	0.954043	0.012450
1.670000	0.961109	0.012487
1.675000	0.977366	0.012468
1.680000	0.971094	0.012458
1.685000	0.987652	0.012451
1.690000	1.011658	0.012456
1.695000	1.000097	0.012483
1.700000	0.946702	0.012471
1.705000	0.924062	0.012455
1.710000	0.986188	0.012500
1.715000	1.031058	0.012457
1.720000	1.039773	0.012478
1.725000	1.037415	0.012507
1.730000	0.973061	0.012495
1.735000	0.951212	0.012481
1.740000	1.046235	0.012491
1.745000	1.076884	0.012516
1.750000	1.056706	0.012521
1.755000	1.036242	0.012497
1.760000	1.041435	0.012492
1.765000	1.041827	0.012492
1.770000	1.070220	0.012526
1.775000	1.103933	0.012490
1.780000	1.043676	0.012539
1.785000	1.078557	0.012500
1.790000	1.097937	0.012523
1.795000	1.096245	0.012568
1.800000	1.027310	0.012619
1.805000	1.004745	0.062739
1.810000	0.980050	0.012702
1.815000	1.008811	0.012649
1.820000	1.004897	0.012702
1.825000	1.013405	0.012741
1.830000	0.998644	0.012899
1.835000	1.058478	0.013547
1.840000	1.004745	0.062739
1.845000	1.011817	0.013206
1.850000	1.169955	0.013187
1.855000	1.107647	0.013200
1.860000	1.004745	0.062739
1.865000	1.007908	0.013632
1.870000	1.019104	0.013444
1.875000	0.965937	0.013328
1.880000	1.121419	0.012925
1.885000	1.212295	0.012965
1.890000	1.105472	0.012821
1.895000	1.035839	0.013016
1.900000	1.053397	0.013337
1.905000	1.009289	0.013006
1.910000	0.989574	0.013041
1.915000	1.004745	0.062739
1.920000	1.020922	0.012861
1.925000	1.064614	0.012828
1.930000	1.014577	0.012756
1.935000	1.040871	0.012799
1.940000	1.043146	0.012696
1.945000	1.014973	0.012694
1.950000	0.955951	0.012890
1.955000	0.952729	0.012897
1.960000	1.142883	0.012950
1.965000	1.044598	0.012754
1.970000	0.998438	0.012643
1.975000	1.113160	0.012600
1.980000	1.025057	0.012632
1.985000	0.946747	0.012588
1.990000	0.942168	0.012641
1.995000	0.968209	0.012683
2.000000	0.999232	0.012943
2.005000	0.933525	0.013371
2.010000	1.012502	0.013168
2.015000	1.169416	0.013062
2.020000	0.976445	0.012774
2.025000	1.075347	0.012661
2.030000	1.119769	0.012661
2.035000	1.014682	0.012655
2.040000	1.069393	0.012625
2.045000	1.065378	0.012633
2.050000	1.072781	0.012708
2.055000	1.132323	0.012627
2.060000	1.068810	0.012843
2.065000	0.990434	0.012858
2.070000	1.035031	0.012676
2.075000	1.014484	0.012690
2.080000	1.074170	0.012667
2.085000	1.114225	0.012616
2.090000	1.003429	0.012684
2.095000	1.011355	0.012641
2.100000	1.033669	0.012635
2.105000	0.993253	0.012659
2.110000	0.981707	0.012664
2.115000	0.932181	0.012629
2.120000	0.933679	0.012692
2.125000	0.983181	0.012703
2.130000	0.963112	0.012647
2.135000	1.030536	0.012641
2.140000	1.044408	0.012731
2.145000	0.951683	0.012705
2.150000	1.003820	0.012665
2.155000	1.025837	0.012653
2.160000	0.902824	0.012777
2.165000	0.864329	0.012702
2.170000	0.962444	0.012706
2.175000	0.966756	0.012738
2.180000	0.918224	0.012695
2.185000	1.006853	0.012675
2.190000	1.133264	0.012671
2.195000	1.069556	0.012701
2.200000	0.873031	0.012807
2.205000	0.915583	0.012695
2.210000	1.029134	0.012833
2.215000	1.018981	0.012725
2.220000	1.058300	0.012720
2.225000	1.041572	0.012732
2.230000	0.992187	0.012783
2.235000	0.985554	0.012900
2.240000	0.985934	0.012818
2.245000	1.132722	0.012732
2.250000	1.135847	0.012736
2.255000	1.039485	0.012871
2.260000	1.054080	0.012763
2.265000	1.032352	0.012875
2.270000	1.000597	0.012844
2.275000	0.988873	0.012875
2.280000	0.980453	0.012771
2.285000	0.955041	0.012801
2.290000	0.981233	0.012756
2.295000	1.017206	0.012892
2.300000	0.982826	0.012947
2.305000	1.071727	0.012875
2.310000	1.129069	0.012888
2.315000	1.045607	0.012993
2.320000	1.088998	0.012914
2.325000	1.004745	0.062739
2.330000	1.004745	0.062739
2.335000	1.149390	0.013084
2.340000	1.029771	0.013108
2.345000	0.921935	0.013031
2.350000	1.089848	0.012965
2.355000	1.004745	0.062739
2.360000	1.077116	0.013041
2.365000	0.929186	0.013269
2.370000	1.142530	0.013217
2.375000	1.161759	0.013104
2.380000	1.151495	0.012932
2.385000	1.088744	0.013183
2.390000	0.983431	0.013080
2.395000	0.982450	0.013043
2.400000	1.076898	0.012890
2.405000	1.004745	0.062739
2.410000	1.128863	0.013128
2.415000	1.004745	0.062739
2.420000	1.004745	0.062739
2.425000	1.176699	0.013254
2.430000	1.186553	0.013014
2.435000	1.089036	0.013348
2.440000	1.224513	0.013213
2.445000	1.004745	0.062739
2.450000	1.072147	0.013435
