0.450000	0.859577	0.027413
0.455000	0.850180	0.026626
0.460000	0.855595	0.026697
0.465000	0.864767	0.026561
0.470000	0.900406	0.026680
0.475000	0.868801	0.026613
0.480000	0.883981	0.026653
0.485000	0.923069	0.026626
0.490000	0.963128	0.026583
0.495000	0.900175	0.026639
0.500000	0.906938	0.026602
0.505000	0.966770	0.026502
0.510000	0.942679	0.026490
0.515000	1.093544	0.111177
0.520000	0.954616	0.026630
0.525000	1.093544	0.111177
0.530000	1.093544	0.111177
0.535000	0.978525	0.026510
0.540000	0.984013	0.026611
0.545000	1.010796	0.026591
0.550000	1.016693	0.026521
0.555000	0.999681	0.026479
0.560000	1.046812	0.026603
0.565000	1.007786	0.026591
0.570000	1.018350	0.026541
0.575000	1.015344	0.026551
0.580000	1.035909	0.026482
0.585000	0.991725	0.026495
0.590000	1.065442	0.026552
0.595000	1.004927	0.026482
0.600000	1.025243	0.026539
0.605000	1.005909	0.026510
0.610000	1.026203	0.026501
0.615000	1.053609	0.026616
0.620000	1.035431	0.026512
0.625000	1.051068	0.026525
0.630000	1.076505	0.026485
0.635000	1.058254	0.026527
0.640000	1.055535	0.026527
0.645000	1.040186	0.026498
0.650000	1.093544	0.111177
0.655000	1.056206	0.026478
0.660000	1.052905	0.026482
0.665000	1.050865	0.026479
0.670000	1.058737	0.026513
0.675000	1.065935	0.026608
0.680000	1.058356	0.026561
0.685000	1.057766	0.026516
0.690000	1.075922	0.026482
0.695000	1.080588	0.026550
0.700000	1.082337	0.026568
0.705000	1.096408	0.027002
0.710000	1.084672	0.026705
0.715000	1.059417	0.026517
0.720000	1.115055	0.026549
0.725000	1.086995	0.026502
0.730000	1.084761	0.026493
0.735000	1.088839	0.026483
0.740000	1.111564	0.026502
0.745000	1.102145	0.026486
0.750000	1.086606	0.026497
0.755000	1.087771	0.026482
0.760000	1.131942	0.026588
0.765000	1.154388	0.026509
0.770000	1.081273	0.026642
0.775000	1.114160	0.023495
0.780000	1.102199	0.023329
0.785000	1.115402	0.023207
0.790000	1.101797	0.023167
0.795000	1.092879	0.023120
0.800000	1.064399	0.023128
0.805000	1.095076	0.023111
0.810000	1.052028	0.023099
0.815000	1.040394	0.023106
0.820000	1.063766	0.023075
0.825000	1.043809	0.023071
0.830000	1.005567	0.023073
0.835000	1.022550	0.023078
0.840000	1.030898	0.023070
0.845000	1.005230	0.023067
0.850000	0.990559	0.023069
0.855000	1.001083	0.023069
0.860000	1.002104	0.023068
0.865000	0.991334	0.023077
0.870000	0.991467	0.023072
0.875000	0.979150	0.023073
0.880000	1.016716	0.023086
0.885000	0.997420	0.023082
0.890000	0.984845	0.023071
0.895000	0.953107	0.023084
0.900000	0.946272	0.023124
0.905000	0.935427	0.026535
0.910000	0.952825	0.023069
0.915000	0.960177	0.023067
0.920000	0.945573	0.023068
0.925000	0.939308	0.026531
0.930000	0.945620	0.026532
0.935000	0.952418	0.026533
0.940000	0.937950	0.026533
0.945000	0.939989	0.026532
0.950000	0.962224	0.026531
0.955000	0.953386	0.026528
0.960000	0.960084	0.026525
0.965000	0.965133	0.026525
0.970000	0.966200	0.026522
0.975000	0.968431	0.026519
0.980000	0.955127	0.026517
0.985000	0.966488	0.026517
0.990000	0.982122	0.026517
0.995000	0.993385	0.026516
1.000000	0.989015	0.026515
1.005000	0.980761	0.026514
1.010000	0.985907	0.026513
1.015000	0.984256	0.026513
1.020000	0.994937	0.026512
1.025000	1.007173	0.026512
1.030000	1.014650	0.026512
1.035000	1.013485	0.026513
1.040000	1.010572	0.026512
1.045000	1.024750	0.026513
1.050000	1.022419	0.026513
1.055000	1.026886	0.026513
1.060000	1.047764	0.026514
1.065000	1.054076	0.026515
1.070000	1.042812	0.026515
1.075000	1.046696	0.026515
1.080000	1.062621	0.026515
1.085000	1.077867	0.026515
1.090000	1.065729	0.026515
1.095000	1.061359	0.026516
1.100000	1.073109	0.026519
1.105000	1.105154	0.026516
1.110000	1.092142	0.026519
1.115000	1.076508	0.026517
1.120000	1.085927	0.026519
1.125000	1.090782	0.026522
1.130000	1.093113	0.026526
1.135000	1.116514	0.026529
1.140000	1.116417	0.026529
1.145000	1.112339	0.026529
1.150000	1.111465	0.026530
1.155000	1.085733	0.026527
1.160000	1.073984	0.026527
1.165000	1.084082	0.026522
1.170000	1.118942	0.026520
1.175000	1.124089	0.026519
1.180000	1.121370	0.026519
1.185000	1.130789	0.026518
1.190000	1.142539	0.026518
1.195000	1.142248	0.026518
1.200000	1.142927	0.026519
1.205000	1.146423	0.026519
1.210000	1.151568	0.026524
1.215000	1.128944	0.026522
1.220000	1.137974	0.026522
1.225000	1.167785	0.026521
1.230000	1.177301	0.026522
1.235000	1.177787	0.026521
1.240000	1.154191	0.026522
1.245000	1.176427	0.026523
1.250000	1.170601	0.026522
1.255000	1.157880	0.026523
1.260000	1.181961	0.026525
1.265000	1.200410	0.026526
1.270000	1.195652	0.026526
1.275000	1.213415	0.026537
1.280000	1.163511	0.026527
1.285000	1.176717	0.026525
1.290000	1.173707	0.026527
1.295000	1.204586	0.026525
1.300000	1.208569	0.026521
1.305000	1.215266	0.026525
1.310000	1.209442	0.026522
1.315000	1.197400	0.026524
1.320000	1.202353	0.026524
1.325000	1.206332	0.026527
1.330000	1.197011	0.026525
1.335000	1.209148	0.026527
1.340000	1.209924	0.026529
1.345000	1.201279	0.026535
1.350000	1.215741	0.026545
1.355000	1.217380	0.026566
1.360000	1.210859	0.026597
1.365000	1.222872	0.026636
1.370000	1.218490	0.026662
1.375000	1.210333	0.026673
1.380000	1.202384	0.026657
1.385000	1.190751	0.026628
1.390000	1.228116	0.026630
1.395000	1.252089	0.026630
1.400000	1.254238	0.026612
1.405000	1.231923	0.026597
1.410000	1.253960	0.026594
1.415000	1.226211	0.026571
1.420000	1.233400	0.026564
1.425000	1.217192	0.026555
1.430000	1.201365	0.026557
1.435000	1.234088	0.026551
1.440000	1.241759	0.026550
1.445000	1.234171	0.026572
1.450000	1.210692	0.026546
1.455000	1.218553	0.026551
1.460000	1.215543	0.026552
1.465000	1.201373	0.026542
1.470000	1.198844	0.026552
1.475000	1.266906	0.026548
1.480000	1.246222	0.026554
1.485000	1.245349	0.026552
1.490000	1.273803	0.026545
1.495000	1.240207	0.026548
1.500000	1.093544	0.111177
1.505000	1.238364	0.026544
1.510000	1.093544	0.111177
1.515000	1.227883	0.026536
1.520000	1.181273	0.026546
1.525000	1.265358	0.026541
1.530000	1.264675	0.026546
1.535000	1.245158	0.026548
1.540000	1.243406	0.026554
1.545000	1.198748	0.026549
1.550000	1.193891	0.026553
1.555000	1.212438	0.026548
1.560000	1.239241	0.026539
1.565000	1.252056	0.026541
1.570000	1.263901	0.026543
1.575000	1.241568	0.026545
1.580000	1.237969	0.026555
1.585000	1.216121	0.026561
1.590000	1.259034	0.026559
1.595000	1.286617	0.026547
1.600000	1.258656	0.026545
1.605000	1.281566	0.026549
1.610000	1.256501	0.026571
1.615000	1.182135	0.026574
1.620000	1.193114	0.026556
1.625000	1.247379	0.026565
1.630000	1.232635	0.026545
1.635000	1.212631	0.026551
1.640000	1.187583	0.026548
1.645000	1.223316	0.026542
1.650000	1.236514	0.026552
1.655000	1.218649	0.026554
1.660000	1.235641	0.026551
1.665000	1.263783	0.026569
1.670000	1.245738	0.026552
1.675000	1.233110	0.026561
1.680000	1.232239	0.026558
1.685000	1.205434	0.026574
1.690000	1.217575	0.026564
1.695000	1.209413	0.026578
1.700000	1.223979	0.026569
1.705000	1.224461	0.026577
1.710000	1.211074	0.026558
1.715000	1.128645	0.026572
1.720000	1.137480	0.026564
1.725000	1.200684	0.026560
1.730000	1.137769	0.026576
1.735000	1.202816	0.026568
1.740000	1.239218	0.026574
1.745000	1.237178	0.026577
1.750000	1.196214	0.026569
1.755000	1.170681	0.026570
1.760000	1.188443	0.026579
1.765000	1.177965	0.026564
1.770000	1.141557	0.026570
1.775000	1.115145	0.026621
1.780000	1.183777	0.026595
1.785000	1.190087	0.026594
1.790000	1.199599	0.026596
1.795000	1.157374	0.026595
1.800000	1.113402	0.026586
1.805000	1.223266	0.026627
1.810000	1.204524	0.026647
1.815000	1.093544	0.111177
1.820000	1.177735	0.026655
1.825000	1.129882	0.026718
1.830000	1.073515	0.026705
1.835000	1.240933	0.026766
1.840000	1.261833	0.026832
1.845000	1.207105	0.026907
1.850000	1.176636	0.026992
1.855000	1.140984	0.026969
1.860000	1.083909	0.026996
1.865000	1.091466	0.026930
1.870000	1.143981	0.026998
1.875000	1.068794	0.026998
1.880000	1.113065	0.027087
1.885000	1.136025	0.027054
1.890000	1.108337	0.026827
1.895000	1.165081	0.026774
1.900000	1.093544	0.111177
1.905000	1.093544	0.111177
1.910000	1.133531	0.026926
1.915000	1.133331	0.026959
1.920000	1.117349	0.026882
1.925000	1.049290	0.026855
1.930000	1.094180	0.026820
1.935000	1.148399	0.026771
1.940000	1.064595	0.026752
1.945000	1.057025	0.026728
1.950000	1.082733	0.026736
1.955000	1.057612	0.026757
1.960000	1.101066	0.026802
1.965000	1.144514	0.026795
1.970000	1.052766	0.026777
1.975000	1.016876	0.026766
1.980000	1.021319	0.026711
1.985000	1.031979	0.026667
1.990000	1.023535	0.026662
1.995000	1.092822	0.026663
2.000000	1.167136	0.026720
2.005000	1.132978	0.026769
2.010000	1.144563	0.026998
2.015000	1.062699	0.027060
2.020000	1.093544	0.111177
2.025000	1.083710	0.026884
2.030000	1.138597	0.026798
2.035000	1.127166	0.026718
2.040000	1.143955	0.026693
2.045000	1.097285	0.026690
2.050000	1.110480	0.026701
2.055000	1.058968	0.026743
2.060000	1.107566	0.026754
2.065000	1.182637	0.026772
2.070000	1.093544	0.111177
2.075000	1.064011	0.026740
2.080000	1.141330	0.026720
2.085000	1.079919	0.026714
2.090000	1.065945	0.026686
2.095000	1.152788	0.026681
2.100000	1.144347	0.026678
2.105000	1.096024	0.026678
2.110000	1.150745	0.026701
2.115000	1.183736	0.026694
2.120000	1.182173	0.026721
2.125000	1.167630	0.026693
2.130000	1.146089	0.026699
2.135000	1.176068	0.026703
2.140000	1.196248	0.026704
2.145000	1.187029	0.026708
2.150000	1.166061	0.026743
2.155000	1.173434	0.026742
2.160000	1.157032	0.026769
2.165000	1.105140	0.026771
2.170000	1.172457	0.026761
2.175000	1.149845	0.026805
2.180000	1.122501	0.026779
2.185000	1.209281	0.026825
2.190000	1.148200	0.026792
2.195000	1.093544	0.111177
2.200000	1.205120	0.026808
2.205000	1.243976	0.026853
2.210000	1.093544	0.111177
2.215000	1.093544	0.111177
2.220000	1.152363	0.026817
2.225000	1.149451	0.026830
2.230000	1.207614	0.026860
2.235000	1.135768	0.026884
2.240000	1.156997	0.026888
2.245000	1.222146	0.026879
2.250000	1.260635	0.026877
2.255000	1.255376	0.026908
2.260000	1.254494	0.026922
2.265000	1.241980	0.026937
2.270000	1.200705	0.026912
2.275000	1.169587	0.026922
2.280000	1.226658	0.026951
2.285000	1.229556	0.026965
2.290000	1.241935	0.027002
2.295000	1.262690	0.026976
2.300000	1.202619	0.026961
2.305000	1.218485	0.027007
2.310000	1.218317	0.026963
2.315000	1.204738	0.026986
2.320000	1.262262	0.027028
2.325000	1.184196	0.026986
2.330000	1.093544	0.111177
2.335000	1.218288	0.027013
2.340000	1.231133	0.027076
2.345000	1.114032	0.027105
2.350000	1.195977	0.027071
2.355000	1.193371	0.027052
2.360000	1.160039	0.027083
2.365000	1.093544	0.111177
2.370000	1.212893	0.027133
2.375000	1.096116	0.027142
2.380000	1.120038	0.027092
2.385000	1.232420	0.027183
2.390000	1.204582	0.027101
2.395000	1.301494	0.027131
2.400000	1.310084	0.027159
2.405000	1.125941	0.027124
2.410000	1.093544	0.111177
2.415000	1.144124	0.027214
2.420000	1.190967	0.027224
2.425000	1.093544	0.111177
2.430000	1.093544	0.111177
2.435000	1.190297	0.027209
2.440000	1.179869	0.027382
2.445000	1.093544	0.111177
2.450000	1.159710	0.027517
