0.450000	nan	nan
0.455000	nan	nan
0.460000	nan	nan
0.465000	nan	nan
0.470000	nan	nan
0.475000	nan	nan
0.480000	nan	nan
0.485000	nan	nan
0.490000	nan	nan
0.495000	nan	nan
0.500000	nan	nan
0.505000	nan	nan
0.510000	nan	nan
0.515000	nan	nan
0.520000	nan	nan
0.525000	nan	nan
0.530000	nan	nan
0.535000	nan	nan
0.540000	nan	nan
0.545000	nan	nan
0.550000	nan	nan
0.555000	nan	nan
0.560000	nan	nan
0.565000	nan	nan
0.570000	nan	nan
0.575000	nan	nan
0.580000	nan	nan
0.585000	nan	nan
0.590000	nan	nan
0.595000	nan	nan
0.600000	nan	nan
0.605000	nan	nan
0.610000	nan	nan
0.615000	nan	nan
0.620000	nan	nan
0.625000	nan	nan
0.630000	nan	nan
0.635000	nan	nan
0.640000	nan	nan
0.645000	nan	nan
0.650000	nan	nan
0.655000	nan	nan
0.660000	nan	nan
0.665000	nan	nan
0.670000	nan	nan
0.675000	nan	nan
0.680000	nan	nan
0.685000	nan	nan
0.690000	nan	nan
0.695000	nan	nan
0.700000	nan	nan
0.705000	nan	nan
0.710000	nan	nan
0.715000	nan	nan
0.720000	nan	nan
0.725000	nan	nan
0.730000	nan	nan
0.735000	nan	nan
0.740000	nan	nan
0.745000	nan	nan
0.750000	nan	nan
0.755000	nan	nan
0.760000	nan	nan
0.765000	nan	nan
0.770000	1.099117	0.086171
0.775000	1.123155	0.086168
0.780000	1.101078	0.086159
0.785000	1.122647	0.086153
0.790000	1.094895	0.086153
0.795000	1.087652	0.086156
0.800000	1.076536	0.086157
0.805000	1.088882	0.086153
0.810000	1.129983	0.086161
0.815000	1.051985	0.086151
0.820000	1.080233	0.086151
0.825000	1.074558	0.086156
0.830000	1.068051	0.086155
0.835000	1.067960	0.086149
0.840000	1.078995	0.086149
0.845000	1.063359	0.086156
0.850000	1.035759	0.086149
0.855000	1.019042	0.086150
0.860000	1.018374	0.086145
0.865000	1.019533	0.086148
0.870000	1.026438	0.086142
0.875000	1.034934	0.086148
0.880000	1.039945	0.086142
0.885000	1.043161	0.086144
0.890000	1.025530	0.086140
0.895000	1.015320	0.086142
0.900000	1.030651	0.086148
0.905000	1.015339	0.086151
0.910000	0.990778	0.086143
0.915000	0.983934	0.086139
0.920000	0.971343	0.086144
0.925000	0.972483	0.086138
0.930000	0.990037	0.086143
0.935000	0.968213	0.086144
0.940000	0.961629	0.086145
0.945000	0.967222	0.086142
0.950000	0.958647	0.086139
0.955000	0.978661	0.086139
0.960000	0.993399	0.086137
0.965000	0.978662	0.086139
0.970000	0.979148	0.086136
0.975000	0.988286	0.086134
0.980000	1.011849	0.086137
0.985000	1.010360	0.086134
0.990000	0.984339	0.086137
0.995000	0.982032	0.086136
1.000000	0.999412	0.086137
1.005000	1.004596	0.086134
1.010000	1.002211	0.086136
1.015000	1.003037	0.086137
1.020000	1.013326	0.086134
1.025000	1.024287	0.086137
1.030000	1.039194	0.086137
1.035000	1.059216	0.086141
1.040000	1.057069	0.086137
1.045000	1.043720	0.086134
1.050000	1.025432	0.086133
1.055000	1.031612	0.086134
1.060000	1.039363	0.086139
1.065000	1.039779	0.086141
1.070000	1.026516	0.086139
1.075000	1.014817	0.086138
1.080000	1.053446	0.086138
1.085000	1.076678	0.086141
1.090000	1.063748	0.086142
1.095000	1.054690	0.086143
1.100000	1.060039	0.086140
1.105000	1.070829	0.086140
1.110000	1.078490	0.086141
1.115000	1.095625	0.086144
1.120000	1.106005	0.086147
1.125000	1.098759	0.086148
1.130000	1.093744	0.086155
1.135000	1.093811	0.086143
1.140000	1.089616	0.086147
1.145000	1.078987	0.086143
1.150000	1.108311	0.086146
1.155000	1.113502	0.086149
1.160000	1.104613	0.086154
1.165000	1.112098	0.086146
1.170000	1.116297	0.086144
1.175000	1.131366	0.086141
1.180000	1.153274	0.086141
1.185000	1.176912	0.086141
1.190000	1.174938	0.086147
1.195000	1.174526	0.086148
1.200000	1.155664	0.086144
1.205000	1.145617	0.086144
1.210000	1.169994	0.086141
1.215000	1.164147	0.086144
1.220000	1.141170	0.086145
1.225000	1.134087	0.086144
1.230000	1.124286	0.086144
1.235000	1.104849	0.086144
1.240000	1.109050	0.086144
1.245000	1.133916	0.086137
1.250000	1.164397	0.086149
1.255000	1.152375	0.086152
1.260000	1.126765	0.086154
1.265000	1.140019	0.086148
1.270000	1.169420	0.086147
1.275000	1.157313	0.086145
1.280000	1.162091	0.086148
1.285000	1.184985	0.086145
1.290000	1.172219	0.086144
1.295000	1.163408	0.086147
1.300000	1.165712	0.086144
1.305000	1.163077	0.086144
1.310000	1.185480	0.086149
1.315000	1.191245	0.086149
1.320000	1.181612	0.086157
1.325000	1.211998	0.086151
1.330000	1.231763	0.086151
1.335000	1.212245	0.086157
1.340000	1.208375	0.086163
1.345000	1.199650	0.086199
1.350000	1.238318	0.086252
1.355000	1.183513	0.086479
1.360000	1.239730	0.086690
1.365000	1.219613	0.086512
1.370000	1.217239	0.086470
1.375000	1.196226	0.086436
1.380000	1.208622	0.086342
1.385000	1.209855	0.086307
1.390000	1.217253	0.086313
1.395000	1.227532	0.086302
1.400000	1.264683	0.086319
1.405000	1.275906	0.086259
1.410000	1.251251	0.086213
1.415000	1.275034	0.086215
1.420000	1.280155	0.086191
1.425000	1.254630	0.086205
1.430000	1.222287	0.086185
1.435000	1.226073	0.086192
1.440000	1.290856	0.086191
1.445000	1.299274	0.086169
1.450000	1.234309	0.086177
1.455000	1.230690	0.086162
1.460000	1.286102	0.086168
1.465000	1.291038	0.086172
1.470000	1.264524	0.086175
1.475000	1.303292	0.086185
1.480000	1.333097	0.086182
1.485000	1.316571	0.086164
1.490000	1.306695	0.086159
1.495000	1.295324	0.086167
1.500000	1.208723	0.151930
1.505000	1.269148	0.086155
1.510000	1.277880	0.086152
1.515000	1.278457	0.086152
1.520000	1.313045	0.086152
1.525000	1.375378	0.086156
1.530000	1.395554	0.086155
1.535000	1.356906	0.086171
1.540000	1.356598	0.086158
1.545000	1.396957	0.086154
1.550000	1.358978	0.086163
1.555000	1.309898	0.086167
1.560000	1.334600	0.086167
1.565000	1.327526	0.086162
1.570000	1.335116	0.086151
1.575000	1.356266	0.086160
1.580000	1.337898	0.086164
1.585000	1.309579	0.086158
1.590000	1.309737	0.086164
1.595000	1.313497	0.086188
1.600000	1.368617	0.086161
1.605000	1.391980	0.086172
1.610000	1.359296	0.086170
1.615000	1.363427	0.086162
1.620000	1.398755	0.086161
1.625000	1.400243	0.086158
1.630000	1.376093	0.086170
1.635000	1.383331	0.086174
1.640000	1.406298	0.086175
1.645000	1.369249	0.086175
1.650000	1.299675	0.086180
1.655000	1.343816	0.086171
1.660000	1.374281	0.086170
1.665000	1.371623	0.086183
1.670000	1.387288	0.086171
1.675000	1.336400	0.086175
1.680000	1.280164	0.086180
1.685000	1.281643	0.086184
1.690000	1.338791	0.086173
1.695000	1.358791	0.086177
1.700000	1.376325	0.086178
1.705000	1.365464	0.086174
1.710000	1.289798	0.086177
1.715000	1.232002	0.086182
1.720000	1.253663	0.086162
1.725000	1.320996	0.086182
1.730000	1.330448	0.086193
1.735000	1.311855	0.086184
1.740000	1.374403	0.086194
1.745000	1.208723	0.151930
1.750000	1.399194	0.086187
1.755000	1.310864	0.086187
1.760000	1.305349	0.086187
1.765000	1.339696	0.086173
1.770000	1.256861	0.086189
1.775000	1.246898	0.086194
1.780000	1.355373	0.086203
1.785000	1.245330	0.086203
1.790000	1.176613	0.086227
1.795000	1.308322	0.086253
1.800000	1.256995	0.086245
1.805000	1.185263	0.086264
1.810000	1.318040	0.086312
1.815000	1.340214	0.086383
1.820000	1.239962	0.086494
1.825000	1.267545	0.086593
1.830000	1.245856	0.086921
1.835000	1.190272	0.087803
1.840000	1.149199	0.087555
1.845000	1.264721	0.087432
1.850000	1.359415	0.087460
1.855000	1.284807	0.087488
1.860000	1.164516	0.087057
1.865000	1.208723	0.151930
1.870000	1.122171	0.087933
1.875000	1.102480	0.087604
1.880000	1.246088	0.086756
1.885000	1.329526	0.086452
1.890000	1.320715	0.086803
1.895000	1.277372	0.086923
1.900000	1.126805	0.087622
1.905000	1.135091	0.087163
1.910000	1.168994	0.086859
1.915000	1.288595	0.086699
1.920000	1.321062	0.086657
1.925000	1.392775	0.086509
1.930000	1.229203	0.086543
1.935000	1.138416	0.086417
1.940000	1.097540	0.086362
1.945000	1.216350	0.086300
1.950000	1.394392	0.086321
1.955000	1.379060	0.086387
1.960000	1.255122	0.086369
1.965000	1.224494	0.086276
1.970000	1.274181	0.086256
1.975000	1.265487	0.086216
1.980000	1.236272	0.086218
1.985000	1.241367	0.086238
1.990000	1.264726	0.086249
1.995000	1.251555	0.086267
2.000000	1.187277	0.086436
2.005000	1.136732	0.086467
2.010000	1.146199	0.086391
2.015000	1.324806	0.086356
2.020000	1.321821	0.086312
2.025000	1.277565	0.086241
2.030000	1.223760	0.086239
2.035000	1.213805	0.086231
2.040000	1.333282	0.086227
2.045000	1.389413	0.086303
2.050000	1.303090	0.086300
2.055000	1.155433	0.086311
2.060000	1.165952	0.086302
2.065000	1.362900	0.086278
2.070000	1.389648	0.086309
2.075000	1.272654	0.086322
2.080000	1.388845	0.086258
2.085000	1.367958	0.086254
2.090000	1.253845	0.086294
2.095000	1.299017	0.086262
2.100000	1.368190	0.086263
2.105000	1.389755	0.086255
2.110000	1.304605	0.086267
2.115000	1.290696	0.086277
2.120000	1.414681	0.086254
2.125000	1.438737	0.086273
2.130000	1.340934	0.086284
2.135000	1.263060	0.086284
2.140000	1.357902	0.086267
2.145000	1.442826	0.086282
2.150000	1.372730	0.086299
2.155000	1.276285	0.086303
2.160000	1.210677	0.086312
2.165000	1.250068	0.086281
2.170000	1.286660	0.086285
2.175000	1.209362	0.086269
2.180000	1.212570	0.086268
2.185000	1.309012	0.086298
2.190000	1.384430	0.086286
2.195000	1.447018	0.086283
2.200000	1.256710	0.086317
2.205000	1.208723	0.151930
2.210000	1.284204	0.086271
2.215000	1.404402	0.086291
2.220000	1.304247	0.086294
2.225000	1.199661	0.086309
2.230000	1.304425	0.086282
2.235000	1.358401	0.086313
2.240000	1.232539	0.086331
2.245000	1.235914	0.086315
2.250000	1.308073	0.086330
2.255000	1.282038	0.086305
2.260000	1.280315	0.086302
2.265000	1.273249	0.086294
2.270000	1.267314	0.086317
2.275000	1.215280	0.086316
2.280000	1.216760	0.086319
2.285000	1.332356	0.086302
2.290000	nan	nan
2.295000	nan	nan
2.300000	nan	nan
2.305000	nan	nan
2.310000	nan	nan
2.315000	nan	nan
2.320000	nan	nan
2.325000	nan	nan
2.330000	nan	nan
2.335000	nan	nan
2.340000	nan	nan
2.345000	nan	nan
2.350000	nan	nan
2.355000	nan	nan
2.360000	nan	nan
2.365000	nan	nan
2.370000	nan	nan
2.375000	nan	nan
2.380000	nan	nan
2.385000	nan	nan
2.390000	nan	nan
2.395000	nan	nan
2.400000	nan	nan
2.405000	nan	nan
2.410000	nan	nan
2.415000	nan	nan
2.420000	nan	nan
2.425000	nan	nan
2.430000	nan	nan
2.435000	nan	nan
2.440000	nan	nan
2.445000	nan	nan
2.450000	nan	nan
