0.450000	nan	nan
0.455000	nan	nan
0.460000	nan	nan
0.465000	nan	nan
0.470000	nan	nan
0.475000	nan	nan
0.480000	nan	nan
0.485000	nan	nan
0.490000	nan	nan
0.495000	nan	nan
0.500000	nan	nan
0.505000	nan	nan
0.510000	nan	nan
0.515000	nan	nan
0.520000	nan	nan
0.525000	nan	nan
0.530000	nan	nan
0.535000	nan	nan
0.540000	nan	nan
0.545000	nan	nan
0.550000	nan	nan
0.555000	nan	nan
0.560000	nan	nan
0.565000	nan	nan
0.570000	nan	nan
0.575000	nan	nan
0.580000	nan	nan
0.585000	nan	nan
0.590000	nan	nan
0.595000	nan	nan
0.600000	nan	nan
0.605000	nan	nan
0.610000	nan	nan
0.615000	nan	nan
0.620000	nan	nan
0.625000	nan	nan
0.630000	nan	nan
0.635000	nan	nan
0.640000	nan	nan
0.645000	nan	nan
0.650000	nan	nan
0.655000	nan	nan
0.660000	nan	nan
0.665000	nan	nan
0.670000	nan	nan
0.675000	nan	nan
0.680000	nan	nan
0.685000	nan	nan
0.690000	nan	nan
0.695000	nan	nan
0.700000	nan	nan
0.705000	nan	nan
0.710000	nan	nan
0.715000	nan	nan
0.720000	nan	nan
0.725000	nan	nan
0.730000	nan	nan
0.735000	nan	nan
0.740000	nan	nan
0.745000	nan	nan
0.750000	nan	nan
0.755000	nan	nan
0.760000	nan	nan
0.765000	1.265412	0.139354
0.770000	1.265980	0.139354
0.775000	1.270112	0.139354
0.780000	1.266615	0.139354
0.785000	1.262281	0.139353
0.790000	1.262498	0.139353
0.795000	1.263066	0.139353
0.800000	1.259855	0.139353
0.805000	1.259084	0.139353
0.810000	1.256457	0.139353
0.815000	1.255621	0.139353
0.820000	1.252492	0.139353
0.825000	1.252509	0.139353
0.830000	1.250417	0.139353
0.835000	1.248696	0.139354
0.840000	1.245215	0.139353
0.845000	1.246502	0.139353
0.850000	1.243959	0.139353
0.855000	1.247038	0.139353
0.860000	1.241179	0.139353
0.865000	1.236831	0.139353
0.870000	1.235037	0.139353
0.875000	1.233464	0.139353
0.880000	1.232811	0.139353
0.885000	1.233631	0.139353
0.890000	1.233549	0.139353
0.895000	1.233749	0.139353
0.900000	1.233013	0.139353
0.905000	1.231053	0.139353
0.910000	1.229079	0.139353
0.915000	1.229346	0.139353
0.920000	1.228675	0.139353
0.925000	1.230216	0.139353
0.930000	1.231588	0.139353
0.935000	1.229764	0.139353
0.940000	1.228158	0.139353
0.945000	1.226299	0.139353
0.950000	1.225662	0.139353
0.955000	1.226298	0.139353
0.960000	1.225982	0.139353
0.965000	1.227689	0.139353
0.970000	1.228474	0.139353
0.975000	1.225713	0.139353
0.980000	1.225112	0.139353
0.985000	1.227891	0.139353
0.990000	1.227504	0.139353
0.995000	1.226181	0.139353
1.000000	1.226934	0.139353
1.005000	1.226851	0.139353
1.010000	1.225798	0.139353
1.015000	1.225729	0.139353
1.020000	1.227954	0.139353
1.025000	1.228610	0.139353
1.030000	1.229411	0.139353
1.035000	1.228022	0.139353
1.040000	1.226132	0.139353
1.045000	1.226750	0.139353
1.050000	1.226614	0.139353
1.055000	1.227236	0.139353
1.060000	1.229194	0.139353
1.065000	1.229780	0.139353
1.070000	1.230682	0.139353
1.075000	1.229929	0.139353
1.080000	1.230850	0.139353
1.085000	1.232673	0.139353
1.090000	1.235690	0.139353
1.095000	1.236943	0.139353
1.100000	1.234231	0.139353
1.105000	1.234718	0.139353
1.110000	1.237278	0.139353
1.115000	1.238218	0.139353
1.120000	1.238804	0.139353
1.125000	1.240929	0.139353
1.130000	1.240947	0.139353
1.135000	1.243155	0.139353
1.140000	1.244761	0.139353
1.145000	1.246369	0.139353
1.150000	1.246903	0.139353
1.155000	1.248662	0.139353
1.160000	1.249380	0.139353
1.165000	1.247002	0.139353
1.170000	1.248408	0.139353
1.175000	1.249998	0.139353
1.180000	1.251754	0.139353
1.185000	1.249395	0.139353
1.190000	1.250818	0.139353
1.195000	1.248577	0.139353
1.200000	1.252256	0.139353
1.205000	1.253481	0.139354
1.210000	1.251185	0.139353
1.215000	1.252574	0.139353
1.220000	1.253010	0.139353
1.225000	1.255335	0.139353
1.230000	1.252557	0.139353
1.235000	1.256943	0.139353
1.240000	1.254584	0.139353
1.245000	1.257979	0.139353
1.250000	1.258799	0.139353
1.255000	1.256540	0.139353
1.260000	1.255437	0.139353
1.265000	1.254180	0.139353
1.270000	1.256005	0.139353
1.275000	1.255351	0.139353
1.280000	1.256741	0.139353
1.285000	1.258063	0.139353
1.290000	1.257929	0.139353
1.295000	1.261024	0.139353
1.300000	1.259217	0.139353
1.305000	1.260188	0.139353
1.310000	1.261744	0.139353
1.315000	1.259953	0.139353
1.320000	1.257428	0.139353
1.325000	1.260121	0.139353
1.330000	1.262380	0.139353
1.335000	1.263920	0.139353
1.340000	1.266715	0.139353
1.345000	1.271517	0.139354
1.350000	1.273228	0.141347
1.355000	1.273228	0.141347
1.360000	1.266557	0.139356
1.365000	1.268327	0.139356
1.370000	1.267223	0.139355
1.375000	1.274694	0.139356
1.380000	1.268210	0.139356
1.385000	1.277203	0.139355
1.390000	1.273391	0.139355
1.395000	1.275381	0.139354
1.400000	1.269028	0.139355
1.405000	1.286657	0.139354
1.410000	1.279847	0.139354
1.415000	1.272354	0.139354
1.420000	1.282039	0.139354
1.425000	1.276971	0.139354
1.430000	1.280283	0.139354
1.435000	1.280283	0.139354
1.440000	1.281739	0.139354
1.445000	1.286458	0.139354
1.450000	1.283379	0.139354
1.455000	1.283011	0.139354
1.460000	1.288516	0.139353
1.465000	1.281824	0.139353
1.470000	1.284533	0.139354
1.475000	1.292129	0.139354
1.480000	1.287461	0.139354
1.485000	1.289252	0.139353
1.490000	1.289134	0.139354
1.495000	1.288165	0.139353
1.500000	1.276369	0.139353
1.505000	1.294190	0.139353
1.510000	1.285789	0.139353
1.515000	1.299044	0.139353
1.520000	1.296382	0.139353
1.525000	1.295495	0.139353
1.530000	1.298640	0.139353
1.535000	1.293839	0.139353
1.540000	1.297168	0.139353
1.545000	1.299560	0.139353
1.550000	1.297785	0.139353
1.555000	1.293837	0.139353
1.560000	1.297384	0.139353
1.565000	1.298922	0.139354
1.570000	1.300111	0.139353
1.575000	1.294605	0.139354
1.580000	1.296094	0.139354
1.585000	1.293419	0.139353
1.590000	1.291109	0.139353
1.595000	1.301936	0.139353
1.600000	1.298988	0.139354
1.605000	1.292650	0.139353
1.610000	1.298289	0.139353
1.615000	1.293538	0.139353
1.620000	1.296349	0.139353
1.625000	1.298223	0.139353
1.630000	1.299761	0.139353
1.635000	1.296799	0.139353
1.640000	1.295160	0.139353
1.645000	1.295511	0.139353
1.650000	1.299427	0.139353
1.655000	1.300565	0.139353
1.660000	1.297017	0.139353
1.665000	1.296649	0.139353
1.670000	1.295845	0.139353
1.675000	1.292199	0.139353
1.680000	1.295227	0.139353
1.685000	1.293134	0.139353
1.690000	1.292932	0.139354
1.695000	1.299894	0.139353
1.700000	1.292247	0.139353
1.705000	1.290390	0.139353
1.710000	1.293736	0.139353
1.715000	1.296211	0.139354
1.720000	1.295342	0.139353
1.725000	1.292413	0.139354
1.730000	1.294271	0.139353
1.735000	1.294687	0.139354
1.740000	1.293652	0.139354
1.745000	1.288817	0.139353
1.750000	1.287613	0.139353
1.755000	1.286224	0.139353
1.760000	1.291412	0.139353
1.765000	1.290022	0.139353
1.770000	1.286876	0.139354
1.775000	1.290673	0.139354
1.780000	1.290139	0.139353
1.785000	1.288299	0.139353
1.790000	1.289687	0.139354
1.795000	1.294336	0.139354
1.800000	1.289785	0.139354
1.805000	1.286338	0.139354
1.810000	1.282155	0.139354
1.815000	1.292708	0.139354
1.820000	1.298366	0.139354
1.825000	1.287305	0.139354
1.830000	1.289923	0.139355
1.835000	1.273228	0.141347
1.840000	1.286840	0.139356
1.845000	1.273207	0.139357
1.850000	1.293005	0.139355
1.855000	1.281688	0.139358
1.860000	1.283182	0.139356
1.865000	1.290831	0.139359
1.870000	1.275208	0.139360
1.875000	1.285796	0.139358
1.880000	1.273228	0.141347
1.885000	1.282990	0.139354
1.890000	1.280881	0.139355
1.895000	1.286055	0.139356
1.900000	1.285719	0.139357
1.905000	1.295135	0.139357
1.910000	1.295425	0.139358
1.915000	1.291568	0.139356
1.920000	1.285404	0.139356
1.925000	1.281430	0.139355
1.930000	1.287034	0.139355
1.935000	1.289541	0.139355
1.940000	1.281486	0.139354
1.945000	1.285934	0.139354
1.950000	1.289929	0.139354
1.955000	1.286283	0.139355
1.960000	1.284010	0.139354
1.965000	1.279428	0.139354
1.970000	1.286786	0.139354
1.975000	1.287405	0.139354
1.980000	1.280500	0.139354
1.985000	1.280885	0.139354
1.990000	1.280165	0.139354
1.995000	1.283712	0.139354
2.000000	1.279892	0.139356
2.005000	1.284905	0.139356
2.010000	1.281830	0.139356
2.015000	1.283787	0.139356
2.020000	1.287199	0.139355
2.025000	1.305647	0.139357
2.030000	1.278158	0.139354
2.035000	1.265162	0.139354
2.040000	1.282637	0.139355
2.045000	1.277689	0.139354
2.050000	1.277572	0.139354
2.055000	1.278224	0.139354
2.060000	1.277288	0.139354
2.065000	1.278994	0.139354
2.070000	1.279847	0.139354
2.075000	1.278777	0.139354
2.080000	1.277171	0.139354
2.085000	1.282825	0.139354
2.090000	1.285818	0.139354
2.095000	1.285184	0.139354
2.100000	1.285685	0.139354
2.105000	1.291640	0.139354
2.110000	1.281721	0.139354
2.115000	1.284364	0.139354
2.120000	1.286723	0.139354
2.125000	1.287893	0.139354
2.130000	1.289131	0.139354
2.135000	1.285752	0.139354
2.140000	1.284464	0.139354
2.145000	1.286754	0.139354
2.150000	1.283510	0.139354
2.155000	1.286739	0.139354
2.160000	1.292760	0.139354
2.165000	1.293543	0.139354
2.170000	1.296620	0.139354
2.175000	1.293527	0.139354
2.180000	1.284263	0.139354
2.185000	1.284881	0.139354
2.190000	1.287924	0.139354
2.195000	1.278943	0.139354
2.200000	1.295453	0.139354
2.205000	1.292772	0.139354
2.210000	1.286972	0.139354
2.215000	1.288912	0.139354
2.220000	1.295685	0.139354
2.225000	1.287806	0.139354
2.230000	1.284715	0.139354
2.235000	1.291632	0.139355
2.240000	1.297608	0.139354
2.245000	1.293160	0.139354
2.250000	1.290602	0.139354
2.255000	1.302139	0.139354
2.260000	1.296484	0.139355
2.265000	1.289058	0.139355
2.270000	1.286902	0.139355
2.275000	1.297744	0.139354
2.280000	1.292537	0.139355
2.285000	1.295495	0.139355
2.290000	1.298605	0.139355
2.295000	1.297437	0.139355
2.300000	1.290561	0.139355
2.305000	1.290762	0.139355
2.310000	1.278806	0.139355
2.315000	1.291848	0.139355
2.320000	1.287850	0.139355
2.325000	1.285913	0.139355
2.330000	1.292640	0.139354
2.335000	1.297184	0.139355
2.340000	1.289057	0.139355
2.345000	1.295912	0.139355
2.350000	1.298849	0.139355
2.355000	1.287703	0.139355
2.360000	1.295820	0.139356
2.365000	1.319751	0.139355
2.370000	1.288908	0.139355
2.375000	1.304992	0.139356
2.380000	1.297083	0.139355
2.385000	1.299573	0.139355
2.390000	1.297413	0.139355
2.395000	1.297261	0.139355
2.400000	1.289238	0.139355
2.405000	1.292530	0.139355
2.410000	1.295669	0.139356
2.415000	1.283036	0.139355
2.420000	1.281332	0.139355
2.425000	1.273491	0.139355
2.430000	1.287448	0.139355
2.435000	1.286078	0.139355
2.440000	1.285858	0.139356
2.445000	1.280413	0.139355
2.450000	1.289598	0.139356
