0.450000	nan	nan
0.455000	nan	nan
0.460000	nan	nan
0.465000	nan	nan
0.470000	nan	nan
0.475000	nan	nan
0.480000	nan	nan
0.485000	nan	nan
0.490000	nan	nan
0.495000	nan	nan
0.500000	nan	nan
0.505000	nan	nan
0.510000	nan	nan
0.515000	nan	nan
0.520000	nan	nan
0.525000	nan	nan
0.530000	nan	nan
0.535000	nan	nan
0.540000	nan	nan
0.545000	nan	nan
0.550000	nan	nan
0.555000	nan	nan
0.560000	nan	nan
0.565000	nan	nan
0.570000	nan	nan
0.575000	nan	nan
0.580000	nan	nan
0.585000	nan	nan
0.590000	nan	nan
0.595000	nan	nan
0.600000	nan	nan
0.605000	nan	nan
0.610000	nan	nan
0.615000	nan	nan
0.620000	nan	nan
0.625000	nan	nan
0.630000	nan	nan
0.635000	nan	nan
0.640000	nan	nan
0.645000	nan	nan
0.650000	nan	nan
0.655000	nan	nan
0.660000	nan	nan
0.665000	nan	nan
0.670000	nan	nan
0.675000	1.251146	0.091023
0.680000	1.239959	0.091003
0.685000	1.251204	0.090996
0.690000	1.251474	0.090990
0.695000	1.237416	0.090986
0.700000	1.225251	0.090985
0.705000	1.234647	0.090984
0.710000	1.234288	0.090983
0.715000	1.223199	0.090983
0.720000	1.236034	0.090983
0.725000	1.229771	0.090982
0.730000	1.230952	0.090982
0.735000	1.237114	0.090982
0.740000	1.235625	0.090982
0.745000	1.226126	0.090982
0.750000	1.225407	0.090982
0.755000	1.216444	0.106027
0.760000	1.219143	0.090982
0.765000	1.223661	0.090982
0.770000	1.216884	0.090981
0.775000	1.210619	0.090981
0.780000	1.204663	0.090981
0.785000	1.203482	0.090981
0.790000	1.199066	0.090981
0.795000	1.197166	0.090981
0.800000	1.193161	0.090981
0.805000	1.185099	0.090981
0.810000	1.184329	0.090981
0.815000	1.177654	0.090981
0.820000	1.170054	0.090981
0.825000	1.172159	0.090981
0.830000	1.164303	0.090981
0.835000	1.161479	0.090981
0.840000	1.159476	0.090981
0.845000	1.160401	0.090981
0.850000	1.156396	0.090981
0.855000	1.145663	0.090981
0.860000	1.144841	0.090981
0.865000	1.140271	0.090981
0.870000	1.135547	0.090981
0.875000	1.137447	0.090981
0.880000	1.134058	0.090981
0.885000	1.131131	0.090981
0.890000	1.127280	0.090981
0.895000	1.124404	0.090981
0.900000	1.123890	0.090981
0.905000	1.124353	0.090981
0.910000	1.123017	0.090981
0.915000	1.116136	0.090981
0.920000	1.115264	0.090981
0.925000	1.117472	0.090981
0.930000	1.116085	0.090981
0.935000	1.110181	0.090981
0.940000	1.111619	0.090981
0.945000	1.111002	0.090981
0.950000	1.105045	0.090981
0.955000	1.106534	0.090981
0.960000	1.106842	0.090981
0.965000	1.105507	0.090981
0.970000	1.108485	0.090981
0.975000	1.103607	0.090981
0.980000	1.099242	0.090981
0.985000	1.104068	0.090981
0.990000	1.102733	0.090981
0.995000	1.102322	0.090981
1.000000	1.105506	0.090981
1.005000	1.102682	0.090981
1.010000	1.101295	0.090981
1.015000	1.104119	0.090981
1.020000	1.100371	0.090981
1.025000	1.099754	0.090981
1.030000	1.103760	0.090981
1.035000	1.105711	0.090981
1.040000	1.105403	0.090981
1.045000	1.104941	0.090981
1.050000	1.104479	0.090981
1.055000	1.106893	0.090981
1.060000	1.109101	0.090981
1.065000	1.109666	0.090981
1.070000	1.110744	0.090981
1.075000	1.119013	0.090981
1.080000	1.118036	0.090981
1.085000	1.109923	0.090981
1.090000	1.119422	0.090981
1.095000	1.121425	0.090981
1.100000	1.116393	0.090981
1.105000	1.121630	0.090981
1.110000	1.123788	0.090981
1.115000	1.127691	0.090981
1.120000	1.133185	0.090981
1.125000	1.136626	0.090981
1.130000	1.141812	0.090981
1.135000	1.147102	0.090981
1.140000	1.148128	0.090981
1.145000	1.148025	0.090981
1.150000	1.151671	0.090981
1.155000	1.144944	0.090981
1.160000	1.149155	0.090981
1.165000	1.151619	0.090981
1.170000	1.151876	0.090981
1.175000	1.155573	0.090981
1.180000	1.165175	0.090981
1.185000	1.164097	0.090981
1.190000	1.161735	0.090981
1.195000	1.162608	0.090981
1.200000	1.162403	0.090981
1.205000	1.172210	0.090981
1.210000	1.177756	0.090981
1.215000	1.176935	0.090981
1.220000	1.171799	0.090981
1.225000	1.175805	0.090981
1.230000	1.178423	0.090981
1.235000	1.176986	0.090981
1.240000	1.180477	0.090981
1.245000	1.184586	0.090981
1.250000	1.176421	0.090981
1.255000	1.172878	0.090981
1.260000	1.175445	0.090981
1.265000	1.177962	0.090981
1.270000	1.185253	0.090981
1.275000	1.183713	0.090981
1.280000	1.172621	0.090981
1.285000	1.184688	0.090981
1.290000	1.185407	0.090981
1.295000	1.187101	0.090981
1.300000	1.183661	0.090981
1.305000	1.185767	0.090981
1.310000	1.201685	0.090981
1.315000	1.196806	0.090981
1.320000	1.199374	0.090981
1.325000	1.201941	0.090981
1.330000	1.207795	0.090981
1.335000	1.210619	0.090981
1.340000	1.208617	0.090982
1.345000	1.218937	0.090982
1.350000	1.216444	0.106027
1.355000	1.203025	0.090987
1.360000	1.219450	0.090987
1.365000	1.216444	0.106027
1.370000	1.208824	0.090985
1.375000	1.230782	0.091000
1.380000	1.216444	0.106027
1.385000	1.214471	0.090989
1.390000	1.215703	0.090989
1.395000	1.235926	0.090988
1.400000	1.239107	0.090988
1.405000	1.238443	0.090986
1.410000	1.216444	0.106027
1.415000	1.237060	0.090984
1.420000	1.240501	0.090983
1.425000	1.244095	0.090983
1.430000	1.254107	0.090983
1.435000	1.249590	0.090982
1.440000	1.256212	0.090983
1.445000	1.216444	0.106027
1.450000	1.246510	0.090982
1.455000	1.252980	0.090982
1.460000	1.258833	0.090982
1.465000	1.253494	0.090982
1.470000	1.248359	0.090982
1.475000	1.254777	0.090982
1.480000	1.256575	0.090982
1.485000	1.256215	0.090982
1.490000	1.255189	0.090981
1.495000	1.264431	0.090981
1.500000	1.256678	0.090981
1.505000	1.244252	0.090981
1.510000	1.258270	0.090981
1.515000	1.264380	0.090981
1.520000	1.263456	0.090981
1.525000	1.272082	0.090981
1.530000	1.271825	0.090981
1.535000	1.274393	0.090981
1.540000	1.277731	0.090981
1.545000	1.283020	0.090981
1.550000	1.288411	0.090981
1.555000	1.277012	0.090981
1.560000	1.269721	0.090981
1.565000	1.273572	0.090981
1.570000	1.262737	0.090981
1.575000	1.272544	0.090981
1.580000	1.277318	0.090982
1.585000	1.278809	0.090981
1.590000	1.273571	0.090981
1.595000	1.269515	0.090981
1.600000	1.277062	0.090981
1.605000	1.282710	0.090982
1.610000	1.276138	0.090981
1.615000	1.269258	0.090981
1.620000	1.273725	0.090981
1.625000	1.270799	0.090981
1.630000	1.274751	0.090982
1.635000	1.261299	0.090981
1.640000	1.263559	0.090981
1.645000	1.262788	0.090981
1.650000	1.259091	0.090981
1.655000	1.271157	0.090981
1.660000	1.275779	0.090981
1.665000	1.266126	0.090981
1.670000	1.257910	0.090981
1.675000	1.266639	0.090981
1.680000	1.265407	0.090981
1.685000	1.264380	0.090981
1.690000	1.260888	0.090981
1.695000	1.257397	0.090981
1.700000	1.266536	0.090981
1.705000	1.252108	0.090982
1.710000	1.246305	0.090981
1.715000	1.252262	0.090982
1.720000	1.273981	0.090982
1.725000	1.282197	0.090982
1.730000	1.275315	0.090982
1.735000	1.269615	0.090982
1.740000	1.264224	0.090982
1.745000	1.262222	0.090982
1.750000	1.254264	0.090981
1.755000	1.267973	0.090982
1.760000	1.254674	0.090982
1.765000	1.270232	0.090982
1.770000	1.267151	0.090982
1.775000	1.251541	0.090982
1.780000	1.254418	0.090982
1.785000	1.265405	0.090982
1.790000	1.266277	0.090982
1.795000	1.256368	0.090982
1.800000	1.256880	0.090983
1.805000	1.247843	0.090983
1.810000	1.252771	0.090983
1.815000	1.268578	0.090985
1.820000	1.262825	0.090986
1.825000	1.250963	0.090988
1.830000	1.254342	0.090992
1.835000	1.234373	0.090999
1.840000	1.232408	0.091016
1.845000	1.216444	0.106027
1.850000	1.248861	0.091039
1.855000	1.268811	0.091024
1.860000	1.252203	0.091008
1.865000	1.259868	0.090998
1.870000	1.261922	0.091015
1.875000	1.283541	0.091017
1.880000	1.262133	0.091014
1.885000	1.239299	0.090998
1.890000	1.257834	0.090991
1.895000	1.250492	0.090993
1.900000	1.235759	0.090998
1.905000	1.255449	0.091001
1.910000	1.268612	0.091007
1.915000	1.250018	0.090999
1.920000	1.252346	0.090990
1.925000	1.252914	0.090988
1.930000	1.237415	0.090987
1.935000	1.255076	0.090986
1.940000	1.250508	0.090985
1.945000	1.245170	0.090985
1.950000	1.245478	0.090985
1.955000	1.243014	0.090984
1.960000	1.227458	0.090986
1.965000	1.223095	0.090985
1.970000	1.232799	0.090983
1.975000	1.231054	0.090983
1.980000	1.234957	0.090982
1.985000	1.226536	0.090983
1.990000	1.220940	0.090983
1.995000	1.241989	0.090984
2.000000	1.256513	0.090986
2.005000	1.227972	0.090985
2.010000	1.255332	0.090986
2.015000	1.262828	0.090985
2.020000	1.239470	0.090986
2.025000	1.238601	0.090983
2.030000	1.250872	0.090983
2.035000	1.242760	0.090983
2.040000	1.242402	0.090982
2.045000	1.248100	0.090983
2.050000	1.247996	0.090983
2.055000	1.233672	0.090983
2.060000	1.240397	0.090984
2.065000	1.256569	0.090984
2.070000	1.238601	0.090983
2.075000	1.247176	0.090983
2.080000	1.254518	0.090983
2.085000	1.235726	0.090983
2.090000	1.245533	0.090983
2.095000	1.252002	0.090983
2.100000	1.259754	0.090983
2.105000	1.246046	0.090983
2.110000	1.240502	0.090983
2.115000	1.253490	0.090983
2.120000	1.246149	0.090983
2.125000	1.241220	0.090983
2.130000	1.248100	0.090983
2.135000	1.243941	0.090983
2.140000	1.233415	0.090983
2.145000	1.241682	0.090983
2.150000	1.257238	0.090983
2.155000	1.253181	0.090984
2.160000	1.235418	0.090983
2.165000	1.240398	0.090983
2.170000	1.244454	0.090983
2.175000	1.245069	0.090984
2.180000	1.255389	0.090983
2.185000	1.248254	0.090983
2.190000	1.222069	0.090983
2.195000	1.236136	0.090983
2.200000	1.243580	0.090984
2.205000	1.232337	0.090984
2.210000	1.226176	0.090983
2.215000	1.228230	0.090983
2.220000	1.251128	0.090984
2.225000	1.269918	0.090984
2.230000	1.255902	0.090984
2.235000	1.243118	0.090984
2.240000	1.233826	0.090984
2.245000	1.248150	0.090984
2.250000	1.259855	0.090984
2.255000	1.246712	0.090984
2.260000	1.249741	0.090984
2.265000	1.246147	0.090984
2.270000	1.255542	0.090984
2.275000	1.248970	0.090984
2.280000	1.247326	0.090985
2.285000	1.236855	0.090984
2.290000	1.246557	0.090984
2.295000	1.220836	0.090985
2.300000	1.213136	0.090984
2.305000	1.226227	0.090985
2.310000	1.247326	0.090985
2.315000	1.247327	0.090984
2.320000	1.248558	0.090985
2.325000	1.255284	0.090984
2.330000	1.258516	0.090985
2.335000	1.239522	0.090985
2.340000	1.206873	0.090984
2.345000	1.216268	0.090985
2.350000	1.225457	0.090985
2.355000	1.249275	0.090986
2.360000	1.216444	0.106027
2.365000	1.265650	0.090986
2.370000	1.251790	0.090986
2.375000	1.207387	0.090986
2.380000	1.237777	0.090985
2.385000	1.260925	0.090987
2.390000	1.258047	0.090988
2.395000	1.216444	0.106027
2.400000	1.248555	0.090986
2.405000	1.259437	0.090987
2.410000	1.216444	0.106027
2.415000	1.273811	0.090986
2.420000	1.268978	0.090989
2.425000	1.259182	0.090986
2.430000	1.282020	0.090987
2.435000	1.270008	0.090988
2.440000	1.273345	0.090987
2.445000	1.298181	0.090989
2.450000	1.306296	0.090988
