0.450000	nan	nan
0.455000	nan	nan
0.460000	nan	nan
0.465000	nan	nan
0.470000	nan	nan
0.475000	nan	nan
0.480000	nan	nan
0.485000	nan	nan
0.490000	nan	nan
0.495000	nan	nan
0.500000	nan	nan
0.505000	nan	nan
0.510000	nan	nan
0.515000	nan	nan
0.520000	nan	nan
0.525000	nan	nan
0.530000	nan	nan
0.535000	nan	nan
0.540000	nan	nan
0.545000	nan	nan
0.550000	nan	nan
0.555000	nan	nan
0.560000	nan	nan
0.565000	nan	nan
0.570000	nan	nan
0.575000	nan	nan
0.580000	nan	nan
0.585000	nan	nan
0.590000	nan	nan
0.595000	nan	nan
0.600000	nan	nan
0.605000	nan	nan
0.610000	nan	nan
0.615000	nan	nan
0.620000	nan	nan
0.625000	nan	nan
0.630000	nan	nan
0.635000	nan	nan
0.640000	nan	nan
0.645000	nan	nan
0.650000	nan	nan
0.655000	nan	nan
0.660000	nan	nan
0.665000	nan	nan
0.670000	nan	nan
0.675000	nan	nan
0.680000	nan	nan
0.685000	nan	nan
0.690000	nan	nan
0.695000	nan	nan
0.700000	nan	nan
0.705000	nan	nan
0.710000	nan	nan
0.715000	nan	nan
0.720000	nan	nan
0.725000	nan	nan
0.730000	nan	nan
0.735000	1.142054	0.054144
0.740000	1.150050	0.054126
0.745000	1.167481	0.054142
0.750000	1.113562	0.054130
0.755000	1.167983	0.054161
0.760000	1.129212	0.054132
0.765000	1.146140	0.054106
0.770000	1.156858	0.054113
0.775000	1.131250	0.054105
0.780000	1.116017	0.054095
0.785000	1.116016	0.054091
0.790000	1.123846	0.054094
0.795000	1.093470	0.054101
0.800000	1.137887	0.054099
0.805000	1.088626	0.054109
0.810000	1.106997	0.054094
0.815000	1.105384	0.054103
0.820000	1.110228	0.054089
0.825000	1.079672	0.054084
0.830000	1.061627	0.054082
0.835000	1.073210	0.054090
0.840000	1.077374	0.054084
0.845000	1.072952	0.054088
0.850000	1.047238	0.054078
0.855000	1.035074	0.054083
0.860000	1.041449	0.054077
0.865000	1.058815	0.054079
0.870000	1.056172	0.054075
0.875000	1.048169	0.054074
0.880000	1.066815	0.054078
0.885000	1.052598	0.054076
0.890000	1.037027	0.054080
0.895000	1.055236	0.054076
0.900000	1.040266	0.054083
0.905000	1.012663	0.054068
0.910000	1.023225	0.054071
0.915000	1.036253	0.054074
0.920000	1.046975	0.054072
0.925000	1.011914	0.054078
0.930000	1.031676	0.054088
0.935000	1.028179	0.054082
0.940000	0.976510	0.054079
0.945000	0.985540	0.054083
0.950000	0.995984	0.054071
0.955000	1.023759	0.054086
0.960000	1.014795	0.054070
0.965000	0.986874	0.054070
0.970000	0.983710	0.054063
0.975000	0.987120	0.054065
0.980000	0.996574	0.054068
0.985000	0.993597	0.054069
0.990000	0.998191	0.054068
0.995000	1.023300	0.054065
1.000000	1.014013	0.054061
1.005000	1.012997	0.054064
1.010000	1.031560	0.054067
1.015000	1.016902	0.054057
1.020000	1.015297	0.054065
1.025000	1.023637	0.054063
1.030000	1.010861	0.054060
1.035000	1.017942	0.054068
1.040000	1.034965	0.054067
1.045000	1.037602	0.054065
1.050000	1.004900	0.054059
1.055000	1.028835	0.054066
1.060000	1.036569	0.054057
1.065000	1.018960	0.054066
1.070000	1.004831	0.054068
1.075000	1.014799	0.054072
1.080000	1.039918	0.054078
1.085000	1.040581	0.054065
1.090000	1.033437	0.054069
1.095000	1.050039	0.054072
1.100000	1.048936	0.054074
1.105000	1.051064	0.054074
1.110000	1.044517	0.054080
1.115000	1.026216	0.054079
1.120000	1.036696	0.054087
1.125000	1.054732	0.054081
1.130000	1.029974	0.054087
1.135000	1.019086	0.054090
1.140000	1.019679	0.054089
1.145000	1.019334	0.054086
1.150000	1.039766	0.054091
1.155000	1.053807	0.054090
1.160000	1.048867	0.054087
1.165000	1.072095	0.054081
1.170000	1.097713	0.054080
1.175000	1.111076	0.054080
1.180000	1.105542	0.054076
1.185000	1.055677	0.054089
1.190000	1.048771	0.054078
1.195000	1.077795	0.054079
1.200000	1.108948	0.054080
1.205000	1.089456	0.054078
1.210000	1.057195	0.054076
1.215000	1.096439	0.054085
1.220000	1.118821	0.054078
1.225000	1.105970	0.054082
1.230000	1.128101	0.054094
1.235000	1.099157	0.054075
1.240000	1.111759	0.054086
1.245000	1.104608	0.054081
1.250000	1.110736	0.054081
1.255000	1.120182	0.054078
1.260000	1.138382	0.103108
1.265000	1.138382	0.103108
1.270000	1.106482	0.054085
1.275000	1.107246	0.054080
1.280000	1.129886	0.054077
1.285000	1.191074	0.054091
1.290000	1.194230	0.054082
1.295000	1.179580	0.054101
1.300000	1.150822	0.054090
1.305000	1.173969	0.054091
1.310000	1.198984	0.054097
1.315000	1.164184	0.054088
1.320000	1.155673	0.054088
1.325000	1.160777	0.054095
1.330000	1.184936	0.054108
1.335000	1.149629	0.054104
1.340000	1.107270	0.054136
1.345000	1.087463	0.054147
1.350000	1.114600	0.054183
1.355000	1.138382	0.103108
1.360000	1.086913	0.055127
1.365000	1.094924	0.055067
1.370000	1.250198	0.055162
1.375000	1.215488	0.054720
1.380000	1.142612	0.054757
1.385000	1.242583	0.055099
1.390000	1.167416	0.054709
1.395000	1.157797	0.054411
1.400000	1.204116	0.054434
1.405000	1.190566	0.054433
1.410000	1.244784	0.054366
1.415000	1.206590	0.054239
1.420000	1.124377	0.054199
1.425000	1.138382	0.103108
1.430000	1.199878	0.054145
1.435000	1.120037	0.054175
1.440000	1.189086	0.054135
1.445000	1.198406	0.054177
1.450000	1.216595	0.054177
1.455000	1.187121	0.054148
1.460000	1.113746	0.054170
1.465000	1.138382	0.103108
1.470000	1.254228	0.054138
1.475000	1.222333	0.054141
1.480000	1.171738	0.054131
1.485000	1.187653	0.054117
1.490000	1.225681	0.054115
1.495000	1.209271	0.054106
1.500000	1.145969	0.054109
1.505000	1.131251	0.054109
1.510000	1.191233	0.054107
1.515000	1.233521	0.054105
1.520000	1.244754	0.054104
1.525000	1.220844	0.054104
1.530000	1.182899	0.054101
1.535000	1.155245	0.054101
1.540000	1.153458	0.054101
1.545000	1.197364	0.054101
1.550000	1.116870	0.054100
1.555000	1.138382	0.103108
1.560000	1.183487	0.054112
1.565000	1.207655	0.054105
1.570000	1.247378	0.054112
1.575000	1.230035	0.054103
1.580000	1.154307	0.054111
1.585000	1.158138	0.054101
1.590000	1.235950	0.054133
1.595000	1.201009	0.054116
1.600000	1.151670	0.054109
1.605000	1.212155	0.054115
1.610000	1.183924	0.054095
1.615000	1.144694	0.054103
1.620000	1.156944	0.054111
1.625000	1.153885	0.054096
1.630000	1.158390	0.054113
1.635000	1.147076	0.054103
1.640000	1.180856	0.054102
1.645000	1.225485	0.054136
1.650000	1.277976	0.054127
1.655000	1.204414	0.054113
1.660000	1.162730	0.054110
1.665000	1.173793	0.054102
1.670000	1.223135	0.054110
1.675000	1.209852	0.054121
1.680000	1.212238	0.054116
1.685000	1.218762	0.054140
1.690000	1.213829	0.054141
1.695000	1.135421	0.054136
1.700000	1.180157	0.054132
1.705000	1.222599	0.054131
1.710000	1.233231	0.054131
1.715000	1.280343	0.054135
1.720000	1.317761	0.054136
1.725000	1.324422	0.054158
1.730000	1.249639	0.054136
1.735000	1.186623	0.054129
1.740000	1.211637	0.054122
1.745000	1.138382	0.103108
1.750000	1.138382	0.103108
1.755000	1.268482	0.054156
1.760000	1.193900	0.054178
1.765000	1.213813	0.054155
1.770000	1.169857	0.054153
1.775000	1.139928	0.054153
1.780000	1.154891	0.054160
1.785000	1.238221	0.054211
1.790000	1.328860	0.054215
1.795000	1.209234	0.054229
1.800000	1.198331	0.054265
1.805000	1.286466	0.054338
1.810000	1.168064	0.054372
1.815000	1.155651	0.054525
1.820000	1.065517	0.054551
1.825000	1.138145	0.055000
1.830000	1.102191	0.055160
1.835000	1.138382	0.103108
1.840000	1.138382	0.103108
1.845000	1.138382	0.103108
1.850000	1.123201	0.057215
1.855000	1.138382	0.103108
1.860000	1.263124	0.058790
1.865000	1.250302	0.057068
1.870000	1.138382	0.103108
1.875000	1.138382	0.103108
1.880000	1.213805	0.056937
1.885000	1.115539	0.055228
1.890000	1.014498	0.055191
1.895000	1.138382	0.103108
1.900000	1.138382	0.103108
1.905000	1.174296	0.056356
1.910000	1.138382	0.103108
1.915000	0.991484	0.055782
1.920000	1.225054	0.055427
1.925000	1.004215	0.054725
1.930000	1.138382	0.103108
1.935000	0.965322	0.054515
1.940000	1.138382	0.103108
1.945000	1.056387	0.054407
1.950000	1.103511	0.054617
1.955000	1.149656	0.054464
1.960000	1.087704	0.054365
1.965000	1.026625	0.054338
1.970000	1.147722	0.054366
1.975000	1.222232	0.054298
1.980000	1.124038	0.054204
1.985000	1.068247	0.054235
1.990000	1.221552	0.054299
1.995000	1.188315	0.054264
2.000000	1.130435	0.054422
2.005000	1.114156	0.054621
2.010000	1.101341	0.054666
2.015000	1.007976	0.054480
2.020000	1.080773	0.054390
2.025000	1.121510	0.054292
2.030000	1.141029	0.054268
2.035000	1.076457	0.054203
2.040000	1.049995	0.054242
2.045000	1.079015	0.054214
2.050000	1.027373	0.054274
2.055000	1.081222	0.054317
2.060000	1.128559	0.054329
2.065000	1.064233	0.054295
2.070000	1.134074	0.054368
2.075000	1.108935	0.054254
2.080000	1.092727	0.054268
2.085000	1.074217	0.054263
2.090000	1.135003	0.054294
2.095000	1.271319	0.054230
2.100000	1.146977	0.054218
2.105000	1.070616	0.054226
2.110000	1.111748	0.054283
2.115000	1.196818	0.054247
2.120000	1.156389	0.054285
2.125000	1.194088	0.054264
2.130000	1.171163	0.054270
2.135000	1.140605	0.054243
2.140000	1.268875	0.054266
2.145000	1.155546	0.054264
2.150000	1.122022	0.054303
2.155000	1.138382	0.103108
2.160000	1.337375	0.054299
2.165000	1.113118	0.054317
2.170000	1.175141	0.054294
2.175000	1.191770	0.054297
2.180000	1.160119	0.054300
2.185000	1.209250	0.054297
2.190000	1.315334	0.054392
2.195000	1.325401	0.054366
2.200000	1.252242	0.054367
2.205000	1.290660	0.054360
2.210000	1.324780	0.054345
2.215000	1.248599	0.054312
2.220000	1.159357	0.054294
2.225000	1.286197	0.054426
2.230000	1.277519	0.054360
2.235000	1.111186	0.054366
2.240000	1.094408	0.054377
2.245000	1.285876	0.054458
2.250000	1.376643	0.054455
2.255000	1.369239	0.054441
2.260000	1.203189	0.054429
2.265000	1.282155	0.054456
2.270000	1.318717	0.054328
2.275000	1.097793	0.054368
2.280000	1.234552	0.054410
2.285000	1.244841	0.054385
2.290000	1.155930	0.054424
2.295000	1.142712	0.054511
2.300000	1.131874	0.054406
2.305000	1.138382	0.103108
2.310000	1.138382	0.103108
2.315000	1.288724	0.054511
2.320000	1.308049	0.054636
2.325000	1.144074	0.054399
2.330000	1.071745	0.054432
2.335000	1.249926	0.054385
2.340000	1.138382	0.103108
2.345000	1.259210	0.054653
2.350000	1.349323	0.054559
2.355000	1.131382	0.054579
2.360000	1.283050	0.054597
2.365000	1.213339	0.054521
2.370000	1.087396	0.054641
2.375000	1.253790	0.054612
2.380000	1.356640	0.054787
2.385000	1.262153	0.054850
2.390000	1.115080	0.054607
2.395000	1.209292	0.054592
2.400000	1.176940	0.054571
2.405000	1.070106	0.054576
2.410000	1.138382	0.103108
2.415000	1.138382	0.103108
2.420000	1.114786	0.054984
2.425000	nan	nan
2.430000	nan	nan
2.435000	nan	nan
2.440000	nan	nan
2.445000	nan	nan
2.450000	nan	nan
