0.450000	nan	nan
0.455000	nan	nan
0.460000	nan	nan
0.465000	nan	nan
0.470000	nan	nan
0.475000	nan	nan
0.480000	nan	nan
0.485000	nan	nan
0.490000	nan	nan
0.495000	nan	nan
0.500000	nan	nan
0.505000	nan	nan
0.510000	nan	nan
0.515000	nan	nan
0.520000	nan	nan
0.525000	nan	nan
0.530000	nan	nan
0.535000	nan	nan
0.540000	nan	nan
0.545000	nan	nan
0.550000	nan	nan
0.555000	nan	nan
0.560000	nan	nan
0.565000	nan	nan
0.570000	nan	nan
0.575000	nan	nan
0.580000	nan	nan
0.585000	nan	nan
0.590000	nan	nan
0.595000	nan	nan
0.600000	nan	nan
0.605000	nan	nan
0.610000	nan	nan
0.615000	nan	nan
0.620000	nan	nan
0.625000	nan	nan
0.630000	nan	nan
0.635000	nan	nan
0.640000	nan	nan
0.645000	nan	nan
0.650000	nan	nan
0.655000	nan	nan
0.660000	nan	nan
0.665000	nan	nan
0.670000	nan	nan
0.675000	nan	nan
0.680000	nan	nan
0.685000	nan	nan
0.690000	nan	nan
0.695000	nan	nan
0.700000	nan	nan
0.705000	nan	nan
0.710000	nan	nan
0.715000	nan	nan
0.720000	nan	nan
0.725000	nan	nan
0.730000	nan	nan
0.735000	nan	nan
0.740000	nan	nan
0.745000	nan	nan
0.750000	nan	nan
0.755000	nan	nan
0.760000	nan	nan
0.765000	nan	nan
0.770000	nan	nan
0.775000	nan	nan
0.780000	1.121555	0.085961
0.785000	1.120421	0.085961
0.790000	1.118513	0.085961
0.795000	1.120182	0.085961
0.800000	1.114875	0.085961
0.805000	1.116009	0.085961
0.810000	1.107780	0.085961
0.815000	1.101699	0.085961
0.820000	1.097942	0.085961
0.825000	1.097644	0.085961
0.830000	1.102473	0.085961
0.835000	1.092458	0.085961
0.840000	1.093649	0.085961
0.845000	1.092933	0.085961
0.850000	1.086792	0.085960
0.855000	1.080234	0.085961
0.860000	1.079160	0.085960
0.865000	1.080412	0.085961
0.870000	1.081904	0.085961
0.875000	1.076776	0.085961
0.880000	1.077252	0.085960
0.885000	1.079338	0.085960
0.890000	1.079219	0.085960
0.895000	1.067593	0.085960
0.900000	1.071648	0.085961
0.905000	1.074091	0.085960
0.910000	1.067711	0.085960
0.915000	1.066816	0.085960
0.920000	1.065147	0.085960
0.925000	1.061987	0.085960
0.930000	1.058767	0.085960
0.935000	1.065863	0.085960
0.940000	1.073376	0.085960
0.945000	1.067532	0.085960
0.950000	1.055965	0.085960
0.955000	1.060794	0.085960
0.960000	1.068366	0.085960
0.965000	1.064371	0.085960
0.970000	1.066220	0.085960
0.975000	1.067114	0.085960
0.980000	1.067650	0.085960
0.985000	1.069797	0.085960
0.990000	1.063537	0.085960
0.995000	1.066875	0.085960
1.000000	1.068008	0.085960
1.005000	1.066517	0.085960
1.010000	1.065146	0.085960
1.015000	1.061628	0.085960
1.020000	1.057813	0.085960
1.025000	1.070632	0.085960
1.030000	1.080172	0.085960
1.035000	1.078263	0.085960
1.040000	1.082616	0.085960
1.045000	1.081604	0.085960
1.050000	1.077011	0.085960
1.055000	1.084464	0.085960
1.060000	1.086014	0.085960
1.065000	1.082973	0.085960
1.070000	1.081603	0.085960
1.075000	1.089175	0.085960
1.080000	1.087684	0.085960
1.085000	1.087686	0.085960
1.090000	1.101756	0.085960
1.095000	1.109805	0.085960
1.100000	1.111534	0.085960
1.105000	1.110521	0.085960
1.110000	1.112787	0.085960
1.115000	1.119287	0.085961
1.120000	1.115828	0.085960
1.125000	1.120717	0.085960
1.130000	1.116603	0.085960
1.135000	1.116245	0.085960
1.140000	1.118809	0.085960
1.145000	1.131986	0.085960
1.150000	1.138426	0.085961
1.155000	1.130794	0.085961
1.160000	1.133894	0.085961
1.165000	1.142957	0.085961
1.170000	1.143195	0.085961
1.175000	1.140572	0.085960
1.180000	1.136338	0.085960
1.185000	1.137829	0.085960
1.190000	1.144984	0.085960
1.195000	1.148442	0.085960
1.200000	1.159532	0.085960
1.205000	1.191327	0.107076
1.210000	1.150350	0.085961
1.215000	1.150351	0.085961
1.220000	1.158220	0.085961
1.225000	1.161500	0.085961
1.230000	1.162931	0.085961
1.235000	1.166508	0.085961
1.240000	1.171398	0.085961
1.245000	1.154226	0.085961
1.250000	1.158340	0.085961
1.255000	1.161977	0.085961
1.260000	1.166806	0.085961
1.265000	1.163646	0.085961
1.270000	1.168595	0.085961
1.275000	1.158817	0.085961
1.280000	1.162097	0.085961
1.285000	1.173663	0.085961
1.290000	1.181414	0.085961
1.295000	1.162752	0.085960
1.300000	1.169310	0.085961
1.305000	1.179685	0.085961
1.310000	1.182964	0.085961
1.315000	1.195186	0.085961
1.320000	1.187674	0.085961
1.325000	1.186660	0.085960
1.330000	1.186005	0.085961
1.335000	1.183799	0.085961
1.340000	1.186303	0.085961
1.345000	1.186899	0.085962
1.350000	1.191327	0.107076
1.355000	1.200729	0.085966
1.360000	1.209194	0.085965
1.365000	1.191327	0.107076
1.370000	1.205558	0.085966
1.375000	1.216349	0.085964
1.380000	1.218256	0.085964
1.385000	1.225532	0.085962
1.390000	1.217183	0.085964
1.395000	1.212234	0.085966
1.400000	1.219450	0.085963
1.405000	1.205797	0.085964
1.410000	1.217482	0.085964
1.415000	1.219749	0.085963
1.420000	1.231673	0.085962
1.425000	1.221001	0.085962
1.430000	1.219749	0.085963
1.435000	1.233581	0.085962
1.440000	1.230598	0.085963
1.445000	1.233938	0.085962
1.450000	1.238292	0.085962
1.455000	1.217842	0.085962
1.460000	1.220346	0.085962
1.465000	1.231672	0.085963
1.470000	1.226308	0.085962
1.475000	1.238172	0.085962
1.480000	1.254091	0.085962
1.485000	1.248189	0.085961
1.490000	1.248069	0.085962
1.495000	1.252601	0.085961
1.500000	1.242048	0.085962
1.505000	1.254032	0.085961
1.510000	1.263094	0.085962
1.515000	1.250336	0.085961
1.520000	1.253138	0.085961
1.525000	1.269474	0.085961
1.530000	1.257250	0.085962
1.535000	1.243419	0.085962
1.540000	1.260113	0.085962
1.545000	1.261186	0.085962
1.550000	1.258027	0.085961
1.555000	1.242107	0.085962
1.560000	1.248724	0.085962
1.565000	1.248844	0.085962
1.570000	1.265359	0.085962
1.575000	1.191327	0.107076
1.580000	1.270606	0.085962
1.585000	1.252124	0.085962
1.590000	1.246817	0.085962
1.595000	1.238053	0.085962
1.600000	1.258979	0.085962
1.605000	1.272097	0.085961
1.610000	1.255104	0.085962
1.615000	1.247411	0.085963
1.620000	1.240854	0.085962
1.625000	1.245686	0.085961
1.630000	1.241630	0.085962
1.635000	1.242524	0.085962
1.640000	1.243000	0.085962
1.645000	1.240913	0.085963
1.650000	1.247532	0.085962
1.655000	1.235251	0.085962
1.660000	1.229468	0.085962
1.665000	1.247413	0.085962
1.670000	1.254269	0.085962
1.675000	1.258976	0.085963
1.680000	1.269472	0.085962
1.685000	1.239126	0.085962
1.690000	1.232091	0.085962
1.695000	1.253314	0.085962
1.700000	1.265120	0.085962
1.705000	1.270243	0.085963
1.710000	1.236621	0.085962
1.715000	1.227082	0.085962
1.720000	1.242762	0.085962
1.725000	1.249856	0.085962
1.730000	1.225173	0.085963
1.735000	1.226305	0.085963
1.740000	1.223922	0.085962
1.745000	1.243179	0.085962
1.750000	1.216410	0.085963
1.755000	1.191327	0.107076
1.760000	1.200373	0.085962
1.765000	1.228332	0.085963
1.770000	1.217543	0.085963
1.775000	1.230181	0.085963
1.780000	1.238588	0.085963
1.785000	1.248183	0.085964
1.790000	1.253905	0.085964
1.795000	1.216349	0.085964
1.800000	1.201505	0.085964
1.805000	1.208897	0.085965
1.810000	1.245315	0.085967
1.815000	1.223500	0.085966
1.820000	1.228029	0.085967
1.825000	1.238281	0.085967
1.830000	1.239884	0.085970
1.835000	1.247746	0.085972
1.840000	1.205496	0.085970
1.845000	1.229687	0.085974
1.850000	1.249876	0.085978
1.855000	1.230042	0.085975
1.860000	1.233681	0.085973
1.865000	1.227598	0.085976
1.870000	1.229309	0.085986
1.875000	1.185710	0.085974
1.880000	1.211620	0.085986
1.885000	1.190894	0.085970
1.890000	1.235600	0.085966
1.895000	1.240063	0.085970
1.900000	1.216875	0.085974
1.905000	1.189345	0.085973
1.910000	1.194947	0.085970
1.915000	1.243404	0.085968
1.920000	1.253051	0.085972
1.925000	1.216642	0.085968
1.930000	1.204304	0.085969
1.935000	1.239294	0.085967
1.940000	1.244839	0.085966
1.945000	1.242334	0.085967
1.950000	1.227253	0.085968
1.955000	1.212829	0.085967
1.960000	1.243582	0.085969
1.965000	1.251094	0.085968
1.970000	1.257655	0.085966
1.975000	1.236017	0.085966
1.980000	1.214917	0.085966
1.985000	1.218733	0.085964
1.990000	1.241027	0.085965
1.995000	1.223200	0.085967
2.000000	1.191327	0.107076
2.005000	1.248034	0.085976
2.010000	1.229626	0.085975
2.015000	1.215864	0.085972
2.020000	1.211873	0.085970
2.025000	1.204900	0.085970
2.030000	1.224631	0.085967
2.035000	1.228329	0.085966
2.040000	1.216525	0.085967
2.045000	1.197570	0.085967
2.050000	1.224743	0.085972
2.055000	1.233153	0.085968
2.060000	1.252286	0.085968
2.065000	1.256042	0.085967
2.070000	1.246030	0.085967
2.075000	1.242633	0.085967
2.080000	1.232022	0.085967
2.085000	1.225706	0.085966
2.090000	1.238401	0.085967
2.095000	1.235240	0.085967
2.100000	1.219327	0.085966
2.105000	1.235063	0.085966
2.110000	1.222963	0.085967
2.115000	1.210862	0.085967
2.120000	1.224156	0.085966
2.125000	1.245969	0.085967
2.130000	1.252944	0.085967
2.135000	1.253837	0.085968
2.140000	1.239831	0.085967
2.145000	1.208478	0.085966
2.150000	1.198524	0.085966
2.155000	1.207107	0.085967
2.160000	1.213901	0.085968
2.165000	1.212829	0.085967
2.170000	1.246265	0.085968
2.175000	1.191327	0.107076
2.180000	1.239351	0.085968
2.185000	1.236848	0.085968
2.190000	1.235836	0.085968
2.195000	1.228385	0.085968
2.200000	1.228146	0.085969
2.205000	1.248109	0.085970
2.210000	1.243048	0.085968
2.215000	1.246740	0.085969
2.220000	1.245071	0.085969
2.225000	1.223437	0.085969
2.230000	1.200669	0.085969
2.235000	1.202695	0.085968
2.240000	1.223019	0.085969
2.245000	1.246264	0.085969
2.250000	1.191327	0.107076
2.255000	1.245129	0.085970
2.260000	1.228084	0.085970
2.265000	1.244828	0.085971
2.270000	1.254776	0.085973
2.275000	1.220095	0.085972
2.280000	1.223196	0.085971
2.285000	1.204720	0.085972
2.290000	1.202992	0.085971
2.295000	1.212467	0.085972
2.300000	1.216341	0.085971
2.305000	1.229811	0.085971
2.310000	1.215149	0.085971
2.315000	1.216279	0.085974
2.320000	1.193754	0.085971
2.325000	1.214552	0.085972
2.330000	1.191327	0.107076
2.335000	1.227838	0.085975
2.340000	1.224916	0.085977
2.345000	1.190060	0.085973
2.350000	1.193039	0.085972
2.355000	1.206328	0.085974
2.360000	1.216816	0.085973
2.365000	1.206864	0.085974
2.370000	1.192562	0.085976
2.375000	1.218421	0.085977
2.380000	1.204004	0.085973
2.385000	1.253457	0.085976
2.390000	1.233026	0.085973
2.395000	1.230996	0.085974
2.400000	1.205315	0.085973
2.405000	1.222536	0.085974
2.410000	1.232482	0.085977
2.415000	1.255361	0.085977
2.420000	1.191327	0.107076
2.425000	1.276207	0.085979
2.430000	1.246606	0.085975
2.435000	1.191327	0.107076
2.440000	1.191327	0.107076
2.445000	1.191327	0.107076
2.450000	1.224739	0.085975
