0.450000	nan	nan
0.455000	nan	nan
0.460000	nan	nan
0.465000	nan	nan
0.470000	nan	nan
0.475000	nan	nan
0.480000	nan	nan
0.485000	nan	nan
0.490000	nan	nan
0.495000	nan	nan
0.500000	nan	nan
0.505000	nan	nan
0.510000	nan	nan
0.515000	nan	nan
0.520000	nan	nan
0.525000	nan	nan
0.530000	nan	nan
0.535000	nan	nan
0.540000	nan	nan
0.545000	nan	nan
0.550000	nan	nan
0.555000	nan	nan
0.560000	nan	nan
0.565000	nan	nan
0.570000	nan	nan
0.575000	nan	nan
0.580000	nan	nan
0.585000	nan	nan
0.590000	nan	nan
0.595000	nan	nan
0.600000	nan	nan
0.605000	nan	nan
0.610000	nan	nan
0.615000	nan	nan
0.620000	nan	nan
0.625000	nan	nan
0.630000	nan	nan
0.635000	nan	nan
0.640000	nan	nan
0.645000	nan	nan
0.650000	nan	nan
0.655000	nan	nan
0.660000	nan	nan
0.665000	nan	nan
0.670000	nan	nan
0.675000	nan	nan
0.680000	nan	nan
0.685000	nan	nan
0.690000	nan	nan
0.695000	nan	nan
0.700000	nan	nan
0.705000	nan	nan
0.710000	nan	nan
0.715000	nan	nan
0.720000	nan	nan
0.725000	1.085534	0.147702
0.730000	1.093388	0.147701
0.735000	1.085304	0.147701
0.740000	1.095681	0.147700
0.745000	1.088152	0.147700
0.750000	1.091937	0.147700
0.755000	1.093719	0.147701
0.760000	1.168213	0.159041
0.765000	1.081139	0.147699
0.770000	1.084739	0.147700
0.775000	1.098863	0.147699
0.780000	1.084400	0.147699
0.785000	1.085029	0.147699
0.790000	1.082729	0.147699
0.795000	1.092448	0.147699
0.800000	1.082657	0.147699
0.805000	1.093411	0.147699
0.810000	1.088033	0.147699
0.815000	1.085362	0.147699
0.820000	1.074500	0.147699
0.825000	1.077907	0.147699
0.830000	1.079687	0.147699
0.835000	1.073606	0.147699
0.840000	1.075163	0.147699
0.845000	1.082397	0.147699
0.850000	1.077795	0.147698
0.855000	1.073122	0.147698
0.860000	1.069747	0.147698
0.865000	1.065298	0.147699
0.870000	1.064629	0.147698
0.875000	1.168213	0.159041
0.880000	1.072641	0.147699
0.885000	1.076053	0.147699
0.890000	1.065333	0.147698
0.895000	1.067892	0.147698
0.900000	1.064370	0.147698
0.905000	1.069450	0.147698
0.910000	1.064590	0.147698
0.915000	1.064330	0.147698
0.920000	1.062845	0.147698
0.925000	1.061178	0.147698
0.930000	1.059622	0.147698
0.935000	1.063744	0.147699
0.940000	1.168213	0.159041
0.945000	1.063115	0.147699
0.950000	1.058773	0.147699
0.955000	1.063267	0.147699
0.960000	1.060512	0.147698
0.965000	1.061214	0.147698
0.970000	1.063587	0.147698
0.975000	1.070933	0.147698
0.980000	1.068927	0.147698
0.985000	1.076900	0.147698
0.990000	1.085882	0.147699
0.995000	1.074565	0.147698
1.000000	1.077307	0.147698
1.005000	1.086097	0.147698
1.010000	1.086172	0.147698
1.015000	1.082279	0.147698
1.020000	1.084244	0.147698
1.025000	1.087507	0.147698
1.030000	1.092884	0.147698
1.035000	1.095296	0.147698
1.040000	1.108611	0.147698
1.045000	1.111095	0.147698
1.050000	1.106054	0.147698
1.055000	1.111022	0.147698
1.060000	1.115398	0.147698
1.065000	1.118401	0.147698
1.070000	1.123670	0.147699
1.075000	1.128082	0.147698
1.080000	1.125560	0.147698
1.085000	1.124447	0.147698
1.090000	1.126078	0.147698
1.095000	1.127414	0.147698
1.100000	1.126822	0.147699
1.105000	1.118070	0.147699
1.110000	1.112099	0.147699
1.115000	1.109428	0.147698
1.120000	1.115771	0.147699
1.125000	1.122340	0.147700
1.130000	1.130237	0.147700
1.135000	1.168213	0.159041
1.140000	1.119152	0.147700
1.145000	1.126197	0.147700
1.150000	1.141437	0.147700
1.155000	1.133092	0.147699
1.160000	1.125933	0.147699
1.165000	1.129678	0.147699
1.170000	1.138652	0.147699
1.175000	1.138281	0.147699
1.180000	1.140431	0.147698
1.185000	1.152967	0.147699
1.190000	1.151410	0.147699
1.195000	1.136095	0.147699
1.200000	1.149147	0.147699
1.205000	1.155192	0.147699
1.210000	1.153189	0.147699
1.215000	1.154006	0.147699
1.220000	1.157788	0.147699
1.225000	1.156638	0.147699
1.230000	1.157565	0.147699
1.235000	1.163276	0.147699
1.240000	1.166651	0.147699
1.245000	1.179036	0.147700
1.250000	1.173066	0.147699
1.255000	1.166169	0.147699
1.260000	1.168213	0.159041
1.265000	1.176997	0.147699
1.270000	1.168764	0.147700
1.275000	1.169395	0.147700
1.280000	1.168987	0.147700
1.285000	1.175662	0.147699
1.290000	1.184710	0.147699
1.295000	1.175958	0.147699
1.300000	1.174327	0.147700
1.305000	1.182819	0.147699
1.310000	1.181002	0.147699
1.315000	1.183152	0.147699
1.320000	1.189678	0.147700
1.325000	1.183486	0.147700
1.330000	1.178888	0.147700
1.335000	1.176996	0.147700
1.340000	1.175994	0.147701
1.345000	1.168213	0.159041
1.350000	1.168213	0.159041
1.355000	1.168213	0.159041
1.360000	1.168213	0.159041
1.365000	1.168213	0.159041
1.370000	1.168213	0.159041
1.375000	1.188332	0.147877
1.380000	1.168213	0.159041
1.385000	1.208737	0.147870
1.390000	1.168213	0.159041
1.395000	1.168213	0.159041
1.400000	1.194731	0.147777
1.405000	1.192172	0.147750
1.410000	1.168213	0.159041
1.415000	1.168213	0.159041
1.420000	1.168213	0.159041
1.425000	1.168213	0.159041
1.430000	1.221865	0.147708
1.435000	1.210972	0.147707
1.440000	1.198894	0.147706
1.445000	1.195339	0.147705
1.450000	1.218946	0.147706
1.455000	1.168213	0.159041
1.460000	1.232365	0.147705
1.465000	1.203497	0.147704
1.470000	1.168213	0.159041
1.475000	1.204015	0.147704
1.480000	1.218180	0.147703
1.485000	1.218261	0.147701
1.490000	1.168213	0.159041
1.495000	1.207252	0.147701
1.500000	1.214255	0.147702
1.505000	1.212999	0.147701
1.510000	1.203172	0.147701
1.515000	1.214482	0.147701
1.520000	1.241471	0.147701
1.525000	1.233061	0.147700
1.530000	1.221825	0.147700
1.535000	1.231242	0.147700
1.540000	1.242513	0.147701
1.545000	1.237176	0.147700
1.550000	1.242070	0.147700
1.555000	1.229946	0.147700
1.560000	1.216485	0.147700
1.565000	1.213333	0.147700
1.570000	1.197500	0.147701
1.575000	1.215707	0.147700
1.580000	1.226050	0.147701
1.585000	1.208623	0.147701
1.590000	1.208513	0.147700
1.595000	1.216004	0.147700
1.600000	1.211219	0.147700
1.605000	1.201579	0.147701
1.610000	1.199836	0.147700
1.615000	1.211852	0.147700
1.620000	1.215929	0.147700
1.625000	1.209921	0.147701
1.630000	1.189159	0.147700
1.635000	1.218035	0.147702
1.640000	1.235428	0.147701
1.645000	1.228237	0.147701
1.650000	1.218226	0.147701
1.655000	1.199910	0.147701
1.660000	1.198018	0.147701
1.665000	1.206696	0.147700
1.670000	1.207509	0.147701
1.675000	1.184523	0.147700
1.680000	1.187711	0.147701
1.685000	1.208918	0.147701
1.690000	1.218075	0.147701
1.695000	1.199612	0.147701
1.700000	1.173214	0.147700
1.705000	1.161201	0.147701
1.710000	1.178071	0.147700
1.715000	1.178775	0.147701
1.720000	1.174215	0.147701
1.725000	1.191715	0.147701
1.730000	1.191862	0.147702
1.735000	1.161758	0.147702
1.740000	1.145481	0.147701
1.745000	1.152526	0.147702
1.750000	1.150820	0.147702
1.755000	1.165650	0.147702
1.760000	1.182518	0.147702
1.765000	1.190674	0.147702
1.770000	1.176846	0.147702
1.775000	1.143890	0.147703
1.780000	1.157902	0.147702
1.785000	1.196453	0.147704
1.790000	1.175733	0.147704
1.795000	1.149493	0.147707
1.800000	1.132671	0.147708
1.805000	1.168213	0.159041
1.810000	1.161547	0.147724
1.815000	1.168213	0.159041
1.820000	1.168213	0.159041
1.825000	1.145113	0.147741
1.830000	1.168213	0.159041
1.835000	1.168213	0.159041
1.840000	1.168213	0.159041
1.845000	1.168213	0.159041
1.850000	1.168213	0.159041
1.855000	1.153947	0.149639
1.860000	1.166116	0.149086
1.865000	1.162596	0.148985
1.870000	1.168213	0.159041
1.875000	1.168213	0.159041
1.880000	1.168213	0.159041
1.885000	1.168213	0.159041
1.890000	1.131850	0.148066
1.895000	1.168213	0.159041
1.900000	1.168213	0.159041
1.905000	1.168213	0.159041
1.910000	1.168213	0.159041
1.915000	1.168213	0.159041
1.920000	1.135561	0.147917
1.925000	1.141900	0.147823
1.930000	1.149682	0.147779
1.935000	1.161797	0.147774
1.940000	1.149848	0.147744
1.945000	1.147856	0.147745
1.950000	1.188981	0.147737
1.955000	1.168689	0.147725
1.960000	1.165397	0.147728
1.965000	1.166987	0.147722
1.970000	1.171541	0.147716
1.975000	1.191955	0.147711
1.980000	1.186211	0.147712
1.985000	1.172692	0.147707
1.990000	1.191886	0.147708
1.995000	1.196220	0.147709
2.000000	1.179281	0.147715
2.005000	1.166950	0.147728
2.010000	1.217192	0.147735
2.015000	1.168213	0.159041
2.020000	1.220574	0.147723
2.025000	1.215525	0.147718
2.030000	1.198555	0.147708
2.035000	1.185067	0.147708
2.040000	1.191699	0.147709
2.045000	1.203257	0.147710
2.050000	1.217589	0.147711
2.055000	1.232729	0.147713
2.060000	1.223917	0.147713
2.065000	1.237490	0.147716
2.070000	1.168213	0.159041
2.075000	1.230741	0.147711
2.080000	1.216873	0.147714
2.085000	1.200662	0.147710
2.090000	1.203997	0.147710
2.095000	1.206226	0.147708
2.100000	1.212371	0.147710
2.105000	1.222717	0.147708
2.110000	1.231788	0.147709
2.115000	1.177323	0.147709
2.120000	1.168213	0.159041
2.125000	1.168213	0.159041
2.130000	1.185583	0.147711
2.135000	1.179918	0.147708
2.140000	1.214547	0.147712
2.145000	1.206737	0.147711
2.150000	1.193211	0.147713
2.155000	1.208391	0.147714
2.160000	1.202733	0.147711
2.165000	1.227822	0.147717
2.170000	1.255792	0.147720
2.175000	1.224552	0.147711
2.180000	1.212985	0.147714
2.185000	1.227392	0.147714
2.190000	1.240394	0.147714
2.195000	1.252972	0.147716
2.200000	1.224540	0.147714
2.205000	1.182174	0.147711
2.210000	1.193687	0.147715
2.215000	1.209681	0.147716
2.220000	1.213838	0.147714
2.225000	1.239553	0.147718
2.230000	1.228390	0.147714
2.235000	1.199798	0.147715
2.240000	1.228788	0.147716
2.245000	1.248727	0.147714
2.250000	1.222534	0.147715
2.255000	1.168213	0.159041
2.260000	1.168213	0.159041
2.265000	1.211239	0.147715
2.270000	1.232682	0.147715
2.275000	1.240112	0.147717
2.280000	1.261330	0.147722
2.285000	1.265048	0.147724
2.290000	1.262946	0.147723
2.295000	1.264034	0.147726
2.300000	1.245369	0.147729
2.305000	1.204237	0.147716
2.310000	1.240385	0.147727
2.315000	1.258019	0.147724
2.320000	1.262937	0.147724
2.325000	1.195237	0.147717
2.330000	1.168213	0.159041
2.335000	1.206625	0.147722
2.340000	1.250831	0.147725
2.345000	1.261456	0.147729
2.350000	1.213303	0.147727
2.355000	1.168213	0.159041
2.360000	1.270504	0.147735
2.365000	1.267134	0.147727
2.370000	1.243932	0.147739
2.375000	1.262927	0.147735
2.380000	1.258980	0.147738
2.385000	1.168213	0.159041
2.390000	1.276412	0.147740
2.395000	1.260922	0.147736
2.400000	1.168213	0.159041
2.405000	1.168213	0.159041
2.410000	1.168213	0.159041
2.415000	1.210946	0.147755
2.420000	1.249522	0.147770
2.425000	1.292352	0.147767
2.430000	1.285781	0.147775
2.435000	nan	nan
2.440000	nan	nan
2.445000	nan	nan
2.450000	nan	nan
