0.450000	nan	nan
0.455000	nan	nan
0.460000	nan	nan
0.465000	nan	nan
0.470000	nan	nan
0.475000	nan	nan
0.480000	nan	nan
0.485000	nan	nan
0.490000	nan	nan
0.495000	nan	nan
0.500000	nan	nan
0.505000	nan	nan
0.510000	nan	nan
0.515000	nan	nan
0.520000	nan	nan
0.525000	nan	nan
0.530000	nan	nan
0.535000	nan	nan
0.540000	nan	nan
0.545000	nan	nan
0.550000	nan	nan
0.555000	nan	nan
0.560000	nan	nan
0.565000	nan	nan
0.570000	nan	nan
0.575000	nan	nan
0.580000	nan	nan
0.585000	nan	nan
0.590000	nan	nan
0.595000	nan	nan
0.600000	nan	nan
0.605000	nan	nan
0.610000	nan	nan
0.615000	nan	nan
0.620000	nan	nan
0.625000	nan	nan
0.630000	nan	nan
0.635000	nan	nan
0.640000	nan	nan
0.645000	nan	nan
0.650000	nan	nan
0.655000	nan	nan
0.660000	nan	nan
0.665000	nan	nan
0.670000	nan	nan
0.675000	nan	nan
0.680000	nan	nan
0.685000	nan	nan
0.690000	nan	nan
0.695000	nan	nan
0.700000	nan	nan
0.705000	nan	nan
0.710000	nan	nan
0.715000	nan	nan
0.720000	nan	nan
0.725000	nan	nan
0.730000	nan	nan
0.735000	nan	nan
0.740000	nan	nan
0.745000	nan	nan
0.750000	nan	nan
0.755000	nan	nan
0.760000	nan	nan
0.765000	nan	nan
0.770000	nan	nan
0.775000	nan	nan
0.780000	1.004780	0.076095
0.785000	1.050145	0.075903
0.790000	1.146239	0.075872
0.795000	1.122372	0.075828
0.800000	1.154004	0.075832
0.805000	1.077485	0.075805
0.810000	1.037023	0.075777
0.815000	1.030740	0.075757
0.820000	1.043605	0.075750
0.825000	1.076951	0.075732
0.830000	1.075553	0.075779
0.835000	1.029368	0.075748
0.840000	1.002861	0.075728
0.845000	1.005669	0.075726
0.850000	1.022813	0.075730
0.855000	0.999412	0.075726
0.860000	1.027911	0.075744
0.865000	1.271036	0.179840
0.870000	1.271036	0.179840
0.875000	1.040947	0.075728
0.880000	1.009845	0.075729
0.885000	0.999234	0.075728
0.890000	0.988818	0.075736
0.895000	0.966741	0.075711
0.900000	0.984418	0.075707
0.905000	0.979612	0.075707
0.910000	0.978236	0.075698
0.915000	0.977696	0.075700
0.920000	0.973893	0.075704
0.925000	1.008308	0.075732
0.930000	1.008878	0.075749
0.935000	0.969680	0.075733
0.940000	0.967667	0.075722
0.945000	0.991879	0.075722
0.950000	0.972742	0.075721
0.955000	0.987055	0.075711
0.960000	0.991791	0.075724
0.965000	0.987296	0.075692
0.970000	0.991124	0.075703
0.975000	0.988848	0.075698
0.980000	0.980059	0.075703
0.985000	0.969958	0.075684
0.990000	0.969411	0.075681
0.995000	0.972879	0.075694
1.000000	0.978052	0.075696
1.005000	0.994903	0.075684
1.010000	1.009359	0.075707
1.015000	1.036459	0.075695
1.020000	1.031114	0.075699
1.025000	1.013058	0.075694
1.030000	1.016413	0.075694
1.035000	0.989095	0.075683
1.040000	0.997179	0.075690
1.045000	1.015858	0.075686
1.050000	1.017504	0.075695
1.055000	1.019675	0.075691
1.060000	1.035909	0.075690
1.065000	1.050702	0.075698
1.070000	1.048522	0.075695
1.075000	1.055151	0.075702
1.080000	1.061065	0.075717
1.085000	1.051052	0.075687
1.090000	1.054239	0.075697
1.095000	1.027481	0.075695
1.100000	1.029102	0.075687
1.105000	1.075465	0.075700
1.110000	1.070938	0.075707
1.115000	1.075843	0.075713
1.120000	1.093351	0.075719
1.125000	1.111673	0.075723
1.130000	1.140608	0.075732
1.135000	1.109591	0.075727
1.140000	1.129354	0.075721
1.145000	1.143979	0.075754
1.150000	1.092737	0.075739
1.155000	1.119752	0.075732
1.160000	1.111224	0.075727
1.165000	1.091903	0.075722
1.170000	1.077120	0.075721
1.175000	1.098512	0.075711
1.180000	1.132158	0.075711
1.185000	1.138961	0.075713
1.190000	1.141778	0.075720
1.195000	1.136050	0.075701
1.200000	1.151377	0.075700
1.205000	1.159182	0.075709
1.210000	1.142220	0.075705
1.215000	1.127883	0.075696
1.220000	1.141138	0.075713
1.225000	1.183126	0.075712
1.230000	1.196274	0.075709
1.235000	1.132247	0.075709
1.240000	1.143046	0.075718
1.245000	1.195465	0.075724
1.250000	1.171977	0.075723
1.255000	1.143682	0.075720
1.260000	1.175052	0.075707
1.265000	1.156098	0.075707
1.270000	1.149036	0.075725
1.275000	1.164994	0.075722
1.280000	1.186846	0.075716
1.285000	1.202721	0.075729
1.290000	1.200083	0.075709
1.295000	1.267557	0.075718
1.300000	1.252053	0.075746
1.305000	1.211149	0.075712
1.310000	1.260302	0.075714
1.315000	1.226842	0.075727
1.320000	1.271036	0.179840
1.325000	1.299747	0.075740
1.330000	1.292948	0.075730
1.335000	1.271036	0.179840
1.340000	1.277802	0.075786
1.345000	1.317677	0.075830
1.350000	1.324709	0.075950
1.355000	1.255725	0.076259
1.360000	1.273169	0.076611
1.365000	1.271036	0.179840
1.370000	1.271036	0.179840
1.375000	1.264509	0.076660
1.380000	1.281038	0.076259
1.385000	1.311844	0.076357
1.390000	1.271036	0.179840
1.395000	1.274350	0.076185
1.400000	1.313249	0.076151
1.405000	1.345207	0.076093
1.410000	1.405170	0.076017
1.415000	1.348800	0.075948
1.420000	1.358327	0.075914
1.425000	1.386161	0.075876
1.430000	1.354198	0.075835
1.435000	1.325931	0.075807
1.440000	1.390825	0.075813
1.445000	1.385940	0.075799
1.450000	1.340266	0.075772
1.455000	1.387587	0.075776
1.460000	1.348140	0.075803
1.465000	1.333552	0.075787
1.470000	1.376246	0.075791
1.475000	1.342987	0.075769
1.480000	1.319874	0.075749
1.485000	1.387149	0.075753
1.490000	1.426143	0.075745
1.495000	1.411545	0.075744
1.500000	1.381988	0.075741
1.505000	1.417620	0.075744
1.510000	1.399920	0.075770
1.515000	1.323414	0.075738
1.520000	1.348711	0.075742
1.525000	1.358322	0.075741
1.530000	1.427872	0.075738
1.535000	1.474295	0.075740
1.540000	1.377824	0.075730
1.545000	1.289773	0.075736
1.550000	1.302561	0.075726
1.555000	1.329219	0.075732
1.560000	1.381533	0.075744
1.565000	1.390054	0.075748
1.570000	1.377819	0.075738
1.575000	1.409653	0.075729
1.580000	1.428857	0.075752
1.585000	1.405832	0.075745
1.590000	1.415802	0.075750
1.595000	1.331759	0.075728
1.600000	1.351884	0.075742
1.605000	1.379544	0.075735
1.610000	1.381089	0.075729
1.615000	1.369188	0.075769
1.620000	1.408907	0.075755
1.625000	1.421605	0.075750
1.630000	1.343903	0.075746
1.635000	1.288142	0.075730
1.640000	1.329214	0.075746
1.645000	1.406179	0.075766
1.650000	1.358502	0.075743
1.655000	1.441454	0.075758
1.660000	1.478618	0.075765
1.665000	1.338916	0.075746
1.670000	1.276081	0.075735
1.675000	1.295395	0.075741
1.680000	1.313258	0.075739
1.685000	1.366109	0.075762
1.690000	1.401206	0.075748
1.695000	1.338913	0.075754
1.700000	1.293673	0.075733
1.705000	1.355124	0.075793
1.710000	1.340001	0.075754
1.715000	1.335644	0.075769
1.720000	1.307175	0.075777
1.725000	1.314339	0.075766
1.730000	1.353601	0.075754
1.735000	1.376968	0.075796
1.740000	1.353594	0.075770
1.745000	1.308990	0.075768
1.750000	1.276533	0.075783
1.755000	1.282517	0.075770
1.760000	1.265745	0.075754
1.765000	1.356587	0.075766
1.770000	1.339355	0.075784
1.775000	1.273179	0.075772
1.780000	1.346971	0.075779
1.785000	1.359655	0.075795
1.790000	1.291309	0.075788
1.795000	1.306891	0.075835
1.800000	1.399527	0.075935
1.805000	1.327502	0.075995
1.810000	1.260499	0.075969
1.815000	1.265844	0.076040
1.820000	1.296247	0.076116
1.825000	1.317494	0.076513
1.830000	1.277388	0.077197
1.835000	1.230780	0.077822
1.840000	1.410908	0.079236
1.845000	1.277739	0.079630
1.850000	1.253168	0.078582
1.855000	1.271036	0.179840
1.860000	1.271036	0.179840
1.865000	1.232872	0.078353
1.870000	1.359047	0.078708
1.875000	1.271036	0.179840
1.880000	1.322370	0.078295
1.885000	1.274975	0.076550
1.890000	1.277229	0.076618
1.895000	1.250466	0.076892
1.900000	1.171533	0.077616
1.905000	1.271036	0.179840
1.910000	1.271036	0.179840
1.915000	1.255837	0.077527
1.920000	1.310379	0.076442
1.925000	1.369069	0.076303
1.930000	1.427382	0.076284
1.935000	1.378995	0.076329
1.940000	1.359013	0.076170
1.945000	1.341233	0.076072
1.950000	1.368416	0.076016
1.955000	1.427857	0.076159
1.960000	1.402876	0.076058
1.965000	1.203823	0.076001
1.970000	1.244277	0.075889
1.975000	1.351547	0.075882
1.980000	1.285953	0.075872
1.985000	1.240375	0.075850
1.990000	1.282693	0.075857
1.995000	1.281420	0.075930
2.000000	1.177398	0.076024
2.005000	1.203395	0.076064
2.010000	1.369678	0.076185
2.015000	1.409651	0.076076
2.020000	1.447007	0.076006
2.025000	1.364347	0.076006
2.030000	1.289396	0.075877
2.035000	1.291667	0.075829
2.040000	1.338049	0.075878
2.045000	1.231064	0.075953
2.050000	1.193930	0.075945
2.055000	1.297362	0.075923
2.060000	1.307414	0.075932
2.065000	1.331883	0.075894
2.070000	1.333058	0.075902
2.075000	1.322095	0.075907
2.080000	1.337515	0.075854
2.085000	1.318300	0.075871
2.090000	1.310516	0.075836
2.095000	1.349106	0.075872
2.100000	1.386350	0.075865
2.105000	1.402759	0.075854
2.110000	1.343466	0.075925
2.115000	1.354182	0.075868
2.120000	1.434698	0.075905
2.125000	1.351443	0.075913
2.130000	1.321185	0.075921
2.135000	1.338237	0.075861
2.140000	1.359349	0.075862
2.145000	1.420935	0.075897
2.150000	1.393996	0.075944
2.155000	1.360407	0.075920
2.160000	1.382751	0.075966
2.165000	1.429068	0.075920
2.170000	1.429556	0.076081
2.175000	1.365876	0.076025
2.180000	1.447591	0.075966
2.185000	1.516910	0.075935
2.190000	1.454077	0.075998
2.195000	1.305789	0.075907
2.200000	1.416616	0.075970
2.205000	1.464291	0.076014
2.210000	1.429879	0.076024
2.215000	1.386982	0.076004
2.220000	1.446742	0.076000
2.225000	1.488371	0.076088
2.230000	1.445536	0.076028
2.235000	1.520947	0.076089
2.240000	1.501105	0.076038
2.245000	1.510735	0.076079
2.250000	1.457501	0.076098
2.255000	1.401170	0.076040
2.260000	1.351395	0.076017
2.265000	1.363066	0.076032
2.270000	1.535540	0.076074
2.275000	1.519644	0.076178
2.280000	1.422245	0.076058
2.285000	1.409980	0.076116
2.290000	1.427944	0.076062
2.295000	1.479893	0.076215
2.300000	1.516703	0.076082
2.305000	1.515939	0.076111
2.310000	1.436953	0.076201
2.315000	1.490299	0.076138
2.320000	1.591540	0.076183
2.325000	1.488203	0.076223
2.330000	1.271036	0.179840
2.335000	1.384043	0.076209
2.340000	1.410862	0.076257
2.345000	1.419218	0.076105
2.350000	1.335954	0.076153
2.355000	1.397668	0.076125
2.360000	1.455854	0.076201
2.365000	1.361906	0.076172
2.370000	1.409073	0.076233
2.375000	1.587015	0.076235
2.380000	1.271036	0.179840
2.385000	1.603558	0.076425
2.390000	1.540225	0.076380
2.395000	1.474081	0.076314
2.400000	1.325738	0.076133
2.405000	1.501906	0.076185
2.410000	1.271036	0.179840
2.415000	1.271036	0.179840
2.420000	1.446110	0.076357
2.425000	1.326310	0.076327
2.430000	1.392360	0.076342
2.435000	1.561835	0.076530
2.440000	1.608435	0.076425
2.445000	1.575262	0.076491
2.450000	1.271036	0.179840
