0.450000	nan	nan
0.455000	nan	nan
0.460000	nan	nan
0.465000	nan	nan
0.470000	nan	nan
0.475000	nan	nan
0.480000	nan	nan
0.485000	nan	nan
0.490000	nan	nan
0.495000	nan	nan
0.500000	nan	nan
0.505000	nan	nan
0.510000	nan	nan
0.515000	nan	nan
0.520000	nan	nan
0.525000	nan	nan
0.530000	nan	nan
0.535000	nan	nan
0.540000	nan	nan
0.545000	nan	nan
0.550000	nan	nan
0.555000	nan	nan
0.560000	nan	nan
0.565000	nan	nan
0.570000	nan	nan
0.575000	nan	nan
0.580000	nan	nan
0.585000	nan	nan
0.590000	nan	nan
0.595000	nan	nan
0.600000	nan	nan
0.605000	nan	nan
0.610000	nan	nan
0.615000	nan	nan
0.620000	nan	nan
0.625000	nan	nan
0.630000	nan	nan
0.635000	nan	nan
0.640000	nan	nan
0.645000	nan	nan
0.650000	nan	nan
0.655000	nan	nan
0.660000	nan	nan
0.665000	nan	nan
0.670000	nan	nan
0.675000	nan	nan
0.680000	1.244178	0.133212
0.685000	1.255950	0.135182
0.690000	1.245717	0.133210
0.695000	1.247979	0.133210
0.700000	1.249696	0.133210
0.705000	1.247586	0.133210
0.710000	1.250904	0.133209
0.715000	1.251057	0.133209
0.720000	1.251023	0.133209
0.725000	1.253423	0.133209
0.730000	1.251074	0.133209
0.735000	1.250189	0.133209
0.740000	1.249525	0.133209
0.745000	1.253729	0.133209
0.750000	1.255950	0.135182
0.755000	1.249542	0.133209
0.760000	1.245848	0.133209
0.765000	1.246121	0.133209
0.770000	1.246376	0.133209
0.775000	1.246461	0.133209
0.780000	1.245371	0.133209
0.785000	1.243907	0.133209
0.790000	1.244112	0.133209
0.795000	1.239482	0.133209
0.800000	1.239124	0.133209
0.805000	1.238699	0.133209
0.810000	1.235499	0.133209
0.815000	1.232962	0.133209
0.820000	1.233303	0.133209
0.825000	1.230920	0.133209
0.830000	1.228656	0.133209
0.835000	1.228520	0.133209
0.840000	1.226528	0.133209
0.845000	1.226971	0.133209
0.850000	1.223771	0.133209
0.855000	1.223413	0.133209
0.860000	1.221796	0.133209
0.865000	1.219804	0.133209
0.870000	1.217864	0.133209
0.875000	1.219226	0.133209
0.880000	1.217489	0.133209
0.885000	1.214867	0.133209
0.890000	1.213148	0.133209
0.895000	1.216213	0.133209
0.900000	1.214697	0.133209
0.905000	1.213642	0.133209
0.910000	1.211225	0.133209
0.915000	1.213471	0.133209
0.920000	1.211923	0.133209
0.925000	1.210186	0.133209
0.930000	1.210645	0.133209
0.935000	1.210543	0.133209
0.940000	1.212722	0.133209
0.945000	1.212144	0.133209
0.950000	1.210237	0.133209
0.955000	1.209113	0.133209
0.960000	1.211565	0.133209
0.965000	1.210526	0.133209
0.970000	1.210952	0.133209
0.975000	1.209283	0.133209
0.980000	1.207768	0.133209
0.985000	1.208534	0.133209
0.990000	1.207939	0.133209
0.995000	1.209641	0.133209
1.000000	1.209165	0.133209
1.005000	1.212705	0.133209
1.010000	1.211905	0.133209
1.015000	1.212484	0.133209
1.020000	1.212416	0.133209
1.025000	1.211854	0.133209
1.030000	1.212381	0.133209
1.035000	1.212194	0.133209
1.040000	1.213028	0.133209
1.045000	1.210934	0.133209
1.050000	1.211207	0.133209
1.055000	1.211751	0.133209
1.060000	1.213930	0.133209
1.065000	1.215309	0.133209
1.070000	1.214441	0.133209
1.075000	1.214526	0.133209
1.080000	1.215139	0.133209
1.085000	1.215259	0.133209
1.090000	1.217846	0.133209
1.095000	1.220672	0.133209
1.100000	1.220808	0.133209
1.105000	1.222408	0.133209
1.110000	1.221642	0.133209
1.115000	1.222153	0.133209
1.120000	1.222800	0.133209
1.125000	1.223804	0.133209
1.130000	1.225609	0.133209
1.135000	1.226511	0.133209
1.140000	1.229473	0.133209
1.145000	1.230562	0.133209
1.150000	1.229115	0.133209
1.155000	1.229711	0.133209
1.160000	1.230154	0.133209
1.165000	1.231889	0.133209
1.170000	1.235175	0.133209
1.175000	1.231754	0.133209
1.180000	1.236264	0.133209
1.185000	1.234852	0.133209
1.190000	1.235941	0.133209
1.195000	1.237354	0.133209
1.200000	1.238988	0.133209
1.205000	1.236367	0.133209
1.210000	1.235890	0.133209
1.215000	1.235822	0.133209
1.220000	1.238443	0.133209
1.225000	1.237047	0.133209
1.230000	1.235924	0.133209
1.235000	1.237932	0.133209
1.240000	1.236316	0.133209
1.245000	1.238563	0.133209
1.250000	1.240418	0.133209
1.255000	1.241303	0.133209
1.260000	1.240537	0.133209
1.265000	1.242188	0.133209
1.270000	1.242545	0.133209
1.275000	1.242426	0.133209
1.280000	1.241405	0.133209
1.285000	1.244435	0.133209
1.290000	1.243499	0.133209
1.295000	1.244707	0.133209
1.300000	1.247312	0.133209
1.305000	1.249201	0.133209
1.310000	1.247907	0.133209
1.315000	1.250205	0.133209
1.320000	1.251431	0.133209
1.325000	1.250325	0.133209
1.330000	1.254699	0.133209
1.335000	1.254273	0.133209
1.340000	1.255431	0.133209
1.345000	1.258035	0.133209
1.350000	1.265575	0.133209
1.355000	1.253270	0.133209
1.360000	1.253185	0.133210
1.365000	1.262066	0.133210
1.370000	1.255950	0.135182
1.375000	1.255950	0.135182
1.380000	1.261455	0.133210
1.385000	1.261949	0.133210
1.390000	1.262493	0.133210
1.395000	1.259924	0.133209
1.400000	1.260213	0.133209
1.405000	1.264315	0.133209
1.410000	1.269692	0.133209
1.415000	1.267242	0.133209
1.420000	1.265371	0.133209
1.425000	1.267413	0.133209
1.430000	1.266239	0.133209
1.435000	1.268689	0.133209
1.440000	1.268996	0.133209
1.445000	1.272401	0.133209
1.450000	1.271618	0.133209
1.455000	1.271567	0.133209
1.460000	1.273116	0.133209
1.465000	1.271890	0.133209
1.470000	1.272656	0.133209
1.475000	1.272605	0.133209
1.480000	1.272775	0.133209
1.485000	1.275465	0.133209
1.490000	1.275652	0.133209
1.495000	1.275890	0.133209
1.500000	1.277780	0.133209
1.505000	1.277337	0.133209
1.510000	1.277882	0.133209
1.515000	1.276640	0.133209
1.520000	1.279346	0.133209
1.525000	1.280606	0.133209
1.530000	1.280690	0.133209
1.535000	1.278597	0.133209
1.540000	1.280061	0.133209
1.545000	1.279363	0.133209
1.550000	1.280912	0.133209
1.555000	1.282001	0.133209
1.560000	1.280469	0.133209
1.565000	1.279431	0.133209
1.570000	1.281507	0.133209
1.575000	1.274920	0.133209
1.580000	1.278477	0.133209
1.585000	1.281575	0.133209
1.590000	1.283549	0.133209
1.595000	1.274443	0.133209
1.600000	1.275329	0.133209
1.605000	1.283039	0.133209
1.610000	1.282886	0.133209
1.615000	1.280946	0.133209
1.620000	1.277592	0.133209
1.625000	1.281337	0.133209
1.630000	1.278733	0.133209
1.635000	1.280929	0.133209
1.640000	1.278699	0.133209
1.645000	1.278869	0.133209
1.650000	1.279124	0.133209
1.655000	1.276605	0.133209
1.660000	1.278035	0.133209
1.665000	1.280877	0.133209
1.670000	1.278069	0.133209
1.675000	1.276112	0.133209
1.680000	1.277643	0.133209
1.685000	1.277473	0.133209
1.690000	1.278409	0.133209
1.695000	1.274920	0.133209
1.700000	1.271481	0.133209
1.705000	1.275277	0.133209
1.710000	1.277966	0.133209
1.715000	1.270137	0.133209
1.720000	1.255950	0.135182
1.725000	1.271396	0.133209
1.730000	1.274085	0.133209
1.735000	1.273114	0.133209
1.740000	1.274119	0.133209
1.745000	1.275957	0.133209
1.750000	1.269864	0.133209
1.755000	1.270068	0.133209
1.760000	1.272519	0.133209
1.765000	1.270579	0.133209
1.770000	1.274358	0.133209
1.775000	1.271124	0.133209
1.780000	1.270221	0.133209
1.785000	1.274987	0.133209
1.790000	1.275344	0.133209
1.795000	1.273641	0.133209
1.800000	1.270800	0.133209
1.805000	1.271497	0.133209
1.810000	1.273147	0.133209
1.815000	1.268416	0.133210
1.820000	1.261812	0.133210
1.825000	1.268176	0.133210
1.830000	1.266440	0.133210
1.835000	1.265977	0.133210
1.840000	1.264887	0.133211
1.845000	1.272915	0.133211
1.850000	1.275482	0.133211
1.855000	1.262098	0.133211
1.860000	1.268477	0.133211
1.865000	1.275042	0.133211
1.870000	1.259699	0.133212
1.875000	1.255950	0.135182
1.880000	1.275738	0.133213
1.885000	1.260723	0.133210
1.890000	1.267511	0.133210
1.895000	1.275113	0.133210
1.900000	1.264413	0.133210
1.905000	1.274447	0.133211
1.910000	1.255950	0.135182
1.915000	1.255950	0.135182
1.920000	1.269908	0.133210
1.925000	1.269315	0.133210
1.930000	1.255950	0.135182
1.935000	1.255950	0.135182
1.940000	1.272549	0.133210
1.945000	1.268279	0.133210
1.950000	1.266202	0.133210
1.955000	1.264926	0.133210
1.960000	1.264806	0.133210
1.965000	1.268533	0.133210
1.970000	1.269725	0.133210
1.975000	1.264773	0.133210
1.980000	1.265353	0.133210
1.985000	1.267276	0.133210
1.990000	1.262323	0.133210
1.995000	1.266816	0.133210
2.000000	1.263735	0.133210
2.005000	1.257456	0.133210
2.010000	1.262066	0.133210
2.015000	1.260229	0.133210
2.020000	1.260161	0.133210
2.025000	1.263514	0.133210
2.030000	1.269078	0.133210
2.035000	1.275734	0.133210
2.040000	1.271819	0.133210
2.045000	1.266220	0.133210
2.050000	1.265845	0.133210
2.055000	1.270133	0.133210
2.060000	1.273264	0.133210
2.065000	1.264160	0.133210
2.070000	1.263923	0.133210
2.075000	1.259822	0.133209
2.080000	1.268279	0.133210
2.085000	1.272993	0.133210
2.090000	1.272857	0.133210
2.095000	1.270763	0.133210
2.100000	1.270679	0.133210
2.105000	1.268263	0.133210
2.110000	1.271615	0.133210
2.115000	1.272091	0.133210
2.120000	1.276090	0.133210
2.125000	1.273095	0.133210
2.130000	1.271444	0.133210
2.135000	1.275834	0.133210
2.140000	1.271837	0.133209
2.145000	1.267989	0.133210
2.150000	1.275954	0.133210
2.155000	1.274746	0.133210
2.160000	1.269215	0.133210
2.165000	1.272397	0.133210
2.170000	1.276651	0.133210
2.175000	1.269470	0.133210
2.180000	1.271053	0.133210
2.185000	1.272005	0.133210
2.190000	1.270763	0.133210
2.195000	1.275715	0.133210
2.200000	1.270626	0.133210
2.205000	1.270337	0.133210
2.210000	1.280735	0.133210
2.215000	1.272039	0.133210
2.220000	1.272294	0.133210
2.225000	1.268959	0.133210
2.230000	1.279100	0.133210
2.235000	1.278044	0.133210
2.240000	1.275255	0.133210
2.245000	1.273349	0.133210
2.250000	1.273366	0.133210
2.255000	1.278674	0.133210
2.260000	1.281259	0.133210
2.265000	1.272549	0.133210
2.270000	1.279981	0.133210
2.275000	1.273756	0.133210
2.280000	1.272581	0.133210
2.285000	1.267751	0.133210
2.290000	1.272684	0.133210
2.295000	1.276716	0.133210
2.300000	1.279064	0.133210
2.305000	1.273602	0.133210
2.310000	1.255950	0.135182
2.315000	1.272614	0.133210
2.320000	1.267001	0.133210
2.325000	1.266728	0.133210
2.330000	1.267579	0.133210
2.335000	1.272496	0.133210
2.340000	1.278377	0.133211
2.345000	1.269927	0.133210
2.350000	1.270776	0.133210
2.355000	1.275012	0.133210
2.360000	1.273191	0.133210
2.365000	1.272427	0.133210
2.370000	1.268241	0.133210
2.375000	1.272613	0.133210
2.380000	1.279942	0.133211
2.385000	1.270607	0.133210
2.390000	1.270861	0.133210
2.395000	1.276000	0.133210
2.400000	1.271931	0.133210
2.405000	1.278648	0.133211
2.410000	1.266081	0.133210
2.415000	1.271457	0.133210
2.420000	1.279807	0.133210
2.425000	1.279106	0.133211
2.430000	1.276418	0.133211
2.435000	1.268732	0.133211
2.440000	1.273512	0.133211
2.445000	1.274616	0.133211
2.450000	1.255950	0.135182
