0.450000	nan	nan
0.455000	nan	nan
0.460000	nan	nan
0.465000	nan	nan
0.470000	nan	nan
0.475000	nan	nan
0.480000	nan	nan
0.485000	nan	nan
0.490000	nan	nan
0.495000	nan	nan
0.500000	nan	nan
0.505000	nan	nan
0.510000	nan	nan
0.515000	nan	nan
0.520000	nan	nan
0.525000	nan	nan
0.530000	nan	nan
0.535000	nan	nan
0.540000	nan	nan
0.545000	nan	nan
0.550000	nan	nan
0.555000	nan	nan
0.560000	nan	nan
0.565000	nan	nan
0.570000	nan	nan
0.575000	nan	nan
0.580000	nan	nan
0.585000	nan	nan
0.590000	nan	nan
0.595000	nan	nan
0.600000	nan	nan
0.605000	nan	nan
0.610000	nan	nan
0.615000	nan	nan
0.620000	nan	nan
0.625000	nan	nan
0.630000	nan	nan
0.635000	nan	nan
0.640000	nan	nan
0.645000	nan	nan
0.650000	nan	nan
0.655000	nan	nan
0.660000	nan	nan
0.665000	nan	nan
0.670000	nan	nan
0.675000	nan	nan
0.680000	nan	nan
0.685000	nan	nan
0.690000	nan	nan
0.695000	nan	nan
0.700000	nan	nan
0.705000	nan	nan
0.710000	nan	nan
0.715000	nan	nan
0.720000	nan	nan
0.725000	1.023967	0.065155
0.730000	1.046416	0.065158
0.735000	1.012042	0.065128
0.740000	1.018621	0.065090
0.745000	0.981995	0.065095
0.750000	1.002395	0.065119
0.755000	0.992619	0.065140
0.760000	1.099612	0.119585
0.765000	1.013142	0.065063
0.770000	0.999057	0.065065
0.775000	0.993420	0.065052
0.780000	1.003485	0.065052
0.785000	0.977910	0.065056
0.790000	1.099612	0.119585
0.795000	0.975978	0.065054
0.800000	0.967660	0.065045
0.805000	0.993519	0.065063
0.810000	0.968585	0.065046
0.815000	0.974802	0.065053
0.820000	1.099612	0.119585
0.825000	0.985783	0.065049
0.830000	0.941408	0.065046
0.835000	0.969658	0.065036
0.840000	1.004480	0.065043
0.845000	0.961695	0.065040
0.850000	0.949459	0.065046
0.855000	0.968482	0.065035
0.860000	0.969494	0.065038
0.865000	0.972779	0.065047
0.870000	0.970448	0.065057
0.875000	0.975701	0.065038
0.880000	0.970831	0.065035
0.885000	0.959841	0.065035
0.890000	0.947502	0.065031
0.895000	0.954137	0.065035
0.900000	0.986336	0.065026
0.905000	0.987780	0.065037
0.910000	0.973587	0.065028
0.915000	0.971268	0.065046
0.920000	0.983745	0.065032
0.925000	0.981325	0.065040
0.930000	0.971761	0.065040
0.935000	0.954639	0.065035
0.940000	0.929375	0.065029
0.945000	0.931498	0.065041
0.950000	0.940963	0.065034
0.955000	0.941123	0.065030
0.960000	0.951355	0.065028
0.965000	0.982567	0.065030
0.970000	0.986673	0.065026
0.975000	0.970909	0.065032
0.980000	1.015128	0.065039
0.985000	1.099612	0.119585
0.990000	1.012762	0.065023
0.995000	1.002111	0.065026
1.000000	1.004117	0.065021
1.005000	1.019138	0.065023
1.010000	0.993797	0.065021
1.015000	1.000349	0.065026
1.020000	1.026529	0.065030
1.025000	1.016114	0.065020
1.030000	1.017117	0.065015
1.035000	1.016612	0.065014
1.040000	1.029462	0.065026
1.045000	1.010487	0.065015
1.050000	1.013602	0.065023
1.055000	1.031987	0.065035
1.060000	1.018051	0.065026
1.065000	1.027529	0.065023
1.070000	1.041458	0.065025
1.075000	1.038945	0.065030
1.080000	1.025188	0.065032
1.085000	1.016708	0.065025
1.090000	1.069483	0.065029
1.095000	1.099612	0.119585
1.100000	1.052707	0.065035
1.105000	1.021342	0.065044
1.110000	1.025707	0.065048
1.115000	1.038215	0.065061
1.120000	1.048360	0.065058
1.125000	1.084422	0.065055
1.130000	1.070250	0.065062
1.135000	1.056326	0.065056
1.140000	1.040728	0.065057
1.145000	1.099612	0.119585
1.150000	1.052293	0.065044
1.155000	1.096415	0.065065
1.160000	1.124170	0.065073
1.165000	1.084754	0.065040
1.170000	1.089368	0.065043
1.175000	1.135667	0.065052
1.180000	1.111178	0.065040
1.185000	1.101364	0.065040
1.190000	1.125104	0.065036
1.195000	1.112604	0.065039
1.200000	1.080728	0.065040
1.205000	1.100860	0.065052
1.210000	1.133060	0.065068
1.215000	1.118560	0.065041
1.220000	1.138357	0.065039
1.225000	1.102370	0.065043
1.230000	1.065716	0.065049
1.235000	1.115706	0.065051
1.240000	1.139444	0.065046
1.245000	1.124684	0.065039
1.250000	1.120736	0.065058
1.255000	1.135838	0.065045
1.260000	1.111680	0.065051
1.265000	1.097841	0.065046
1.270000	1.100609	0.065043
1.275000	1.099612	0.119585
1.280000	1.068739	0.065056
1.285000	1.120233	0.065057
1.290000	1.090542	0.065037
1.295000	1.057740	0.065033
1.300000	1.064296	0.065062
1.305000	1.106730	0.065059
1.310000	1.139533	0.065037
1.315000	1.098344	0.065046
1.320000	1.082828	0.065052
1.325000	1.129546	0.065048
1.330000	1.104298	0.065063
1.335000	1.148325	0.065062
1.340000	1.065309	0.065076
1.345000	1.079743	0.065126
1.350000	1.049763	0.065152
1.355000	1.058616	0.065418
1.360000	1.135920	0.065754
1.365000	1.099612	0.119585
1.370000	1.110719	0.066991
1.375000	1.082422	0.066220
1.380000	1.099612	0.119585
1.385000	1.158985	0.065909
1.390000	1.184872	0.065900
1.395000	1.147342	0.065563
1.400000	1.099612	0.119585
1.405000	1.144344	0.065418
1.410000	1.099612	0.119585
1.415000	1.151892	0.065367
1.420000	1.217162	0.065236
1.425000	1.133796	0.065299
1.430000	1.108975	0.065223
1.435000	1.149695	0.065148
1.440000	1.155984	0.065140
1.445000	1.158334	0.065134
1.450000	1.165443	0.065149
1.455000	1.230411	0.065120
1.460000	1.203519	0.065115
1.465000	1.238977	0.065109
1.470000	1.198098	0.065094
1.475000	1.165456	0.065134
1.480000	1.226783	0.065084
1.485000	1.181422	0.065088
1.490000	1.227277	0.065090
1.495000	1.201910	0.065064
1.500000	1.099612	0.119585
1.505000	1.160561	0.065072
1.510000	1.241876	0.065083
1.515000	1.099612	0.119585
1.520000	1.099612	0.119585
1.525000	1.244899	0.065080
1.530000	1.187499	0.065053
1.535000	1.212125	0.065075
1.540000	1.245050	0.065089
1.545000	1.193183	0.065069
1.550000	1.132394	0.065057
1.555000	1.129456	0.065064
1.560000	1.157294	0.065068
1.565000	1.211869	0.065078
1.570000	1.207179	0.065074
1.575000	1.136831	0.065073
1.580000	1.169937	0.065088
1.585000	1.232583	0.065075
1.590000	1.253365	0.065081
1.595000	1.255376	0.065082
1.600000	1.262865	0.065069
1.605000	1.286808	0.065085
1.610000	1.263934	0.065079
1.615000	1.185707	0.065081
1.620000	1.154191	0.065068
1.625000	1.165514	0.065066
1.630000	1.170680	0.065101
1.635000	1.147984	0.065071
1.640000	1.153078	0.065101
1.645000	1.147306	0.065083
1.650000	1.143033	0.065078
1.655000	1.139841	0.065090
1.660000	1.124427	0.065056
1.665000	1.088031	0.065074
1.670000	0.993547	0.065083
1.675000	1.099612	0.119585
1.680000	1.010453	0.065058
1.685000	1.102788	0.065081
1.690000	1.092393	0.065091
1.695000	1.061871	0.065076
1.700000	1.019379	0.065093
1.705000	0.974565	0.065062
1.710000	1.000703	0.065106
1.715000	1.062631	0.065087
1.720000	1.106642	0.065111
1.725000	1.124491	0.065116
1.730000	1.112343	0.065095
1.735000	1.089211	0.065118
1.740000	1.094574	0.065114
1.745000	1.128511	0.065124
1.750000	1.162301	0.065098
1.755000	1.140570	0.065137
1.760000	1.095411	0.065103
1.765000	1.183583	0.065106
1.770000	1.205791	0.065108
1.775000	1.125745	0.065126
1.780000	0.989525	0.065144
1.785000	0.908871	0.065151
1.790000	0.981192	0.065118
1.795000	1.021151	0.065186
1.800000	0.998874	0.065246
1.805000	0.957943	0.065371
1.810000	0.946724	0.065358
1.815000	1.099612	0.119585
1.820000	1.099612	0.119585
1.825000	0.896930	0.065950
1.830000	1.099612	0.119585
1.835000	1.099612	0.119585
1.840000	0.929768	0.070250
1.845000	1.099612	0.119585
1.850000	1.161881	0.070639
1.855000	1.099612	0.119585
1.860000	1.099612	0.119585
1.865000	1.099612	0.119585
1.870000	1.053029	0.069685
1.875000	1.099612	0.119585
1.880000	1.045271	0.070398
1.885000	1.099612	0.119585
1.890000	1.099612	0.119585
1.895000	1.000177	0.067029
1.900000	1.042116	0.068670
1.905000	1.099612	0.119585
1.910000	1.099612	0.119585
1.915000	1.239844	0.067342
1.920000	1.152344	0.066735
1.925000	1.125415	0.065852
1.930000	1.006288	0.066101
1.935000	1.017075	0.065676
1.940000	1.260900	0.065682
1.945000	1.168998	0.065661
1.950000	1.149580	0.065581
1.955000	1.199123	0.065595
1.960000	1.246353	0.065503
1.965000	1.286586	0.065520
1.970000	1.316625	0.065303
1.975000	1.217807	0.065306
1.980000	1.134994	0.065239
1.985000	1.117423	0.065242
1.990000	1.034058	0.065300
1.995000	1.058714	0.065288
2.000000	1.005650	0.065518
2.005000	0.977425	0.065540
2.010000	1.102350	0.065593
2.015000	1.172451	0.065618
2.020000	1.346805	0.065664
2.025000	1.314349	0.065429
2.030000	1.227939	0.065246
2.035000	1.192892	0.065239
2.040000	1.063954	0.065228
2.045000	1.031347	0.065260
2.050000	1.197283	0.065405
2.055000	1.214806	0.065522
2.060000	1.113294	0.065406
2.065000	1.238509	0.065322
2.070000	1.305901	0.065343
2.075000	1.125441	0.065282
2.080000	1.255538	0.065291
2.085000	1.283155	0.065316
2.090000	1.149355	0.065285
2.095000	1.110144	0.065242
2.100000	1.167377	0.065235
2.105000	1.269939	0.065283
2.110000	1.292085	0.065321
2.115000	1.263332	0.065322
2.120000	1.207063	0.065277
2.125000	1.172674	0.065296
2.130000	1.112985	0.065262
2.135000	1.097510	0.065213
2.140000	1.099612	0.119585
2.145000	1.066640	0.065246
2.150000	1.259233	0.065364
2.155000	1.165334	0.065276
2.160000	1.222360	0.065282
2.165000	1.214503	0.065391
2.170000	1.166577	0.065290
2.175000	1.192743	0.065362
2.180000	1.161409	0.065476
2.185000	1.095257	0.065340
2.190000	1.099612	0.119585
2.195000	0.993897	0.065217
2.200000	1.147422	0.065301
2.205000	1.067578	0.065290
2.210000	1.046519	0.065307
2.215000	1.194057	0.065313
2.220000	1.176552	0.065348
2.225000	1.022771	0.065383
2.230000	1.244776	0.065279
2.235000	1.099612	0.119585
2.240000	1.221463	0.065477
2.245000	1.104696	0.065392
2.250000	1.017790	0.065411
2.255000	1.190768	0.065408
2.260000	1.361810	0.065535
2.265000	1.050487	0.065497
2.270000	1.017666	0.065373
2.275000	1.248273	0.065459
2.280000	1.328993	0.065472
2.285000	1.007623	0.065633
2.290000	1.054152	0.065350
2.295000	1.299396	0.065498
2.300000	1.194498	0.065497
2.305000	1.255936	0.065506
2.310000	1.273652	0.065488
2.315000	1.099612	0.119585
2.320000	1.221682	0.065549
2.325000	1.216925	0.065500
2.330000	1.195902	0.065573
2.335000	1.048602	0.065422
2.340000	0.967307	0.065521
2.345000	1.099612	0.119585
2.350000	0.954615	0.065466
2.355000	1.258155	0.065642
2.360000	1.099612	0.119585
2.365000	1.113544	0.065865
2.370000	0.953254	0.065799
2.375000	1.194031	0.065805
2.380000	1.099612	0.119585
2.385000	1.099612	0.119585
2.390000	1.289781	0.065973
2.395000	1.153367	0.065644
2.400000	1.099612	0.119585
2.405000	1.099612	0.119585
2.410000	1.099612	0.119585
2.415000	1.099612	0.119585
2.420000	0.906831	0.065736
2.425000	1.201761	0.065800
2.430000	1.222547	0.066193
2.435000	1.025187	0.066140
2.440000	1.036407	0.066208
2.445000	1.099612	0.119585
2.450000	1.099612	0.119585
