0.450000	nan	nan
0.455000	nan	nan
0.460000	nan	nan
0.465000	nan	nan
0.470000	nan	nan
0.475000	nan	nan
0.480000	nan	nan
0.485000	nan	nan
0.490000	nan	nan
0.495000	nan	nan
0.500000	nan	nan
0.505000	nan	nan
0.510000	nan	nan
0.515000	nan	nan
0.520000	nan	nan
0.525000	nan	nan
0.530000	nan	nan
0.535000	nan	nan
0.540000	nan	nan
0.545000	nan	nan
0.550000	nan	nan
0.555000	nan	nan
0.560000	nan	nan
0.565000	nan	nan
0.570000	nan	nan
0.575000	nan	nan
0.580000	nan	nan
0.585000	nan	nan
0.590000	nan	nan
0.595000	nan	nan
0.600000	nan	nan
0.605000	nan	nan
0.610000	nan	nan
0.615000	nan	nan
0.620000	nan	nan
0.625000	nan	nan
0.630000	nan	nan
0.635000	nan	nan
0.640000	nan	nan
0.645000	nan	nan
0.650000	nan	nan
0.655000	nan	nan
0.660000	nan	nan
0.665000	nan	nan
0.670000	nan	nan
0.675000	nan	nan
0.680000	nan	nan
0.685000	nan	nan
0.690000	nan	nan
0.695000	nan	nan
0.700000	nan	nan
0.705000	nan	nan
0.710000	nan	nan
0.715000	nan	nan
0.720000	nan	nan
0.725000	nan	nan
0.730000	nan	nan
0.735000	nan	nan
0.740000	nan	nan
0.745000	nan	nan
0.750000	nan	nan
0.755000	nan	nan
0.760000	1.073562	0.058700
0.765000	1.055048	0.058690
0.770000	1.072734	0.058684
0.775000	1.064049	0.058681
0.780000	1.056398	0.058679
0.785000	1.076608	0.058678
0.790000	1.056112	0.058678
0.795000	1.053663	0.058678
0.800000	1.050361	0.058678
0.805000	1.049908	0.058678
0.810000	1.055341	0.058678
0.815000	1.044422	0.058677
0.820000	1.036112	0.058677
0.825000	1.034647	0.058677
0.830000	1.038775	0.058677
0.835000	1.040640	0.058677
0.840000	1.038110	0.058677
0.845000	1.035979	0.058677
0.850000	1.033795	0.058677
0.855000	1.031425	0.058677
0.860000	1.033981	0.058677
0.865000	1.034434	0.058677
0.870000	1.033076	0.058677
0.875000	1.034354	0.058677
0.880000	1.031930	0.058677
0.885000	1.031078	0.058677
0.890000	1.033422	0.058677
0.895000	1.032116	0.058677
0.900000	1.032596	0.058677
0.905000	1.035792	0.058677
0.910000	1.034114	0.058677
0.915000	1.031024	0.058677
0.920000	1.033954	0.058677
0.925000	1.029665	0.058677
0.930000	1.026683	0.058677
0.935000	1.029293	0.058677
0.940000	1.026602	0.058677
0.945000	1.029133	0.058677
0.950000	1.035020	0.058677
0.955000	1.028760	0.058677
0.960000	1.030038	0.058677
0.965000	1.028573	0.058677
0.970000	1.028733	0.058677
0.975000	1.028147	0.058677
0.980000	1.028813	0.058677
0.985000	1.027694	0.058677
0.990000	1.025510	0.058677
0.995000	1.026629	0.058677
1.000000	1.028600	0.058677
1.005000	1.029479	0.058677
1.010000	1.025403	0.058677
1.015000	1.030970	0.058677
1.020000	1.033687	0.058677
1.025000	1.031103	0.058677
1.030000	1.032915	0.058677
1.035000	1.029425	0.058677
1.040000	1.029718	0.058677
1.045000	1.026468	0.058677
1.050000	1.027374	0.058677
1.055000	1.027241	0.058677
1.060000	1.030943	0.058677
1.065000	1.031716	0.058677
1.070000	1.030864	0.058677
1.075000	1.027800	0.058677
1.080000	1.027374	0.058677
1.085000	1.026255	0.058677
1.090000	1.025003	0.058677
1.095000	1.025856	0.058677
1.100000	1.025723	0.058677
1.105000	1.028866	0.058677
1.110000	1.030704	0.058677
1.115000	1.030464	0.058677
1.120000	1.031717	0.058677
1.125000	1.031290	0.058677
1.130000	1.033208	0.058677
1.135000	1.027561	0.058677
1.140000	1.026603	0.058677
1.145000	1.029879	0.058677
1.150000	1.037018	0.058677
1.155000	1.035392	0.058677
1.160000	1.027828	0.058677
1.165000	1.023992	0.058677
1.170000	1.034274	0.058677
1.175000	1.037736	0.058677
1.180000	1.033181	0.058677
1.185000	1.029905	0.058677
1.190000	1.030758	0.058677
1.195000	1.037070	0.058677
1.200000	1.035180	0.058677
1.205000	1.031371	0.058677
1.210000	1.033554	0.058677
1.215000	1.039787	0.058677
1.220000	1.036618	0.058677
1.225000	1.037390	0.058677
1.230000	1.037497	0.058677
1.235000	1.034939	0.058677
1.240000	1.039441	0.058677
1.245000	1.036218	0.058677
1.250000	1.035526	0.058677
1.255000	1.032649	0.058677
1.260000	1.038589	0.058677
1.265000	1.032809	0.058677
1.270000	1.036325	0.058677
1.275000	1.037577	0.058677
1.280000	1.031531	0.058677
1.285000	1.040214	0.058677
1.290000	1.037443	0.058677
1.295000	1.038988	0.058677
1.300000	1.035659	0.058677
1.305000	1.041439	0.058677
1.310000	1.040347	0.058677
1.315000	1.036112	0.058677
1.320000	1.043224	0.058677
1.325000	1.043117	0.058677
1.330000	1.043330	0.058677
1.335000	1.039814	0.058677
1.340000	1.045141	0.058677
1.345000	1.047139	0.058678
1.350000	1.045229	0.060877
1.355000	1.045229	0.060877
1.360000	1.039875	0.058680
1.365000	1.051102	0.058679
1.370000	1.042882	0.058681
1.375000	1.041202	0.058679
1.380000	1.051342	0.058679
1.385000	1.044157	0.058679
1.390000	1.041521	0.058679
1.395000	1.047511	0.058678
1.400000	1.040935	0.058678
1.405000	1.034385	0.058678
1.410000	1.040003	0.058678
1.415000	1.035209	0.058678
1.420000	1.038936	0.058678
1.425000	1.042851	0.058678
1.430000	1.040987	0.058677
1.435000	1.029187	0.058677
1.440000	1.043730	0.058677
1.445000	1.048098	0.058677
1.450000	1.046020	0.058677
1.455000	1.042771	0.058677
1.460000	1.047938	0.058677
1.465000	1.046659	0.058677
1.470000	1.046713	0.058677
1.475000	1.044555	0.058677
1.480000	1.051933	0.058677
1.485000	1.049429	0.058677
1.490000	1.043836	0.058677
1.495000	1.047299	0.058677
1.500000	1.051161	0.058677
1.505000	1.047112	0.058677
1.510000	1.048551	0.058677
1.515000	1.048258	0.058677
1.520000	1.051028	0.058677
1.525000	1.039575	0.058677
1.530000	1.030226	0.058677
1.535000	1.043756	0.058677
1.540000	1.053851	0.058677
1.545000	1.043756	0.058677
1.550000	1.043303	0.058677
1.555000	1.046313	0.058677
1.560000	1.050655	0.058677
1.565000	1.053318	0.058677
1.570000	1.046340	0.058677
1.575000	1.036592	0.058677
1.580000	1.029773	0.058677
1.585000	1.046233	0.058677
1.590000	1.052359	0.058677
1.595000	1.045461	0.058677
1.600000	1.055768	0.058677
1.605000	1.054517	0.058677
1.610000	1.044529	0.058677
1.615000	1.048737	0.058677
1.620000	1.051400	0.058677
1.625000	1.044262	0.058677
1.630000	1.049509	0.058677
1.635000	1.046926	0.058677
1.640000	1.052785	0.058677
1.645000	1.046899	0.058677
1.650000	1.043330	0.058677
1.655000	1.050601	0.058677
1.660000	1.042638	0.058677
1.665000	1.049083	0.058677
1.670000	1.056541	0.058677
1.675000	1.047352	0.058677
1.680000	1.047219	0.058677
1.685000	1.066900	0.058678
1.690000	1.061361	0.058677
1.695000	1.055768	0.058677
1.700000	1.061015	0.058677
1.705000	1.060029	0.058677
1.710000	1.042371	0.058677
1.715000	1.041599	0.058677
1.720000	1.066607	0.058678
1.725000	1.067299	0.058678
1.730000	1.048657	0.058678
1.735000	1.055235	0.058677
1.740000	1.053104	0.058677
1.745000	1.043863	0.058678
1.750000	1.046899	0.058677
1.755000	1.059549	0.058678
1.760000	1.067751	0.058678
1.765000	1.052891	0.058678
1.770000	1.032944	0.058677
1.775000	1.028709	0.058678
1.780000	1.055820	0.058678
1.785000	1.060694	0.058678
1.790000	1.053530	0.058678
1.795000	1.043757	0.058678
1.800000	1.046127	0.058678
1.805000	1.054914	0.058678
1.810000	1.059599	0.058678
1.815000	1.072901	0.058679
1.820000	1.060367	0.058679
1.825000	1.053551	0.058679
1.830000	1.050992	0.058681
1.835000	1.061935	0.058683
1.840000	1.039002	0.058682
1.845000	1.036060	0.058684
1.850000	1.044108	0.058687
1.855000	1.076855	0.058687
1.860000	1.061301	0.058682
1.865000	1.060348	0.058685
1.870000	1.019881	0.058683
1.875000	1.045726	0.058684
1.880000	1.045229	0.060877
1.885000	1.045229	0.060877
1.890000	1.032086	0.058681
1.895000	1.031206	0.058681
1.900000	1.051334	0.058682
1.905000	1.054605	0.058682
1.910000	1.037469	0.058684
1.915000	1.034276	0.058683
1.920000	1.017544	0.058681
1.925000	1.021355	0.058680
1.930000	1.032778	0.058681
1.935000	1.069053	0.058680
1.940000	1.059591	0.058679
1.945000	1.047617	0.058679
1.950000	1.048814	0.058679
1.955000	1.025550	0.058679
1.960000	1.026323	0.058679
1.965000	1.006921	0.058679
1.970000	1.021208	0.058678
1.975000	1.037368	0.058678
1.980000	1.048283	0.058678
1.985000	1.042585	0.058678
1.990000	1.034464	0.058678
1.995000	1.038405	0.058678
2.000000	1.047351	0.058679
2.005000	1.052033	0.058680
2.010000	1.055065	0.058680
2.015000	1.027875	0.058680
2.020000	1.034713	0.058680
2.025000	1.060412	0.058680
2.030000	1.051184	0.058679
2.035000	1.052036	0.058678
2.040000	1.060104	0.058678
2.045000	1.051745	0.058678
2.050000	1.040562	0.058678
2.055000	1.054990	0.058679
2.060000	1.052355	0.058679
2.065000	1.049481	0.058678
2.070000	1.034998	0.058678
2.075000	1.036010	0.058678
2.080000	1.056986	0.058679
2.085000	1.058292	0.058678
2.090000	1.055871	0.058678
2.095000	1.048443	0.058678
2.100000	1.060263	0.058678
2.105000	1.063218	0.058678
2.110000	1.050518	0.058679
2.115000	1.051451	0.058678
2.120000	1.061247	0.058678
2.125000	1.058320	0.058678
2.130000	1.058877	0.058679
2.135000	1.065400	0.058678
2.140000	1.060235	0.058679
2.145000	1.058612	0.058678
2.150000	1.073972	0.058678
2.155000	1.074397	0.058678
2.160000	1.056747	0.058679
2.165000	1.050306	0.058679
2.170000	1.068750	0.058679
2.175000	1.064572	0.058679
2.180000	1.054379	0.058678
2.185000	1.047670	0.058679
2.190000	1.047404	0.058678
2.195000	1.053286	0.058679
2.200000	1.066560	0.058680
2.205000	1.073505	0.058680
2.210000	1.056985	0.058679
2.215000	1.063847	0.058679
2.220000	1.061109	0.058679
2.225000	1.075688	0.058679
2.230000	1.056800	0.058679
2.235000	1.037689	0.058679
2.240000	1.033803	0.058679
2.245000	1.063213	0.058679
2.250000	1.067336	0.058679
2.255000	1.042933	0.058679
2.260000	1.037957	0.058679
2.265000	1.033380	0.058679
2.270000	1.039901	0.058680
2.275000	1.034526	0.058680
2.280000	1.046339	0.058679
2.285000	1.046099	0.058679
2.290000	1.047323	0.058680
2.295000	1.057672	0.058680
2.300000	1.027683	0.058679
2.305000	1.043199	0.058680
2.310000	1.037509	0.058681
2.315000	1.023243	0.058680
2.320000	1.030964	0.058680
2.325000	1.033434	0.058680
2.330000	1.047163	0.058680
2.335000	1.052911	0.058680
2.340000	1.051365	0.058680
2.345000	1.029630	0.058680
2.350000	1.040512	0.058680
2.355000	1.046498	0.058680
2.360000	1.030009	0.058681
2.365000	1.032027	0.058680
2.370000	1.058626	0.058681
2.375000	1.054049	0.058681
2.380000	1.027930	0.058680
2.385000	1.078416	0.058682
2.390000	1.081811	0.058681
2.395000	1.085776	0.058681
2.400000	1.088776	0.058681
2.405000	1.100300	0.058681
2.410000	1.114061	0.058682
2.415000	1.114504	0.058682
2.420000	1.090834	0.058680
2.425000	1.114157	0.058684
2.430000	1.100304	0.058684
2.435000	1.126564	0.058684
2.440000	nan	nan
2.445000	nan	nan
2.450000	nan	nan
