0.450000	nan	nan
0.455000	nan	nan
0.460000	nan	nan
0.465000	nan	nan
0.470000	nan	nan
0.475000	nan	nan
0.480000	nan	nan
0.485000	nan	nan
0.490000	nan	nan
0.495000	nan	nan
0.500000	nan	nan
0.505000	nan	nan
0.510000	nan	nan
0.515000	nan	nan
0.520000	nan	nan
0.525000	nan	nan
0.530000	nan	nan
0.535000	nan	nan
0.540000	nan	nan
0.545000	nan	nan
0.550000	nan	nan
0.555000	nan	nan
0.560000	nan	nan
0.565000	nan	nan
0.570000	nan	nan
0.575000	nan	nan
0.580000	nan	nan
0.585000	nan	nan
0.590000	nan	nan
0.595000	nan	nan
0.600000	nan	nan
0.605000	nan	nan
0.610000	nan	nan
0.615000	nan	nan
0.620000	nan	nan
0.625000	nan	nan
0.630000	nan	nan
0.635000	nan	nan
0.640000	nan	nan
0.645000	nan	nan
0.650000	nan	nan
0.655000	nan	nan
0.660000	nan	nan
0.665000	nan	nan
0.670000	nan	nan
0.675000	nan	nan
0.680000	nan	nan
0.685000	nan	nan
0.690000	nan	nan
0.695000	nan	nan
0.700000	nan	nan
0.705000	nan	nan
0.710000	nan	nan
0.715000	nan	nan
0.720000	nan	nan
0.725000	nan	nan
0.730000	nan	nan
0.735000	nan	nan
0.740000	nan	nan
0.745000	nan	nan
0.750000	nan	nan
0.755000	nan	nan
0.760000	nan	nan
0.765000	nan	nan
0.770000	nan	nan
0.775000	nan	nan
0.780000	nan	nan
0.785000	nan	nan
0.790000	1.064585	0.085397
0.795000	1.064901	0.085397
0.800000	1.064816	0.085397
0.805000	1.064712	0.085397
0.810000	1.064585	0.085397
0.815000	1.064576	0.085397
0.820000	1.064473	0.085397
0.825000	1.064659	0.085397
0.830000	1.064641	0.085397
0.835000	1.064783	0.085397
0.840000	1.064541	0.085397
0.845000	1.064487	0.085397
0.850000	1.064490	0.085397
0.855000	1.064754	0.085397
0.860000	1.064597	0.085397
0.865000	1.064706	0.085397
0.870000	1.064561	0.085397
0.875000	1.064822	0.085397
0.880000	1.064922	0.085397
0.885000	1.064904	0.085397
0.890000	1.064993	0.085397
0.895000	1.064801	0.085397
0.900000	1.065023	0.085397
0.905000	1.065049	0.085397
0.910000	1.064960	0.085397
0.915000	1.065076	0.085397
0.920000	1.065040	0.085397
0.925000	1.064916	0.085397
0.930000	1.064946	0.085397
0.935000	1.065093	0.085397
0.940000	1.064857	0.085397
0.945000	1.064585	0.085397
0.950000	1.064819	0.085397
0.955000	1.064842	0.085397
0.960000	1.064937	0.085397
0.965000	1.064789	0.085397
0.970000	1.064990	0.085397
0.975000	1.065014	0.085397
0.980000	1.064866	0.085397
0.985000	1.065085	0.085397
0.990000	1.065017	0.085397
0.995000	1.065055	0.085397
1.000000	1.065011	0.085397
1.005000	1.064777	0.085397
1.010000	1.064644	0.085397
1.015000	1.064508	0.085397
1.020000	1.067978	0.085434
1.025000	1.067978	0.085434
1.030000	1.067978	0.085434
1.035000	1.067978	0.085434
1.040000	1.064653	0.085397
1.045000	1.064898	0.085397
1.050000	1.064839	0.085397
1.055000	1.065176	0.085397
1.060000	1.065445	0.085397
1.065000	1.065362	0.085397
1.070000	1.065357	0.085397
1.075000	1.065324	0.085397
1.080000	1.065283	0.085397
1.085000	1.065401	0.085397
1.090000	1.065714	0.085397
1.095000	1.065487	0.085397
1.100000	1.065679	0.085397
1.105000	1.065528	0.085397
1.110000	1.065611	0.085397
1.115000	1.065540	0.085397
1.120000	1.065738	0.085397
1.125000	1.065365	0.085397
1.130000	1.065628	0.085397
1.135000	1.065289	0.085397
1.140000	1.065348	0.085397
1.145000	1.065463	0.085397
1.150000	1.065673	0.085397
1.155000	1.065637	0.085397
1.160000	1.065853	0.085397
1.165000	1.066063	0.085397
1.170000	1.066495	0.085397
1.175000	1.065942	0.085397
1.180000	1.065688	0.085397
1.185000	1.065759	0.085397
1.190000	1.065998	0.085397
1.195000	1.065900	0.085397
1.200000	1.066187	0.085397
1.205000	1.065747	0.085397
1.210000	1.065895	0.085397
1.215000	1.066051	0.085397
1.220000	1.066143	0.085397
1.225000	1.066158	0.085397
1.230000	1.065968	0.085397
1.235000	1.065989	0.085397
1.240000	1.066101	0.085397
1.245000	1.066169	0.085397
1.250000	1.066243	0.085397
1.255000	1.066356	0.085397
1.260000	1.066214	0.085397
1.265000	1.066308	0.085397
1.270000	1.066211	0.085397
1.275000	1.066146	0.085397
1.280000	1.066338	0.085397
1.285000	1.066385	0.085397
1.290000	1.066418	0.085397
1.295000	1.066557	0.085397
1.300000	1.066453	0.085397
1.305000	1.066498	0.085397
1.310000	1.066501	0.085397
1.315000	1.066521	0.085397
1.320000	1.066548	0.085397
1.325000	1.066604	0.085397
1.330000	1.066353	0.085397
1.335000	1.066515	0.085397
1.340000	1.066802	0.085397
1.345000	1.066855	0.085397
1.350000	1.067978	0.085434
1.355000	1.066654	0.085397
1.360000	1.066814	0.085397
1.365000	1.066643	0.085397
1.370000	1.067021	0.085397
1.375000	1.067210	0.085397
1.380000	1.067006	0.085397
1.385000	1.066923	0.085397
1.390000	1.067384	0.085397
1.395000	1.066988	0.085397
1.400000	1.066852	0.085397
1.405000	1.067039	0.085397
1.410000	1.067110	0.085397
1.415000	1.067195	0.085397
1.420000	1.067441	0.085397
1.425000	1.067337	0.085397
1.430000	1.067266	0.085397
1.435000	1.067260	0.085397
1.440000	1.067180	0.085397
1.445000	1.067240	0.085397
1.450000	1.067124	0.085397
1.455000	1.067659	0.085397
1.460000	1.067160	0.085397
1.465000	1.067071	0.085397
1.470000	1.067056	0.085397
1.475000	1.067349	0.085397
1.480000	1.067438	0.085397
1.485000	1.067127	0.085397
1.490000	1.067056	0.085397
1.495000	1.067237	0.085397
1.500000	1.067092	0.085397
1.505000	1.067240	0.085397
1.510000	1.067381	0.085397
1.515000	1.067582	0.085397
1.520000	1.067851	0.085397
1.525000	1.067999	0.085397
1.530000	1.067736	0.085397
1.535000	1.067426	0.085397
1.540000	1.067263	0.085397
1.545000	1.067435	0.085397
1.550000	1.067452	0.085397
1.555000	1.067384	0.085397
1.560000	1.067355	0.085397
1.565000	1.067452	0.085397
1.570000	1.067509	0.085397
1.575000	1.067659	0.085397
1.580000	1.067813	0.085397
1.585000	1.067337	0.085397
1.590000	1.067517	0.085397
1.595000	1.067742	0.085397
1.600000	1.067896	0.085397
1.605000	1.067819	0.085397
1.610000	1.068070	0.085397
1.615000	1.068097	0.085397
1.620000	1.067914	0.085397
1.625000	1.067822	0.085397
1.630000	1.067786	0.085397
1.635000	1.068020	0.085397
1.640000	1.067914	0.085397
1.645000	1.067919	0.085397
1.650000	1.067863	0.085397
1.655000	1.067636	0.085397
1.660000	1.067742	0.085397
1.665000	1.067902	0.085397
1.670000	1.067476	0.085397
1.675000	1.067831	0.085397
1.680000	1.067778	0.085397
1.685000	1.068106	0.085397
1.690000	1.067716	0.085397
1.695000	1.067718	0.085397
1.700000	1.068038	0.085397
1.705000	1.068023	0.085397
1.710000	1.067902	0.085397
1.715000	1.068233	0.085397
1.720000	1.068126	0.085397
1.725000	1.068097	0.085397
1.730000	1.068023	0.085397
1.735000	1.068298	0.085397
1.740000	1.068171	0.085397
1.745000	1.068230	0.085397
1.750000	1.068209	0.085397
1.755000	1.068171	0.085397
1.760000	1.068528	0.085397
1.765000	1.068460	0.085397
1.770000	1.068824	0.085397
1.775000	1.068197	0.085397
1.780000	1.068159	0.085397
1.785000	1.068658	0.085397
1.790000	1.068499	0.085397
1.795000	1.068487	0.085397
1.800000	1.068180	0.085397
1.805000	1.067934	0.085397
1.810000	1.068035	0.085397
1.815000	1.068924	0.085397
1.820000	1.068756	0.085397
1.825000	1.068490	0.085397
1.830000	1.069362	0.085397
1.835000	1.068886	0.085397
1.840000	1.068540	0.085397
1.845000	1.067978	0.085434
1.850000	1.068906	0.085397
1.855000	1.069172	0.085397
1.860000	1.067961	0.085397
1.865000	1.068558	0.085397
1.870000	1.068369	0.085397
1.875000	1.068847	0.085397
1.880000	1.068703	0.085397
1.885000	1.068567	0.085397
1.890000	1.068262	0.085397
1.895000	1.068481	0.085397
1.900000	1.068661	0.085397
1.905000	1.067863	0.085397
1.910000	1.068972	0.085397
1.915000	1.068608	0.085397
1.920000	1.068573	0.085397
1.925000	1.069380	0.085397
1.930000	1.069628	0.085397
1.935000	1.067978	0.085434
1.940000	1.068933	0.085397
1.945000	1.068786	0.085397
1.950000	1.069303	0.085397
1.955000	1.068786	0.085397
1.960000	1.068245	0.085397
1.965000	1.068478	0.085397
1.970000	1.068188	0.085397
1.975000	1.068629	0.085397
1.980000	1.069034	0.085397
1.985000	1.068815	0.085397
1.990000	1.069078	0.085397
1.995000	1.069126	0.085397
2.000000	1.068957	0.085397
2.005000	1.069161	0.085397
2.010000	1.068528	0.085397
2.015000	1.068694	0.085397
2.020000	1.068848	0.085397
2.025000	1.068573	0.085397
2.030000	1.069270	0.085397
2.035000	1.069563	0.085397
2.040000	1.068865	0.085397
2.045000	1.069412	0.085397
2.050000	1.069539	0.085397
2.055000	1.068508	0.085397
2.060000	1.069081	0.085397
2.065000	1.068762	0.085397
2.070000	1.068706	0.085397
2.075000	1.069093	0.085397
2.080000	1.069060	0.085397
2.085000	1.069055	0.085397
2.090000	1.069205	0.085397
2.095000	1.069259	0.085397
2.100000	1.069019	0.085397
2.105000	1.069386	0.085397
2.110000	1.069191	0.085397
2.115000	1.069096	0.085397
2.120000	1.069291	0.085397
2.125000	1.069652	0.085397
2.130000	1.069758	0.085397
2.135000	1.069764	0.085397
2.140000	1.070018	0.085397
2.145000	1.069468	0.085397
2.150000	1.069504	0.085397
2.155000	1.069980	0.085397
2.160000	1.069628	0.085397
2.165000	1.069749	0.085397
2.170000	1.069977	0.085397
2.175000	1.070326	0.085397
2.180000	1.070337	0.085397
2.185000	1.070429	0.085397
2.190000	1.070077	0.085397
2.195000	1.070181	0.085397
2.200000	1.070556	0.085397
2.205000	1.071393	0.085397
2.210000	1.070601	0.085397
2.215000	1.070615	0.085397
2.220000	1.071198	0.085397
2.225000	1.070778	0.085397
2.230000	1.070225	0.085397
2.235000	1.070290	0.085397
2.240000	1.070869	0.085397
2.245000	1.071475	0.085397
2.250000	1.071431	0.085397
2.255000	1.071186	0.085397
2.260000	1.071579	0.085397
2.265000	1.070840	0.085397
2.270000	1.072058	0.085397
2.275000	1.071700	0.085397
2.280000	1.071073	0.085397
2.285000	1.071712	0.085397
2.290000	1.072247	0.085397
2.295000	1.071936	0.085397
2.300000	1.071730	0.085397
2.305000	1.072755	0.085397
2.310000	1.072856	0.085397
2.315000	1.072078	0.085397
2.320000	1.072941	0.085397
2.325000	1.071744	0.085397
2.330000	1.072726	0.085397
2.335000	1.067978	0.085434
2.340000	1.072776	0.085397
2.345000	1.073869	0.085397
2.350000	1.073887	0.085397
2.355000	1.073101	0.085397
2.360000	1.073651	0.085397
2.365000	1.067978	0.085434
2.370000	1.067978	0.085434
2.375000	1.073523	0.085397
2.380000	1.074844	0.085397
2.385000	1.074265	0.085397
2.390000	1.074901	0.085397
2.395000	1.074753	0.085397
2.400000	1.074058	0.085397
2.405000	1.074528	0.085397
2.410000	1.073922	0.085397
2.415000	1.075178	0.085397
2.420000	1.074230	0.085397
2.425000	1.075122	0.085397
2.430000	1.067978	0.085434
2.435000	1.074348	0.085397
2.440000	1.075217	0.085397
2.445000	1.067978	0.085434
2.450000	1.075143	0.085397
