0.450000	nan	nan
0.455000	nan	nan
0.460000	nan	nan
0.465000	nan	nan
0.470000	nan	nan
0.475000	nan	nan
0.480000	nan	nan
0.485000	nan	nan
0.490000	nan	nan
0.495000	nan	nan
0.500000	nan	nan
0.505000	nan	nan
0.510000	nan	nan
0.515000	nan	nan
0.520000	nan	nan
0.525000	nan	nan
0.530000	nan	nan
0.535000	nan	nan
0.540000	nan	nan
0.545000	nan	nan
0.550000	nan	nan
0.555000	nan	nan
0.560000	nan	nan
0.565000	nan	nan
0.570000	nan	nan
0.575000	nan	nan
0.580000	nan	nan
0.585000	nan	nan
0.590000	nan	nan
0.595000	nan	nan
0.600000	nan	nan
0.605000	nan	nan
0.610000	nan	nan
0.615000	nan	nan
0.620000	nan	nan
0.625000	nan	nan
0.630000	nan	nan
0.635000	nan	nan
0.640000	nan	nan
0.645000	nan	nan
0.650000	nan	nan
0.655000	nan	nan
0.660000	nan	nan
0.665000	nan	nan
0.670000	nan	nan
0.675000	nan	nan
0.680000	nan	nan
0.685000	nan	nan
0.690000	nan	nan
0.695000	nan	nan
0.700000	nan	nan
0.705000	nan	nan
0.710000	nan	nan
0.715000	nan	nan
0.720000	nan	nan
0.725000	nan	nan
0.730000	nan	nan
0.735000	nan	nan
0.740000	nan	nan
0.745000	nan	nan
0.750000	nan	nan
0.755000	nan	nan
0.760000	nan	nan
0.765000	nan	nan
0.770000	0.999531	0.060624
0.775000	0.999401	0.060624
0.780000	1.000721	0.060624
0.785000	1.001420	0.060624
0.790000	1.001679	0.060624
0.795000	1.003724	0.060624
0.800000	0.999323	0.060624
0.805000	1.002533	0.060624
0.810000	1.001420	0.060624
0.815000	1.005848	0.060624
0.820000	1.003647	0.060624
0.825000	1.006028	0.060624
0.830000	1.006831	0.060624
0.835000	1.005769	0.060624
0.840000	1.006391	0.060624
0.845000	1.008099	0.060624
0.850000	1.007374	0.060624
0.855000	1.012345	0.060624
0.860000	1.009653	0.060624
0.865000	1.007012	0.060624
0.870000	1.009575	0.060624
0.875000	1.008953	0.060624
0.880000	1.007038	0.060624
0.885000	1.011387	0.060624
0.890000	1.011983	0.060624
0.895000	1.012707	0.060624
0.900000	1.013070	0.060624
0.905000	1.013950	0.060624
0.910000	1.017031	0.060624
0.915000	1.017445	0.060624
0.920000	1.020371	0.060624
0.925000	1.020293	0.060624
0.930000	1.020552	0.060624
0.935000	1.021226	0.060624
0.940000	1.020552	0.060624
0.945000	1.017316	0.060624
0.950000	1.015763	0.060624
0.955000	1.016513	0.060624
0.960000	1.017368	0.060624
0.965000	1.019957	0.060624
0.970000	1.022494	0.060624
0.975000	1.020915	0.060624
0.980000	1.021821	0.060624
0.985000	1.018895	0.060624
0.990000	1.017678	0.060624
0.995000	1.020189	0.060624
1.000000	1.023555	0.060624
1.005000	1.024073	0.060624
1.010000	1.023529	0.060624
1.015000	1.021588	0.060624
1.020000	1.026895	0.060624
1.025000	1.027387	0.060624
1.030000	1.025342	0.060624
1.035000	1.023037	0.060624
1.040000	1.021458	0.060624
1.045000	1.023659	0.060624
1.050000	1.025601	0.060624
1.055000	1.026015	0.060624
1.060000	1.028267	0.060624
1.065000	1.026507	0.060624
1.070000	1.022804	0.060624
1.075000	1.024591	0.060624
1.080000	1.025678	0.060624
1.085000	1.027957	0.060624
1.090000	1.025937	0.060624
1.095000	1.024565	0.060624
1.100000	1.029044	0.060624
1.105000	1.024902	0.060624
1.110000	1.026429	0.060624
1.115000	1.028086	0.060624
1.120000	1.025575	0.060624
1.125000	1.021692	0.060624
1.130000	1.022675	0.060624
1.135000	1.025083	0.060624
1.140000	1.030779	0.060624
1.145000	1.024773	0.060624
1.150000	1.020449	0.060624
1.155000	1.022909	0.060624
1.160000	1.021355	0.060624
1.165000	1.025938	0.060624
1.170000	1.029226	0.060624
1.175000	1.025290	0.060624
1.180000	1.024721	0.060624
1.185000	1.024928	0.060624
1.190000	1.027077	0.060624
1.195000	1.028371	0.060624
1.200000	1.026170	0.060624
1.205000	1.030960	0.060624
1.210000	1.028242	0.060624
1.215000	1.030468	0.060624
1.220000	1.031711	0.060624
1.225000	1.030520	0.060624
1.230000	1.033986	0.062764
1.235000	1.027232	0.060624
1.240000	1.033986	0.062764
1.245000	1.028941	0.060624
1.250000	1.028164	0.060624
1.255000	1.030649	0.060624
1.260000	1.030339	0.060624
1.265000	1.026093	0.060624
1.270000	1.031892	0.060624
1.275000	1.029666	0.060624
1.280000	1.025239	0.060624
1.285000	1.025523	0.060624
1.290000	1.030572	0.060624
1.295000	1.036734	0.060624
1.300000	1.033239	0.060624
1.305000	1.033730	0.060624
1.310000	1.031193	0.060624
1.315000	1.029407	0.060624
1.320000	1.034895	0.060624
1.325000	1.032876	0.060624
1.330000	1.030598	0.060624
1.335000	1.032488	0.060624
1.340000	1.026714	0.060624
1.345000	1.034766	0.060624
1.350000	1.039165	0.060625
1.355000	1.027753	0.060625
1.360000	1.040531	0.060627
1.365000	1.032673	0.060630
1.370000	1.027652	0.060626
1.375000	1.037193	0.060628
1.380000	1.034817	0.060627
1.385000	1.030110	0.060626
1.390000	1.033986	0.062764
1.395000	1.041100	0.060626
1.400000	1.031557	0.060625
1.405000	1.024179	0.060624
1.410000	1.024309	0.060624
1.415000	1.026560	0.060624
1.420000	1.029537	0.060624
1.425000	1.034611	0.060624
1.430000	1.031116	0.060624
1.435000	1.032333	0.060624
1.440000	1.030313	0.060624
1.445000	1.024230	0.060624
1.450000	1.034818	0.060624
1.455000	1.033986	0.062764
1.460000	1.038390	0.060624
1.465000	1.033886	0.060624
1.470000	1.036190	0.060624
1.475000	1.032177	0.060624
1.480000	1.027181	0.060624
1.485000	1.036267	0.060624
1.490000	1.037251	0.060624
1.495000	1.029847	0.060624
1.500000	1.035180	0.060624
1.505000	1.033963	0.060624
1.510000	1.025990	0.060624
1.515000	1.029640	0.060624
1.520000	1.037795	0.060624
1.525000	1.039012	0.060624
1.530000	1.039038	0.060624
1.535000	1.032747	0.060624
1.540000	1.025808	0.060624
1.545000	1.034145	0.060624
1.550000	1.034818	0.060624
1.555000	1.035439	0.060624
1.560000	1.042636	0.060624
1.565000	1.040073	0.060624
1.570000	1.035336	0.060624
1.575000	1.033057	0.060624
1.580000	1.028268	0.060624
1.585000	1.027828	0.060624
1.590000	1.040539	0.060624
1.595000	1.036552	0.060624
1.600000	1.032540	0.060624
1.605000	1.041885	0.060624
1.610000	1.042843	0.060624
1.615000	1.032229	0.060624
1.620000	1.027905	0.060624
1.625000	1.027077	0.060624
1.630000	1.035905	0.060624
1.635000	1.039659	0.060624
1.640000	1.033187	0.060624
1.645000	1.028294	0.060624
1.650000	1.040487	0.060624
1.655000	1.046959	0.060624
1.660000	1.031737	0.060624
1.665000	1.030132	0.060624
1.670000	1.032048	0.060624
1.675000	1.045406	0.060624
1.680000	1.045846	0.060624
1.685000	1.031478	0.060624
1.690000	1.041523	0.060624
1.695000	1.038235	0.060624
1.700000	1.028734	0.060624
1.705000	1.041937	0.060624
1.710000	1.045147	0.060624
1.715000	1.033679	0.060624
1.720000	1.035413	0.060624
1.725000	1.037562	0.060624
1.730000	1.030080	0.060624
1.735000	1.033886	0.060624
1.740000	1.049573	0.060624
1.745000	1.041316	0.060624
1.750000	1.027414	0.060624
1.755000	1.036992	0.060624
1.760000	1.035957	0.060624
1.765000	1.035128	0.060624
1.770000	1.038105	0.060624
1.775000	1.036500	0.060624
1.780000	1.039425	0.060624
1.785000	1.031763	0.060624
1.790000	1.025887	0.060624
1.795000	1.034300	0.060624
1.800000	1.050866	0.060624
1.805000	1.040563	0.060624
1.810000	1.033986	0.062764
1.815000	1.021283	0.060625
1.820000	1.033986	0.062764
1.825000	1.033986	0.062764
1.830000	1.041899	0.060627
1.835000	1.033986	0.062764
1.840000	1.054077	0.060627
1.845000	1.018568	0.060671
1.850000	1.033986	0.062764
1.855000	1.033986	0.062764
1.860000	1.028255	0.060638
1.865000	1.051599	0.060639
1.870000	1.033986	0.062764
1.875000	1.033986	0.062764
1.880000	1.033986	0.062764
1.885000	1.033986	0.062764
1.890000	1.033986	0.062764
1.895000	1.024970	0.060628
1.900000	1.033986	0.062764
1.905000	1.033986	0.062764
1.910000	1.020472	0.060636
1.915000	1.041931	0.060633
1.920000	1.051155	0.060627
1.925000	1.041563	0.060627
1.930000	1.035127	0.060627
1.935000	1.033986	0.062764
1.940000	1.020592	0.060626
1.945000	1.044102	0.060626
1.950000	1.053106	0.060626
1.955000	1.053392	0.060625
1.960000	1.036913	0.060625
1.965000	1.041673	0.060625
1.970000	1.042864	0.060625
1.975000	1.042840	0.060625
1.980000	1.037225	0.060624
1.985000	1.031970	0.060624
1.990000	1.039503	0.060624
1.995000	1.042816	0.060624
2.000000	1.042555	0.060625
2.005000	1.051840	0.060625
2.010000	1.039757	0.060626
2.015000	1.033986	0.062764
2.020000	1.024106	0.060625
2.025000	1.041130	0.060625
2.030000	1.032851	0.060625
2.035000	1.036681	0.060625
2.040000	1.043540	0.060624
2.045000	1.034999	0.060624
2.050000	1.028917	0.060625
2.055000	1.031945	0.060625
2.060000	1.035257	0.060625
2.065000	1.034947	0.060625
2.070000	1.039475	0.060625
2.075000	1.057098	0.060625
2.080000	1.044006	0.060624
2.085000	1.031815	0.060624
2.090000	1.039218	0.060624
2.095000	1.044730	0.060624
2.100000	1.049026	0.060624
2.105000	1.042660	0.060624
2.110000	1.036137	0.060624
2.115000	1.031971	0.060624
2.120000	1.044549	0.060624
2.125000	1.043979	0.060625
2.130000	1.033523	0.060625
2.135000	1.036655	0.060624
2.140000	1.027182	0.060624
2.145000	1.037224	0.060625
2.150000	1.032385	0.060624
2.155000	1.022680	0.060625
2.160000	1.023689	0.060625
2.165000	1.025656	0.060625
2.170000	1.041494	0.060625
2.175000	1.031557	0.060625
2.180000	1.032851	0.060625
2.185000	1.043668	0.060625
2.190000	1.051431	0.060625
2.195000	1.058934	0.060625
2.200000	1.030444	0.060625
2.205000	1.026485	0.060625
2.210000	1.039889	0.060625
2.215000	1.037560	0.060625
2.220000	1.050578	0.060625
2.225000	1.063409	0.060625
2.230000	1.067188	0.060625
2.235000	1.058548	0.060625
2.240000	1.035464	0.060625
2.245000	1.049825	0.060625
2.250000	1.068094	0.060625
2.255000	1.059426	0.060625
2.260000	1.040768	0.060625
2.265000	1.045141	0.060625
2.270000	1.066301	0.060625
2.275000	1.049747	0.060625
2.280000	1.048687	0.060625
2.285000	1.056628	0.060625
2.290000	1.053004	0.060625
2.295000	1.046408	0.060625
2.300000	1.049512	0.060625
2.305000	1.041364	0.060625
2.310000	1.031091	0.060625
2.315000	1.051325	0.060625
2.320000	1.063354	0.060625
2.325000	1.024624	0.060625
2.330000	1.038594	0.060626
2.335000	1.060794	0.060625
2.340000	1.071342	0.060626
2.345000	1.083413	0.060626
2.350000	1.083516	0.060626
2.355000	1.083497	0.060626
2.360000	1.063291	0.060626
2.365000	1.040947	0.060626
2.370000	1.048835	0.060626
2.375000	1.080906	0.060626
2.380000	1.035722	0.060626
2.385000	1.054750	0.060627
2.390000	1.082303	0.060626
2.395000	1.039137	0.060625
2.400000	1.054882	0.060626
2.405000	1.084939	0.060626
2.410000	1.093451	0.060627
2.415000	1.093788	0.060627
2.420000	1.069162	0.060626
2.425000	1.061788	0.060626
2.430000	1.070775	0.060627
2.435000	1.033986	0.062764
2.440000	1.033986	0.062764
2.445000	1.033986	0.062764
2.450000	1.033986	0.062764
