0.450000	nan	nan
0.455000	nan	nan
0.460000	nan	nan
0.465000	nan	nan
0.470000	nan	nan
0.475000	nan	nan
0.480000	nan	nan
0.485000	nan	nan
0.490000	nan	nan
0.495000	nan	nan
0.500000	nan	nan
0.505000	nan	nan
0.510000	nan	nan
0.515000	nan	nan
0.520000	nan	nan
0.525000	nan	nan
0.530000	nan	nan
0.535000	nan	nan
0.540000	nan	nan
0.545000	nan	nan
0.550000	nan	nan
0.555000	nan	nan
0.560000	nan	nan
0.565000	nan	nan
0.570000	nan	nan
0.575000	nan	nan
0.580000	nan	nan
0.585000	nan	nan
0.590000	nan	nan
0.595000	nan	nan
0.600000	nan	nan
0.605000	nan	nan
0.610000	nan	nan
0.615000	nan	nan
0.620000	nan	nan
0.625000	nan	nan
0.630000	nan	nan
0.635000	nan	nan
0.640000	nan	nan
0.645000	nan	nan
0.650000	nan	nan
0.655000	nan	nan
0.660000	nan	nan
0.665000	nan	nan
0.670000	nan	nan
0.675000	nan	nan
0.680000	nan	nan
0.685000	nan	nan
0.690000	nan	nan
0.695000	nan	nan
0.700000	nan	nan
0.705000	nan	nan
0.710000	nan	nan
0.715000	nan	nan
0.720000	nan	nan
0.725000	nan	nan
0.730000	nan	nan
0.735000	nan	nan
0.740000	nan	nan
0.745000	nan	nan
0.750000	nan	nan
0.755000	nan	nan
0.760000	nan	nan
0.765000	nan	nan
0.770000	nan	nan
0.775000	nan	nan
0.780000	1.185293	0.101553
0.785000	1.184495	0.101553
0.790000	1.183166	0.101553
0.795000	1.182579	0.101553
0.800000	1.181460	0.101553
0.805000	1.180318	0.101553
0.810000	1.180232	0.101553
0.815000	1.179669	0.101553
0.820000	1.178613	0.101553
0.825000	1.177291	0.101553
0.830000	1.176556	0.101553
0.835000	1.176125	0.101553
0.840000	1.176063	0.101553
0.845000	1.175703	0.101553
0.850000	1.174318	0.101553
0.855000	1.174138	0.101553
0.860000	1.173489	0.101553
0.865000	1.172488	0.101553
0.870000	1.172245	0.101553
0.875000	1.171737	0.101553
0.880000	1.171752	0.101553
0.885000	1.170915	0.101553
0.890000	1.170219	0.101553
0.895000	1.170266	0.101553
0.900000	1.170141	0.101553
0.905000	1.169640	0.101553
0.910000	1.169046	0.101553
0.915000	1.168631	0.101553
0.920000	1.168694	0.101553
0.925000	1.168435	0.101553
0.930000	1.168811	0.101553
0.935000	1.168514	0.101553
0.940000	1.167935	0.101553
0.945000	1.168037	0.101553
0.950000	1.168021	0.101553
0.955000	1.167645	0.101553
0.960000	1.167763	0.101553
0.965000	1.167739	0.101553
0.970000	1.167755	0.101553
0.975000	1.168302	0.101553
0.980000	1.168709	0.101553
0.985000	1.168576	0.101553
0.990000	1.168678	0.101553
0.995000	1.169390	0.101553
1.000000	1.169601	0.101553
1.005000	1.169710	0.101553
1.010000	1.169749	0.101553
1.015000	1.170078	0.101553
1.020000	1.169789	0.101553
1.025000	1.170008	0.101553
1.030000	1.170219	0.101553
1.035000	1.170876	0.101553
1.040000	1.170641	0.101553
1.045000	1.170962	0.101553
1.050000	1.171447	0.101553
1.055000	1.171815	0.101553
1.060000	1.172253	0.101553
1.065000	1.172440	0.101553
1.070000	1.172143	0.101553
1.075000	1.172417	0.101553
1.080000	1.172730	0.101553
1.085000	1.173278	0.101553
1.090000	1.173653	0.101553
1.095000	1.174310	0.101553
1.100000	1.174983	0.101553
1.105000	1.175139	0.101553
1.110000	1.175053	0.101553
1.115000	1.175241	0.101553
1.120000	1.175499	0.101553
1.125000	1.176149	0.101553
1.130000	1.176861	0.101553
1.135000	1.177479	0.101553
1.140000	1.177025	0.101553
1.145000	1.177917	0.101553
1.150000	1.177940	0.101553
1.155000	1.177979	0.101553
1.160000	1.178558	0.101553
1.165000	1.178926	0.101553
1.170000	1.179567	0.101553
1.175000	1.179630	0.101553
1.180000	1.180169	0.101553
1.185000	1.180662	0.101553
1.190000	1.180576	0.101553
1.195000	1.179919	0.101553
1.200000	1.180670	0.101553
1.205000	1.181155	0.101553
1.210000	1.181280	0.101553
1.215000	1.181695	0.101553
1.220000	1.181773	0.101553
1.225000	1.181875	0.101553
1.230000	1.182141	0.101553
1.235000	1.182109	0.101553
1.240000	1.183017	0.101553
1.245000	1.183314	0.101553
1.250000	1.183455	0.101553
1.255000	1.183956	0.101553
1.260000	1.183917	0.101553
1.265000	1.184010	0.101553
1.270000	1.184237	0.101553
1.275000	1.184754	0.101553
1.280000	1.184879	0.101553
1.285000	1.184699	0.101553
1.290000	1.185231	0.101553
1.295000	1.185465	0.101553
1.300000	1.185551	0.101553
1.305000	1.185581	0.101866
1.310000	1.185442	0.101553
1.315000	1.186130	0.101553
1.320000	1.186146	0.101553
1.325000	1.187061	0.101553
1.330000	1.187194	0.101553
1.335000	1.187491	0.101553
1.340000	1.189697	0.101553
1.345000	1.185581	0.101866
1.350000	1.185581	0.101866
1.355000	1.186474	0.101554
1.360000	1.185581	0.101866
1.365000	1.191898	0.101554
1.370000	1.187857	0.101554
1.375000	1.185581	0.101866
1.380000	1.190023	0.101554
1.385000	1.185581	0.101866
1.390000	1.185581	0.101866
1.395000	1.189547	0.101554
1.400000	1.190697	0.101554
1.405000	1.190041	0.101553
1.410000	1.189439	0.101553
1.415000	1.189861	0.101553
1.420000	1.190667	0.101553
1.425000	1.191488	0.101553
1.430000	1.191629	0.101553
1.435000	1.191442	0.101553
1.440000	1.190761	0.101553
1.445000	1.191496	0.101553
1.450000	1.191888	0.101553
1.455000	1.191974	0.101553
1.460000	1.194203	0.101553
1.465000	1.192013	0.101553
1.470000	1.192991	0.101553
1.475000	1.192686	0.101553
1.480000	1.192819	0.101553
1.485000	1.192873	0.101553
1.490000	1.192803	0.101553
1.495000	1.193225	0.101553
1.500000	1.194336	0.101553
1.505000	1.193233	0.101553
1.510000	1.194407	0.101553
1.515000	1.194727	0.101553
1.520000	1.194853	0.101553
1.525000	1.194868	0.101553
1.530000	1.194915	0.101553
1.535000	1.194892	0.101553
1.540000	1.195017	0.101553
1.545000	1.193398	0.101553
1.550000	1.194352	0.101553
1.555000	1.194102	0.101553
1.560000	1.194125	0.101553
1.565000	1.193969	0.101553
1.570000	1.194086	0.101553
1.575000	1.194524	0.101553
1.580000	1.192631	0.101553
1.585000	1.193006	0.101553
1.590000	1.193014	0.101553
1.595000	1.193836	0.101553
1.600000	1.193147	0.101553
1.605000	1.192600	0.101553
1.610000	1.192959	0.101553
1.615000	1.193311	0.101553
1.620000	1.193875	0.101553
1.625000	1.193116	0.101553
1.630000	1.192365	0.101553
1.635000	1.192944	0.101553
1.640000	1.192420	0.101553
1.645000	1.193218	0.101553
1.650000	1.192279	0.101553
1.655000	1.192482	0.101553
1.660000	1.192631	0.101553
1.665000	1.192052	0.101553
1.670000	1.192381	0.101553
1.675000	1.192451	0.101553
1.680000	1.191677	0.101553
1.685000	1.190855	0.101553
1.690000	1.190793	0.101553
1.695000	1.190988	0.101553
1.700000	1.190073	0.101553
1.705000	1.189205	0.101553
1.710000	1.190198	0.101553
1.715000	1.190073	0.101553
1.720000	1.191293	0.101553
1.725000	1.190401	0.101553
1.730000	1.190605	0.101553
1.735000	1.191520	0.101553
1.740000	1.189478	0.101553
1.745000	1.188727	0.101553
1.750000	1.189604	0.101553
1.755000	1.189510	0.101553
1.760000	1.189267	0.101553
1.765000	1.190081	0.101553
1.770000	1.188720	0.101553
1.775000	1.188321	0.101553
1.780000	1.189291	0.101553
1.785000	1.189134	0.101553
1.790000	1.189314	0.101553
1.795000	1.187757	0.101553
1.800000	1.188328	0.101553
1.805000	1.191160	0.101553
1.810000	1.189626	0.101553
1.815000	1.189860	0.101554
1.820000	1.186474	0.101554
1.825000	1.188702	0.101554
1.830000	1.185581	0.101866
1.835000	1.190399	0.101554
1.840000	1.185581	0.101866
1.845000	1.185913	0.101559
1.850000	1.190368	0.101554
1.855000	1.189229	0.101555
1.860000	1.188374	0.101555
1.865000	1.185581	0.101866
1.870000	1.185581	0.101866
1.875000	1.188297	0.101554
1.880000	1.185581	0.101866
1.885000	1.186434	0.101554
1.890000	1.188441	0.101554
1.895000	1.186489	0.101554
1.900000	1.188468	0.101554
1.905000	1.189738	0.101555
1.910000	1.187347	0.101554
1.915000	1.186028	0.101554
1.920000	1.186560	0.101554
1.925000	1.185325	0.101554
1.930000	1.186810	0.101554
1.935000	1.188406	0.101554
1.940000	1.187671	0.101554
1.945000	1.188124	0.101554
1.950000	1.186537	0.101554
1.955000	1.187186	0.101553
1.960000	1.187374	0.101553
1.965000	1.184754	0.101553
1.970000	1.185581	0.101866
1.975000	1.184652	0.101553
1.980000	1.185864	0.101553
1.985000	1.186967	0.101553
1.990000	1.187124	0.101553
1.995000	1.185270	0.101553
2.000000	1.186834	0.101554
2.005000	1.189126	0.101553
2.010000	1.187202	0.101554
2.015000	1.187069	0.101553
2.020000	1.184785	0.101553
2.025000	1.184707	0.101553
2.030000	1.186412	0.101553
2.035000	1.185465	0.101553
2.040000	1.186263	0.101553
2.045000	1.187562	0.101553
2.050000	1.187929	0.101553
2.055000	1.188258	0.101553
2.060000	1.186991	0.101553
2.065000	1.187006	0.101553
2.070000	1.186858	0.101553
2.075000	1.188297	0.101553
2.080000	1.186999	0.101553
2.085000	1.187546	0.101553
2.090000	1.187585	0.101553
2.095000	1.187906	0.101553
2.100000	1.187178	0.101553
2.105000	1.186154	0.101553
2.110000	1.188047	0.101553
2.115000	1.188109	0.101553
2.120000	1.186936	0.101553
2.125000	1.187452	0.101553
2.130000	1.188336	0.101553
2.135000	1.188422	0.101553
2.140000	1.186858	0.101553
2.145000	1.187452	0.101553
2.150000	1.188305	0.101553
2.155000	1.189415	0.101553
2.160000	1.190675	0.101553
2.165000	1.190190	0.101553
2.170000	1.190143	0.101553
2.175000	1.189564	0.101553
2.180000	1.190675	0.101553
2.185000	1.190589	0.101553
2.190000	1.189126	0.101553
2.195000	1.189548	0.101553
2.200000	1.190213	0.101553
2.205000	1.191621	0.101553
2.210000	1.191379	0.101553
2.215000	1.192606	0.101553
2.220000	1.191809	0.101553
2.225000	1.191089	0.101553
2.230000	1.192012	0.101553
2.235000	1.191527	0.101553
2.240000	1.190784	0.101553
2.245000	1.192270	0.101553
2.250000	1.193451	0.101553
2.255000	1.192645	0.101553
2.260000	1.191042	0.101553
2.265000	1.191159	0.101553
2.270000	1.185581	0.101866
2.275000	1.191410	0.101553
2.280000	1.191519	0.101553
2.285000	1.191261	0.101553
2.290000	1.193083	0.101553
2.295000	1.192395	0.101553
2.300000	1.191011	0.101553
2.305000	1.192325	0.101553
2.310000	1.191042	0.101553
2.315000	1.193310	0.101553
2.320000	1.192231	0.101553
2.325000	1.193177	0.101553
2.330000	1.192246	0.101553
2.335000	1.192919	0.101553
2.340000	1.192770	0.101553
2.345000	1.192105	0.101553
2.350000	1.191409	0.101554
2.355000	1.193904	0.101554
2.360000	1.192441	0.101554
2.365000	1.192746	0.101554
2.370000	1.194732	0.101554
2.375000	1.194459	0.101554
2.380000	1.191933	0.101554
2.385000	1.193825	0.101554
2.390000	1.193387	0.101554
2.395000	1.192449	0.101554
2.400000	1.191972	0.101554
2.405000	1.193700	0.101554
2.410000	1.192487	0.101554
2.415000	1.192871	0.101554
2.420000	1.194348	0.101554
2.425000	1.192753	0.101554
2.430000	1.192159	0.101554
2.435000	1.192697	0.101554
2.440000	1.193737	0.101554
2.445000	1.185581	0.101866
2.450000	1.185581	0.101866
