0.450000	nan	nan
0.455000	nan	nan
0.460000	nan	nan
0.465000	nan	nan
0.470000	nan	nan
0.475000	nan	nan
0.480000	nan	nan
0.485000	nan	nan
0.490000	nan	nan
0.495000	nan	nan
0.500000	nan	nan
0.505000	nan	nan
0.510000	nan	nan
0.515000	nan	nan
0.520000	nan	nan
0.525000	nan	nan
0.530000	nan	nan
0.535000	nan	nan
0.540000	nan	nan
0.545000	nan	nan
0.550000	nan	nan
0.555000	nan	nan
0.560000	nan	nan
0.565000	nan	nan
0.570000	nan	nan
0.575000	nan	nan
0.580000	nan	nan
0.585000	nan	nan
0.590000	nan	nan
0.595000	nan	nan
0.600000	nan	nan
0.605000	nan	nan
0.610000	nan	nan
0.615000	nan	nan
0.620000	nan	nan
0.625000	nan	nan
0.630000	nan	nan
0.635000	nan	nan
0.640000	nan	nan
0.645000	nan	nan
0.650000	nan	nan
0.655000	nan	nan
0.660000	nan	nan
0.665000	nan	nan
0.670000	nan	nan
0.675000	nan	nan
0.680000	nan	nan
0.685000	nan	nan
0.690000	nan	nan
0.695000	nan	nan
0.700000	nan	nan
0.705000	nan	nan
0.710000	nan	nan
0.715000	nan	nan
0.720000	nan	nan
0.725000	nan	nan
0.730000	nan	nan
0.735000	nan	nan
0.740000	nan	nan
0.745000	nan	nan
0.750000	nan	nan
0.755000	nan	nan
0.760000	nan	nan
0.765000	nan	nan
0.770000	nan	nan
0.775000	nan	nan
0.780000	0.994102	0.102655
0.785000	0.957971	0.102688
0.790000	0.954783	0.102653
0.795000	0.950194	0.102642
0.800000	0.952043	0.102666
0.805000	0.950788	0.102658
0.810000	0.954783	0.102652
0.815000	0.963294	0.102676
0.820000	1.031520	0.185724
0.825000	0.938964	0.102662
0.830000	0.943950	0.102647
0.835000	0.963864	0.102654
0.840000	0.958281	0.102651
0.845000	0.896498	0.102675
0.850000	0.889793	0.102640
0.855000	0.920948	0.102637
0.860000	0.912545	0.102648
0.865000	0.880858	0.102624
0.870000	0.880202	0.102632
0.875000	0.869199	0.102628
0.880000	0.907205	0.102640
0.885000	0.920196	0.102635
0.890000	0.897294	0.102643
0.895000	0.891538	0.102636
0.900000	0.917872	0.102644
0.905000	0.914863	0.102634
0.910000	0.866600	0.102617
0.915000	0.856277	0.102624
0.920000	0.885596	0.102615
0.925000	0.886103	0.102621
0.930000	0.847052	0.102638
0.935000	0.864874	0.102634
0.940000	0.910443	0.102629
0.945000	0.904609	0.102628
0.950000	0.892947	0.102631
0.955000	0.911880	0.102650
0.960000	0.910696	0.102633
0.965000	0.905519	0.102622
0.970000	0.920679	0.102617
0.975000	0.937274	0.102634
0.980000	0.931758	0.102613
0.985000	0.901086	0.102607
0.990000	0.900829	0.102601
0.995000	0.939096	0.102619
1.000000	0.945837	0.102608
1.005000	0.957255	0.102610
1.010000	0.959422	0.102611
1.015000	0.972668	0.102603
1.020000	0.999836	0.102606
1.025000	1.010169	0.102603
1.030000	0.980421	0.102610
1.035000	0.978669	0.102604
1.040000	1.011171	0.102612
1.045000	0.993751	0.102600
1.050000	0.993251	0.102599
1.055000	0.992000	0.102598
1.060000	1.022089	0.102637
1.065000	1.041753	0.102614
1.070000	1.023754	0.102612
1.075000	1.023587	0.102616
1.080000	1.048002	0.102616
1.085000	1.044170	0.102607
1.090000	1.021838	0.102621
1.095000	1.032920	0.102614
1.100000	1.015254	0.102612
1.105000	1.029837	0.102632
1.110000	1.075495	0.102630
1.115000	1.045417	0.102636
1.120000	1.038751	0.102648
1.125000	1.052996	0.102649
1.130000	1.054991	0.102669
1.135000	1.063321	0.102664
1.140000	1.056493	0.102657
1.145000	1.029004	0.102629
1.150000	1.058245	0.102644
1.155000	1.070914	0.102626
1.160000	1.067661	0.102636
1.165000	1.112815	0.102638
1.170000	1.116410	0.102621
1.175000	1.072831	0.102624
1.180000	1.052501	0.102622
1.185000	1.072583	0.102618
1.190000	1.098656	0.102631
1.195000	1.114657	0.102626
1.200000	1.099574	0.102629
1.205000	1.113237	0.102631
1.210000	1.120738	0.102628
1.215000	1.114235	0.102634
1.220000	1.140238	0.102624
1.225000	1.145234	0.102628
1.230000	1.091744	0.102626
1.235000	1.062585	0.102614
1.240000	1.096328	0.102624
1.245000	1.130823	0.102624
1.250000	1.124401	0.102632
1.255000	1.089409	0.102630
1.260000	1.138224	0.102639
1.265000	1.126564	0.102636
1.270000	1.087242	0.102631
1.275000	1.121647	0.102637
1.280000	1.154394	0.102632
1.285000	1.180472	0.102632
1.290000	1.183638	0.102632
1.295000	1.155555	0.102637
1.300000	1.131649	0.102632
1.305000	1.162479	0.102629
1.310000	1.124813	0.102637
1.315000	1.117569	0.102631
1.320000	1.150805	0.102639
1.325000	1.160956	0.102650
1.330000	1.162048	0.102643
1.335000	1.162357	0.102664
1.340000	1.159443	0.102662
1.345000	1.113937	0.102701
1.350000	1.122609	0.102792
1.355000	1.105433	0.102980
1.360000	1.031520	0.185724
1.365000	1.156437	0.103893
1.370000	1.031520	0.185724
1.375000	1.219655	0.103938
1.380000	1.143993	0.103389
1.385000	1.180696	0.103426
1.390000	1.031520	0.185724
1.395000	1.205006	0.103163
1.400000	1.031520	0.185724
1.405000	1.031520	0.185724
1.410000	1.031520	0.185724
1.415000	1.130057	0.102839
1.420000	1.159306	0.102787
1.425000	1.143129	0.102737
1.430000	1.123976	0.102748
1.435000	1.031520	0.185724
1.440000	1.109660	0.102747
1.445000	1.134245	0.102712
1.450000	1.167467	0.102710
1.455000	1.214812	0.102676
1.460000	1.031520	0.185724
1.465000	1.114686	0.102702
1.470000	1.238679	0.102696
1.475000	1.252909	0.102701
1.480000	1.206818	0.102676
1.485000	1.194366	0.102706
1.490000	1.201764	0.102657
1.495000	1.203835	0.102665
1.500000	1.150691	0.102669
1.505000	1.126143	0.102641
1.510000	1.156885	0.102641
1.515000	1.180719	0.102634
1.520000	1.163311	0.102630
1.525000	1.197606	0.102653
1.530000	1.184391	0.102630
1.535000	1.171025	0.102659
1.540000	1.240347	0.102648
1.545000	1.166309	0.102631
1.550000	1.134389	0.102643
1.555000	1.186718	0.102634
1.560000	1.189974	0.102629
1.565000	1.164718	0.102639
1.570000	1.109064	0.102642
1.575000	1.156625	0.102649
1.580000	1.203858	0.102650
1.585000	1.116900	0.102634
1.590000	1.281799	0.102703
1.595000	1.297763	0.102640
1.600000	1.180517	0.102662
1.605000	1.185698	0.102649
1.610000	1.158542	0.102648
1.615000	1.154971	0.102638
1.620000	1.169875	0.102646
1.625000	1.216921	0.102659
1.630000	1.270485	0.102657
1.635000	1.221188	0.102648
1.640000	1.178094	0.102668
1.645000	1.177358	0.102657
1.650000	1.086403	0.102643
1.655000	1.082318	0.102651
1.660000	1.081317	0.102654
1.665000	1.122718	0.102653
1.670000	1.221184	0.102650
1.675000	1.207170	0.102663
1.680000	1.132439	0.102682
1.685000	1.146133	0.102645
1.690000	1.065489	0.102657
1.695000	1.068820	0.102659
1.700000	1.126721	0.102647
1.705000	1.066241	0.102649
1.710000	1.124697	0.102679
1.715000	1.125720	0.102648
1.720000	1.117962	0.102664
1.725000	1.060744	0.102643
1.730000	1.033586	0.102661
1.735000	1.041999	0.102656
1.740000	1.074982	0.102665
1.745000	1.104292	0.102679
1.750000	1.065156	0.102657
1.755000	1.102470	0.102663
1.760000	1.143520	0.102677
1.765000	1.134445	0.102673
1.770000	1.167579	0.102686
1.775000	1.099543	0.102683
1.780000	1.044329	0.102674
1.785000	1.095294	0.102686
1.790000	1.064467	0.102737
1.795000	1.098097	0.102736
1.800000	1.123145	0.102746
1.805000	1.106435	0.102844
1.810000	1.128146	0.102937
1.815000	1.147009	0.103021
1.820000	1.104726	0.103047
1.825000	1.045999	0.103307
1.830000	1.101761	0.103955
1.835000	1.311901	0.105581
1.840000	1.252031	0.105110
1.845000	1.015730	0.105974
1.850000	0.866932	0.105019
1.855000	0.886271	0.104958
1.860000	1.021855	0.104779
1.865000	0.950389	0.104550
1.870000	0.960252	0.106244
1.875000	0.993753	0.105338
1.880000	1.017806	0.104431
1.885000	1.106980	0.103910
1.890000	1.002200	0.103705
1.895000	1.024672	0.104031
1.900000	1.042337	0.104363
1.905000	0.911219	0.104391
1.910000	1.101896	0.105054
1.915000	1.016830	0.103859
1.920000	0.974379	0.103700
1.925000	1.022561	0.103350
1.930000	1.019069	0.103214
1.935000	1.030508	0.103134
1.940000	0.994997	0.103117
1.945000	1.007830	0.102984
1.950000	1.114769	0.103051
1.955000	1.092398	0.102969
1.960000	0.946464	0.102896
1.965000	0.918398	0.102843
1.970000	0.871212	0.102820
1.975000	0.925557	0.102758
1.980000	0.907094	0.102770
1.985000	0.926023	0.102722
1.990000	1.001034	0.102725
1.995000	0.973504	0.102777
2.000000	0.946336	0.102835
2.005000	1.017299	0.102978
2.010000	1.058672	0.102955
2.015000	0.944408	0.102925
2.020000	1.113280	0.103044
2.025000	1.180890	0.102891
2.030000	1.064533	0.102796
2.035000	0.955292	0.102794
2.040000	0.961494	0.102731
2.045000	1.009451	0.102769
2.050000	0.990316	0.102785
2.055000	0.954694	0.102770
2.060000	0.953467	0.102801
2.065000	0.952979	0.102819
2.070000	0.968448	0.102813
2.075000	0.953375	0.102790
2.080000	1.006871	0.102770
2.085000	1.026259	0.102723
2.090000	0.966158	0.102735
2.095000	1.043319	0.102780
2.100000	1.021182	0.102745
2.105000	1.006051	0.102825
2.110000	1.129997	0.102812
2.115000	1.125787	0.102772
2.120000	1.072179	0.102821
2.125000	1.078346	0.102791
2.130000	1.068288	0.102763
2.135000	1.045066	0.102790
2.140000	1.311405	0.102891
2.145000	1.316819	0.102819
2.150000	1.000382	0.102776
2.155000	1.122064	0.102851
2.160000	1.216123	0.102795
2.165000	1.217650	0.102829
2.170000	1.216879	0.102791
2.175000	1.244146	0.102803
2.180000	1.189518	0.102781
2.185000	1.257217	0.102841
2.190000	1.207563	0.102789
2.195000	1.234053	0.102866
2.200000	1.031520	0.185724
2.205000	1.303647	0.102760
2.210000	1.031520	0.185724
2.215000	1.031520	0.185724
2.220000	1.031520	0.185724
2.225000	1.031520	0.185724
2.230000	1.204372	0.102696
2.235000	0.895673	0.102753
2.240000	0.794342	0.102692
2.245000	0.882972	0.102779
2.250000	1.163664	0.102760
2.255000	0.951250	0.102724
2.260000	0.825494	0.102744
2.265000	0.965246	0.102742
2.270000	0.630368	0.102665
2.275000	0.789997	0.102765
2.280000	0.671457	0.102646
2.285000	0.913658	0.102843
2.290000	0.996116	0.102705
2.295000	0.529271	0.102670
2.300000	0.611222	0.102691
2.305000	0.447930	0.102693
2.310000	1.031520	0.185724
2.315000	0.722384	0.102782
2.320000	0.689683	0.102669
2.325000	1.031520	0.185724
2.330000	0.451369	0.102681
2.335000	1.031520	0.185724
2.340000	1.031520	0.185724
2.345000	0.601781	0.102728
2.350000	0.573915	0.102691
2.355000	1.031520	0.185724
2.360000	1.031520	0.185724
2.365000	0.576285	0.102765
2.370000	1.031520	0.185724
2.375000	0.805810	0.102723
2.380000	0.666020	0.102666
2.385000	0.597182	0.102723
2.390000	0.619185	0.102683
2.395000	0.466211	0.102702
2.400000	0.852522	0.102782
2.405000	1.031520	0.185724
2.410000	1.031520	0.185724
2.415000	0.884923	0.102940
2.420000	1.031520	0.185724
2.425000	0.491984	0.102639
2.430000	1.031520	0.185724
2.435000	0.769543	0.102625
2.440000	0.789978	0.102916
2.445000	0.883500	0.102670
2.450000	0.663549	0.102807
