0.450000	nan	nan
0.455000	nan	nan
0.460000	nan	nan
0.465000	nan	nan
0.470000	nan	nan
0.475000	nan	nan
0.480000	nan	nan
0.485000	nan	nan
0.490000	nan	nan
0.495000	nan	nan
0.500000	nan	nan
0.505000	nan	nan
0.510000	nan	nan
0.515000	nan	nan
0.520000	nan	nan
0.525000	nan	nan
0.530000	nan	nan
0.535000	nan	nan
0.540000	nan	nan
0.545000	nan	nan
0.550000	nan	nan
0.555000	nan	nan
0.560000	nan	nan
0.565000	nan	nan
0.570000	nan	nan
0.575000	nan	nan
0.580000	nan	nan
0.585000	nan	nan
0.590000	nan	nan
0.595000	nan	nan
0.600000	nan	nan
0.605000	nan	nan
0.610000	nan	nan
0.615000	nan	nan
0.620000	nan	nan
0.625000	nan	nan
0.630000	nan	nan
0.635000	nan	nan
0.640000	nan	nan
0.645000	nan	nan
0.650000	nan	nan
0.655000	nan	nan
0.660000	nan	nan
0.665000	nan	nan
0.670000	nan	nan
0.675000	nan	nan
0.680000	nan	nan
0.685000	nan	nan
0.690000	nan	nan
0.695000	nan	nan
0.700000	nan	nan
0.705000	nan	nan
0.710000	nan	nan
0.715000	nan	nan
0.720000	nan	nan
0.725000	nan	nan
0.730000	nan	nan
0.735000	nan	nan
0.740000	nan	nan
0.745000	nan	nan
0.750000	nan	nan
0.755000	nan	nan
0.760000	nan	nan
0.765000	nan	nan
0.770000	nan	nan
0.775000	nan	nan
0.780000	nan	nan
0.785000	1.084105	0.076703
0.790000	1.079294	0.076703
0.795000	1.074469	0.076703
0.800000	1.076112	0.076703
0.805000	1.073652	0.076703
0.810000	1.069654	0.076703
0.815000	1.068549	0.076703
0.820000	1.082865	0.077375
0.825000	1.071165	0.076703
0.830000	1.076150	0.076703
0.835000	1.071955	0.076703
0.840000	1.066615	0.076703
0.845000	1.066181	0.076703
0.850000	1.064958	0.076703
0.855000	1.065826	0.076703
0.860000	1.063209	0.076703
0.865000	1.062302	0.076703
0.870000	1.064354	0.076703
0.875000	1.062827	0.076703
0.880000	1.061854	0.076703
0.885000	1.059329	0.076703
0.890000	1.061919	0.076703
0.895000	1.057855	0.076703
0.900000	1.056040	0.076703
0.905000	1.055238	0.076703
0.910000	1.055040	0.076703
0.915000	1.055645	0.076703
0.920000	1.058158	0.076703
0.925000	1.059499	0.076703
0.930000	1.056566	0.076703
0.935000	1.058658	0.076703
0.940000	1.059868	0.076703
0.945000	1.059236	0.076703
0.950000	1.060945	0.076703
0.955000	1.063063	0.076703
0.960000	1.062721	0.076703
0.965000	1.064181	0.076703
0.970000	1.063115	0.076703
0.975000	1.063128	0.076703
0.980000	1.064549	0.076703
0.985000	1.063602	0.076703
0.990000	1.062984	0.076703
0.995000	1.062865	0.076703
1.000000	1.063181	0.076703
1.005000	1.066232	0.076703
1.010000	1.066732	0.076703
1.015000	1.068626	0.076703
1.020000	1.066627	0.076703
1.025000	1.069888	0.076703
1.030000	1.071164	0.076703
1.035000	1.070073	0.076703
1.040000	1.070231	0.076703
1.045000	1.073282	0.076703
1.050000	1.073887	0.076703
1.055000	1.073229	0.076703
1.060000	1.071888	0.076703
1.065000	1.072493	0.076703
1.070000	1.075005	0.076703
1.075000	1.074466	0.076703
1.080000	1.072348	0.076703
1.085000	1.072914	0.076703
1.090000	1.074742	0.076703
1.095000	1.075623	0.076703
1.100000	1.075768	0.076703
1.105000	1.075307	0.076703
1.110000	1.076452	0.076703
1.115000	1.077228	0.076703
1.120000	1.078793	0.076703
1.125000	1.080673	0.076703
1.130000	1.079003	0.076703
1.135000	1.080673	0.076703
1.140000	1.081818	0.076703
1.145000	1.081147	0.076703
1.150000	1.079450	0.076703
1.155000	1.078372	0.076703
1.160000	1.080765	0.076703
1.165000	1.083027	0.076703
1.170000	1.083540	0.076703
1.175000	1.081844	0.076703
1.180000	1.084724	0.076703
1.185000	1.085184	0.076703
1.190000	1.083159	0.076703
1.195000	1.084685	0.076703
1.200000	1.085027	0.076703
1.205000	1.086881	0.076703
1.210000	1.091405	0.076703
1.215000	1.086486	0.076703
1.220000	1.084185	0.076703
1.225000	1.087368	0.076703
1.230000	1.088328	0.076703
1.235000	1.086934	0.076703
1.240000	1.087815	0.076703
1.245000	1.089485	0.076703
1.250000	1.086789	0.076703
1.255000	1.087907	0.076703
1.260000	1.089077	0.076703
1.265000	1.086618	0.076703
1.270000	1.089590	0.076703
1.275000	1.089445	0.076703
1.280000	1.087354	0.076703
1.285000	1.090984	0.076703
1.290000	1.092339	0.076703
1.295000	1.092168	0.076703
1.300000	1.088709	0.076703
1.305000	1.086013	0.076703
1.310000	1.085921	0.076703
1.315000	1.088472	0.076703
1.320000	1.086960	0.076703
1.325000	1.091037	0.076703
1.330000	1.089235	0.076703
1.335000	1.091431	0.076703
1.340000	1.091549	0.076703
1.345000	1.088590	0.076703
1.350000	1.088248	0.076703
1.355000	1.093440	0.076703
1.360000	1.088048	0.076703
1.365000	1.088980	0.076703
1.370000	1.091216	0.076703
1.375000	1.093187	0.076703
1.380000	1.088758	0.076703
1.385000	1.089364	0.076703
1.390000	1.093517	0.076703
1.395000	1.095581	0.076703
1.400000	1.095438	0.076703
1.405000	1.098463	0.076703
1.410000	1.097412	0.076703
1.415000	1.095677	0.076703
1.420000	1.092772	0.076703
1.425000	1.095349	0.076703
1.430000	1.094560	0.076703
1.435000	1.096309	0.076703
1.440000	1.097309	0.076703
1.445000	1.096204	0.076703
1.450000	1.094403	0.076703
1.455000	1.092680	0.076703
1.460000	1.092509	0.076703
1.465000	1.092365	0.076703
1.470000	1.093627	0.076703
1.475000	1.098809	0.076703
1.480000	1.097953	0.076703
1.485000	1.096849	0.076703
1.490000	1.092667	0.076703
1.495000	1.092154	0.076703
1.500000	1.092983	0.076703
1.505000	1.097099	0.076703
1.510000	1.096231	0.076703
1.515000	1.094430	0.076703
1.520000	1.096718	0.076703
1.525000	1.095139	0.076703
1.530000	1.093141	0.076703
1.535000	1.092141	0.076703
1.540000	1.093917	0.076703
1.545000	1.092931	0.076703
1.550000	1.092155	0.076703
1.555000	1.097520	0.076703
1.560000	1.096771	0.076703
1.565000	1.093022	0.076703
1.570000	1.093167	0.076703
1.575000	1.097126	0.076703
1.580000	1.093719	0.076703
1.585000	1.091602	0.076703
1.590000	1.091312	0.076703
1.595000	1.090326	0.076703
1.600000	1.095652	0.076703
1.605000	1.096415	0.076703
1.610000	1.095744	0.076703
1.615000	1.091221	0.076703
1.620000	1.089472	0.076703
1.625000	1.088696	0.076703
1.630000	1.087801	0.076703
1.635000	1.094535	0.076703
1.640000	1.092522	0.076703
1.645000	1.090366	0.076703
1.650000	1.086828	0.076703
1.655000	1.088446	0.076703
1.660000	1.088288	0.076703
1.665000	1.087275	0.076703
1.670000	1.083080	0.076703
1.675000	1.081975	0.076703
1.680000	1.091891	0.076703
1.685000	1.088432	0.076703
1.690000	1.081910	0.076703
1.695000	1.082344	0.076703
1.700000	1.084356	0.076703
1.705000	1.088077	0.076703
1.710000	1.087104	0.076703
1.715000	1.086473	0.076703
1.720000	1.087157	0.076703
1.725000	1.084698	0.076703
1.730000	1.090418	0.076703
1.735000	1.090155	0.076703
1.740000	1.087485	0.076703
1.745000	1.082475	0.076703
1.750000	1.085434	0.076703
1.755000	1.088301	0.076703
1.760000	1.086789	0.076703
1.765000	1.088196	0.076703
1.770000	1.084500	0.076703
1.775000	1.083830	0.076703
1.780000	1.088130	0.076703
1.785000	1.092811	0.076703
1.790000	1.090825	0.076703
1.795000	1.078938	0.076703
1.800000	1.074086	0.076703
1.805000	1.077229	0.076703
1.810000	1.081239	0.076703
1.815000	1.079951	0.076703
1.820000	1.080950	0.076703
1.825000	1.076758	0.076703
1.830000	1.075708	0.076703
1.835000	1.082607	0.076704
1.840000	1.088225	0.076704
1.845000	1.079719	0.076704
1.850000	1.076055	0.076704
1.855000	1.075056	0.076704
1.860000	1.074658	0.076703
1.865000	1.072524	0.076704
1.870000	1.082463	0.076705
1.875000	1.078712	0.076704
1.880000	1.086994	0.076703
1.885000	1.081924	0.076703
1.890000	1.080294	0.076703
1.895000	1.087690	0.076703
1.900000	1.087309	0.076703
1.905000	1.090931	0.076704
1.910000	1.088925	0.076703
1.915000	1.090592	0.076703
1.920000	1.087863	0.076703
1.925000	1.083566	0.076703
1.930000	1.079531	0.076703
1.935000	1.086695	0.076703
1.940000	1.080701	0.076703
1.945000	1.083501	0.076703
1.950000	1.082068	0.076703
1.955000	1.079268	0.076703
1.960000	1.082949	0.076703
1.965000	1.078834	0.076703
1.970000	1.073062	0.076703
1.975000	1.073404	0.076703
1.980000	1.075191	0.076703
1.985000	1.074692	0.076703
1.990000	1.077860	0.076703
1.995000	1.079097	0.076703
2.000000	1.080070	0.076703
2.005000	1.073950	0.076703
2.010000	1.074408	0.076703
2.015000	1.079768	0.076703
2.020000	1.081161	0.076703
2.025000	1.082830	0.076703
2.030000	1.082580	0.076703
2.035000	1.078084	0.076703
2.040000	1.089535	0.076703
2.045000	1.088497	0.076703
2.050000	1.084960	0.076703
2.055000	1.085052	0.076703
2.060000	1.091111	0.076703
2.065000	1.084013	0.076703
2.070000	1.079399	0.076703
2.075000	1.083829	0.076703
2.080000	1.083409	0.076703
2.085000	1.080266	0.076703
2.090000	1.087234	0.076703
2.095000	1.083317	0.076703
2.100000	1.086051	0.076703
2.105000	1.084434	0.076703
2.110000	1.079149	0.076703
2.115000	1.075179	0.076703
2.120000	1.078189	0.076703
2.125000	1.082620	0.076703
2.130000	1.088562	0.076703
2.135000	1.083580	0.076703
2.140000	1.082935	0.076703
2.145000	1.081266	0.076703
2.150000	1.084119	0.076703
2.155000	1.086235	0.076703
2.160000	1.086564	0.076703
2.165000	1.085039	0.076703
2.170000	1.083211	0.076703
2.175000	1.081226	0.076703
2.180000	1.084276	0.076703
2.185000	1.087707	0.076703
2.190000	1.083133	0.076703
2.195000	1.083514	0.076703
2.200000	1.094475	0.076703
2.205000	1.094699	0.076703
2.210000	1.089442	0.076703
2.215000	1.081319	0.076703
2.220000	1.081029	0.076703
2.225000	1.094790	0.076703
2.230000	1.093647	0.076703
2.235000	1.087128	0.076703
2.240000	1.092660	0.076703
2.245000	1.097089	0.076703
2.250000	1.088455	0.076703
2.255000	1.099454	0.076703
2.260000	1.095524	0.076703
2.265000	1.089730	0.076703
2.270000	1.095667	0.076703
2.275000	1.097627	0.076703
2.280000	1.090478	0.076703
2.285000	1.098257	0.076703
2.290000	1.082865	0.077375
2.295000	1.092987	0.076703
2.300000	1.084302	0.076703
2.305000	1.089269	0.076703
2.310000	1.099291	0.076703
2.315000	1.088467	0.076703
2.320000	1.080675	0.076703
2.325000	1.076497	0.076703
2.330000	1.074683	0.076703
2.335000	1.087284	0.076703
2.340000	1.096308	0.076703
2.345000	1.087363	0.076703
2.350000	1.091421	0.076703
2.355000	1.089071	0.076703
2.360000	1.075460	0.076703
2.365000	1.073858	0.076703
2.370000	1.076710	0.076703
2.375000	1.077406	0.076703
2.380000	1.084091	0.076704
2.385000	1.095649	0.076703
2.390000	1.082865	0.077375
2.395000	1.089726	0.076703
2.400000	1.082865	0.077375
2.405000	1.082865	0.077375
2.410000	1.081648	0.076703
2.415000	1.068967	0.076704
2.420000	1.075242	0.076704
2.425000	1.081793	0.076704
2.430000	1.084681	0.076704
2.435000	1.082865	0.077375
2.440000	1.082865	0.077375
2.445000	1.071648	0.076704
2.450000	1.080297	0.076704
