0.450000	nan	nan
0.455000	nan	nan
0.460000	nan	nan
0.465000	nan	nan
0.470000	nan	nan
0.475000	nan	nan
0.480000	nan	nan
0.485000	nan	nan
0.490000	nan	nan
0.495000	nan	nan
0.500000	nan	nan
0.505000	nan	nan
0.510000	nan	nan
0.515000	nan	nan
0.520000	nan	nan
0.525000	nan	nan
0.530000	nan	nan
0.535000	nan	nan
0.540000	nan	nan
0.545000	nan	nan
0.550000	nan	nan
0.555000	nan	nan
0.560000	nan	nan
0.565000	nan	nan
0.570000	nan	nan
0.575000	nan	nan
0.580000	nan	nan
0.585000	nan	nan
0.590000	nan	nan
0.595000	nan	nan
0.600000	nan	nan
0.605000	nan	nan
0.610000	nan	nan
0.615000	nan	nan
0.620000	nan	nan
0.625000	nan	nan
0.630000	nan	nan
0.635000	nan	nan
0.640000	nan	nan
0.645000	nan	nan
0.650000	nan	nan
0.655000	nan	nan
0.660000	nan	nan
0.665000	nan	nan
0.670000	nan	nan
0.675000	nan	nan
0.680000	nan	nan
0.685000	nan	nan
0.690000	nan	nan
0.695000	nan	nan
0.700000	nan	nan
0.705000	nan	nan
0.710000	nan	nan
0.715000	nan	nan
0.720000	nan	nan
0.725000	nan	nan
0.730000	nan	nan
0.735000	nan	nan
0.740000	nan	nan
0.745000	nan	nan
0.750000	nan	nan
0.755000	nan	nan
0.760000	nan	nan
0.765000	nan	nan
0.770000	nan	nan
0.775000	1.051879	0.004845
0.780000	1.049780	0.003935
0.785000	1.047832	0.003408
0.790000	1.045949	0.003155
0.795000	1.044050	0.003051
0.800000	1.042066	0.003005
0.805000	1.039944	0.002972
0.810000	1.037652	0.002937
0.815000	1.035178	0.002904
0.820000	1.032530	0.002875
0.825000	1.029737	0.002856
0.830000	1.026837	0.002844
0.835000	1.023882	0.002839
0.840000	1.020924	0.002835
0.845000	1.018011	0.002832
0.850000	1.015184	0.002827
0.855000	1.012470	0.002823
0.860000	1.009876	0.002819
0.865000	1.007397	0.002818
0.870000	1.005007	0.002818
0.875000	1.002671	0.002820
0.880000	1.000343	0.002820
0.885000	0.997977	0.002818
0.890000	0.995531	0.002812
0.895000	0.992977	0.002805
0.900000	0.990304	0.002799
0.905000	0.987522	0.002799
0.910000	0.984665	0.002809
0.915000	0.981793	0.002835
0.920000	0.978983	0.002875
0.925000	0.976329	0.002927
0.930000	0.973933	0.002984
0.935000	0.971893	0.003037
0.940000	0.970301	0.003077
0.945000	0.969226	0.003097
0.950000	0.968716	0.003095
0.955000	0.968784	0.003069
0.960000	0.969414	0.003025
0.965000	0.970557	0.002969
0.970000	0.972136	0.002911
0.975000	0.974054	0.002857
0.980000	0.976201	0.002815
0.985000	0.978464	0.002786
0.990000	0.980739	0.002771
0.995000	0.982939	0.002765
1.000000	0.985001	0.002764
1.005000	0.986889	0.002766
1.010000	0.988602	0.002766
1.015000	0.990164	0.002765
1.020000	0.991625	0.002763
1.025000	0.993050	0.002760
1.030000	0.994513	0.002758
1.035000	0.996085	0.002756
1.040000	0.997825	0.002756
1.045000	0.999771	0.002756
1.050000	1.001937	0.002757
1.055000	1.004310	0.002759
1.060000	1.006850	0.002760
1.065000	1.009494	0.002760
1.070000	1.012169	0.002759
1.075000	1.014794	0.002758
1.080000	1.017298	0.002757
1.085000	1.019625	0.002757
1.090000	1.021744	0.002760
1.095000	1.023660	0.002767
1.100000	1.025410	0.002779
1.105000	1.027065	0.002797
1.110000	1.028724	0.002820
1.115000	1.030508	0.002844
1.120000	1.032543	0.002867
1.125000	1.034953	0.002887
1.130000	1.037843	0.002901
1.135000	1.041288	0.002907
1.140000	1.045323	0.002907
1.145000	1.049941	0.002900
1.150000	1.055086	0.002890
1.155000	1.060662	0.002878
1.160000	1.066537	0.002865
1.165000	1.072556	0.002852
1.170000	1.078552	0.002839
1.175000	1.084366	0.002827
1.180000	1.089854	0.002815
1.185000	1.094907	0.002802
1.190000	1.099456	0.002791
1.195000	1.103477	0.002781
1.200000	1.106992	0.002773
1.205000	1.110067	0.002768
1.210000	1.112802	0.002766
1.215000	1.115317	0.002766
1.220000	1.117743	0.002767
1.225000	1.120206	0.002767
1.230000	1.122811	0.002767
1.235000	1.125633	0.002766
1.240000	1.128709	0.002764
1.245000	1.132033	0.002764
1.250000	1.135558	0.002765
1.255000	1.139199	0.002767
1.260000	1.142841	0.002770
1.265000	1.146355	0.002772
1.270000	1.149604	0.002773
1.275000	1.152464	0.002772
1.280000	1.154832	0.002771
1.285000	1.156637	0.002772
1.290000	1.157849	0.002778
1.295000	1.158482	0.002789
1.300000	1.158592	0.002802
1.305000	1.158275	0.002813
1.310000	1.157660	0.002818
1.315000	1.156895	0.002819
1.320000	1.156140	0.002832
1.325000	1.155552	0.002895
1.330000	1.155272	0.003065
1.335000	1.155420	0.003402
1.340000	1.156082	0.003942
1.345000	1.157310	0.004677
1.350000	1.159117	0.005572
1.355000	1.161482	0.006573
1.360000	1.164349	0.007620
1.365000	1.167642	0.008651
1.370000	1.171266	0.009607
1.375000	1.175118	0.010433
1.380000	1.179097	0.011080
1.385000	1.183108	0.011509
1.390000	1.187075	0.011694
1.395000	1.190938	0.011624
1.400000	1.194659	0.011301
1.405000	1.198223	0.010741
1.410000	1.201635	0.009978
1.415000	1.204918	0.009054
1.420000	1.208107	0.008024
1.425000	1.211247	0.006950
1.430000	1.214387	0.005898
1.435000	1.217573	0.004940
1.440000	1.220848	0.004143
1.445000	1.224248	0.003562
1.450000	1.227796	0.003216
1.455000	1.231504	0.003067
1.460000	1.235375	0.003037
1.465000	1.239396	0.003050
1.470000	1.243547	0.003057
1.475000	1.247796	0.003038
1.480000	1.252106	0.002993
1.485000	1.256431	0.002935
1.490000	1.260724	0.002878
1.495000	1.264933	0.002832
1.500000	1.269010	0.002802
1.505000	1.272903	0.002787
1.510000	1.276569	0.002782
1.515000	1.279965	0.002781
1.520000	1.283057	0.002781
1.525000	1.285821	0.002779
1.530000	1.288240	0.002775
1.535000	1.290309	0.002771
1.540000	1.292034	0.002767
1.545000	1.293432	0.002766
1.550000	1.294531	0.002766
1.555000	1.295368	0.002766
1.560000	1.295986	0.002767
1.565000	1.296435	0.002767
1.570000	1.296764	0.002767
1.575000	1.297022	0.002766
1.580000	1.297253	0.002765
1.585000	1.297493	0.002765
1.590000	1.297768	0.002764
1.595000	1.298091	0.002765
1.600000	1.298466	0.002765
1.605000	1.298880	0.002765
1.610000	1.299313	0.002765
1.615000	1.299733	0.002765
1.620000	1.300102	0.002765
1.625000	1.300379	0.002765
1.630000	1.300522	0.002765
1.635000	1.300495	0.002766
1.640000	1.300267	0.002767
1.645000	1.299816	0.002769
1.650000	1.299135	0.002771
1.655000	1.298226	0.002773
1.660000	1.297107	0.002774
1.665000	1.295810	0.002775
1.670000	1.294374	0.002776
1.675000	1.292850	0.002777
1.680000	1.291295	0.002780
1.685000	1.289766	0.002784
1.690000	1.288319	0.002788
1.695000	1.287003	0.002792
1.700000	1.285857	0.002795
1.705000	1.284908	0.002797
1.710000	1.284164	0.002800
1.715000	1.283618	0.002806
1.720000	1.283241	0.002818
1.725000	1.282987	0.002836
1.730000	1.282793	0.002857
1.735000	1.282581	0.002873
1.740000	1.282263	0.002879
1.745000	1.281746	0.002880
1.750000	1.280933	0.002916
1.755000	1.279735	0.003081
1.760000	1.278072	0.003516
1.765000	1.275876	0.004355
1.770000	1.273103	0.005662
1.775000	1.269726	0.007441
1.780000	1.265744	0.009673
1.785000	1.261183	0.012333
1.790000	1.256088	0.015389
1.795000	1.250530	0.018800
1.800000	1.244596	0.022521
1.805000	1.238388	0.026494
1.810000	1.232018	0.030657
1.815000	1.225602	0.034942
1.820000	1.219258	0.039280
1.825000	1.213095	0.043599
1.830000	1.207214	0.047834
1.835000	1.201705	0.051924
1.840000	1.196639	0.055814
1.845000	1.192072	0.059461
1.850000	1.188043	0.062829
1.855000	1.184570	0.065894
1.860000	1.181659	0.068644
1.865000	1.179298	0.071075
1.870000	1.177464	0.073191
1.875000	1.176126	0.075006
1.880000	1.175245	0.076539
1.885000	1.174778	0.077814
1.890000	1.174680	0.078855
1.895000	1.174910	0.079691
1.900000	1.175428	0.080346
1.905000	1.176198	0.080848
1.910000	1.177192	0.081215
1.915000	1.178387	0.081468
1.920000	1.179765	0.081619
1.925000	1.181317	0.081676
1.930000	1.183039	0.081644
1.935000	1.184930	0.081520
1.940000	1.186993	0.081297
1.945000	1.189236	0.080963
1.950000	1.191664	0.080503
1.955000	1.194283	0.079894
1.960000	1.197097	0.079114
1.965000	1.200106	0.078136
1.970000	1.203306	0.076935
1.975000	1.206687	0.075482
1.980000	1.210231	0.073756
1.985000	1.213916	0.071734
1.990000	1.217711	0.069402
1.995000	1.221580	0.066752
2.000000	1.225479	0.063786
2.005000	1.229363	0.060512
2.010000	1.233180	0.056952
2.015000	1.236880	0.053136
2.020000	1.240411	0.049106
2.025000	1.243726	0.044912
2.030000	1.246780	0.040614
2.035000	1.249539	0.036276
2.040000	1.251973	0.031967
2.045000	1.254067	0.027756
2.050000	1.255812	0.023714
2.055000	1.257216	0.019904
2.060000	1.258294	0.016386
2.065000	1.259075	0.013211
2.070000	1.259595	0.010423
2.075000	1.259899	0.008056
2.080000	1.260037	0.006142
2.085000	1.260064	0.004705
2.090000	1.260031	0.003749
2.095000	1.259990	0.003230
2.100000	1.259987	0.003021
2.105000	1.260061	0.002971
2.110000	1.260243	0.002970
2.115000	1.260553	0.002968
2.120000	1.261001	0.002953
2.125000	1.261588	0.002933
2.130000	1.262306	0.002914
2.135000	1.263138	0.002903
2.140000	1.264062	0.002900
2.145000	1.265053	0.002902
2.150000	1.266083	0.002906
2.155000	1.267126	0.002909
2.160000	1.268157	0.002910
2.165000	1.269159	0.002909
2.170000	1.270117	0.002909
2.175000	1.271026	0.002909
2.180000	1.271886	0.002911
2.185000	1.272704	0.002913
2.190000	1.273493	0.002916
2.195000	1.274271	0.002918
2.200000	1.275058	0.002920
2.205000	1.275876	0.002921
2.210000	1.276744	0.002922
2.215000	1.277680	0.002923
2.220000	1.278697	0.002924
2.225000	1.279803	0.002927
2.230000	1.280997	0.002930
2.235000	1.282273	0.002933
2.240000	1.283616	0.002937
2.245000	1.285005	0.002941
2.250000	1.286413	0.002945
2.255000	1.287808	0.002949
2.260000	1.289159	0.002953
2.265000	1.290429	0.002958
2.270000	1.291588	0.002963
2.275000	1.292606	0.002968
2.280000	1.293460	0.002973
2.285000	1.294135	0.002977
2.290000	1.294624	0.002982
2.295000	1.294928	0.002986
2.300000	1.295057	0.002990
2.305000	1.295030	0.002994
2.310000	1.294874	0.002998
2.315000	1.294622	0.003003
2.320000	1.294311	0.003007
2.325000	1.293979	0.003012
2.330000	1.293664	0.003018
2.335000	1.293403	0.003026
2.340000	1.293228	0.003036
2.345000	1.293163	0.003048
2.350000	1.293226	0.003063
2.355000	1.293426	0.003081
2.360000	1.293763	0.003101
2.365000	1.294226	0.003125
2.370000	1.294799	0.003151
2.375000	1.295456	0.003181
2.380000	1.296165	0.003217
2.385000	1.296889	0.003263
2.390000	1.297588	0.003321
2.395000	1.298222	0.003393
2.400000	1.298748	0.003477
2.405000	1.299125	0.003567
2.410000	1.299316	0.003652
2.415000	1.299285	0.003716
2.420000	1.299001	0.003748
2.425000	1.298438	0.003746
2.430000	1.297575	0.003734
2.435000	1.296393	0.003782
2.440000	1.294883	0.004023
2.445000	1.293036	0.004619
2.450000	1.290851	0.005687
