0.450000	nan	nan
0.455000	nan	nan
0.460000	nan	nan
0.465000	nan	nan
0.470000	nan	nan
0.475000	nan	nan
0.480000	nan	nan
0.485000	nan	nan
0.490000	nan	nan
0.495000	nan	nan
0.500000	nan	nan
0.505000	nan	nan
0.510000	nan	nan
0.515000	nan	nan
0.520000	nan	nan
0.525000	nan	nan
0.530000	nan	nan
0.535000	nan	nan
0.540000	nan	nan
0.545000	nan	nan
0.550000	nan	nan
0.555000	nan	nan
0.560000	nan	nan
0.565000	nan	nan
0.570000	nan	nan
0.575000	nan	nan
0.580000	nan	nan
0.585000	nan	nan
0.590000	nan	nan
0.595000	nan	nan
0.600000	nan	nan
0.605000	nan	nan
0.610000	nan	nan
0.615000	nan	nan
0.620000	nan	nan
0.625000	nan	nan
0.630000	nan	nan
0.635000	nan	nan
0.640000	nan	nan
0.645000	nan	nan
0.650000	1.130076	0.253400
0.655000	1.130076	0.253400
0.660000	1.129576	0.253546
0.665000	1.129576	0.253546
0.670000	1.129576	0.253546
0.675000	1.129576	0.253546
0.680000	1.129576	0.253546
0.685000	1.129576	0.253546
0.690000	1.129576	0.253546
0.695000	1.417123	0.103411
0.700000	1.526315	0.101748
0.705000	1.332633	0.088238
0.710000	1.279526	0.081021
0.715000	1.336643	0.079138
0.720000	1.129576	0.253546
0.725000	1.293270	0.072222
0.730000	1.421398	0.068264
0.735000	1.513381	0.068501
0.740000	1.323834	0.062256
0.745000	1.436411	0.064843
0.750000	1.346085	0.064611
0.755000	1.572686	0.070544
0.760000	1.501415	0.063955
0.765000	1.129576	0.253546
0.770000	1.392304	0.060807
0.775000	1.404483	0.060713
0.780000	1.452357	0.059784
0.785000	1.230418	0.059489
0.790000	1.215704	0.060434
0.795000	1.374592	0.058720
0.800000	1.270304	0.056036
0.805000	1.231021	0.056352
0.810000	1.362140	0.058902
0.815000	1.276335	0.054364
0.820000	1.128633	0.054858
0.825000	1.179512	0.056124
0.830000	1.291092	0.057096
0.835000	1.278686	0.054245
0.840000	1.207757	0.053975
0.845000	1.162008	0.053908
0.850000	1.103015	0.056335
0.855000	1.147190	0.054432
0.860000	1.094999	0.052847
0.865000	1.168075	0.054313
0.870000	1.193247	0.054841
0.875000	1.227835	0.055861
0.880000	1.242157	0.053175
0.885000	1.072157	0.052181
0.890000	1.007813	0.051167
0.895000	1.070781	0.051011
0.900000	1.151028	0.049854
0.905000	1.055802	0.050154
0.910000	1.007334	0.050717
0.915000	0.971887	0.050933
0.920000	1.044105	0.050048
0.925000	1.124275	0.053540
0.930000	1.103811	0.052667
0.935000	1.171809	0.053490
0.940000	1.137967	0.050533
0.945000	0.871573	0.050548
0.950000	0.838250	0.052053
0.955000	0.963886	0.049381
0.960000	1.047612	0.050063
0.965000	1.169351	0.049690
0.970000	1.091614	0.049898
0.975000	0.945246	0.048975
0.980000	0.945686	0.049148
0.985000	0.918884	0.048309
0.990000	0.992001	0.049572
0.995000	1.131841	0.049601
1.000000	1.113661	0.047384
1.005000	0.969939	0.048646
1.010000	0.969574	0.047571
1.015000	0.967590	0.049004
1.020000	1.020345	0.047786
1.025000	1.068774	0.048379
1.030000	1.011309	0.046991
1.035000	0.942631	0.047016
1.040000	0.934623	0.048046
1.045000	1.078870	0.047638
1.050000	1.051554	0.047265
1.055000	0.928748	0.047371
1.060000	1.018177	0.047108
1.065000	0.933395	0.047212
1.070000	0.978941	0.048746
1.075000	1.125698	0.049018
1.080000	1.106982	0.049308
1.085000	1.013367	0.048646
1.090000	0.821410	0.047225
1.095000	0.907429	0.047936
1.100000	1.158421	0.050078
1.105000	1.129502	0.050594
1.110000	1.168134	0.050457
1.115000	1.145505	0.048732
1.120000	1.093584	0.050274
1.125000	0.964282	0.048661
1.130000	0.968415	0.051042
1.135000	1.093364	0.051480
1.140000	1.001713	0.050350
1.145000	0.978939	0.049148
1.150000	0.981423	0.048932
1.155000	1.070120	0.050214
1.160000	1.198158	0.052537
1.165000	1.177832	0.050871
1.170000	1.080302	0.052117
1.175000	1.058140	0.047571
1.180000	0.912208	0.048774
1.185000	1.171592	0.052488
1.190000	1.269230	0.049631
1.195000	1.226354	0.050887
1.200000	1.187402	0.049410
1.205000	1.058144	0.051845
1.210000	1.256893	0.052229
1.215000	1.194876	0.049705
1.220000	1.007582	0.050503
1.225000	1.090868	0.051941
1.230000	1.197262	0.051042
1.235000	1.110764	0.048632
1.240000	1.069582	0.049690
1.245000	1.051120	0.050078
1.250000	1.129576	0.253546
1.255000	0.948613	0.050487
1.260000	0.915791	0.047814
1.265000	1.129576	0.253546
1.270000	1.129576	0.253546
1.275000	1.118983	0.049898
1.280000	1.155382	0.050564
1.285000	1.018861	0.047678
1.290000	1.131336	0.055427
1.295000	1.129576	0.253546
1.300000	1.258876	0.051135
1.305000	1.101937	0.049869
1.310000	1.193759	0.051973
1.315000	1.129989	0.049675
1.320000	1.041145	0.049779
1.325000	1.130768	0.049913
1.330000	1.035520	0.050579
1.335000	1.196733	0.052278
1.340000	1.129576	0.253546
1.345000	1.190320	0.050457
1.350000	1.089247	0.061331
1.355000	1.196646	0.058556
1.360000	1.209432	0.066437
1.365000	1.124862	0.064688
1.370000	0.991132	0.062826
1.375000	1.158097	0.066437
1.380000	0.952655	0.058628
1.385000	0.945643	0.063975
1.390000	1.163256	0.061576
1.395000	1.137821	0.065755
1.400000	1.203172	0.061162
1.405000	1.148794	0.058247
1.410000	0.917410	0.053027
1.415000	1.129576	0.253546
1.420000	1.030623	0.061069
1.425000	1.281601	0.057994
1.430000	1.407318	0.060769
1.435000	1.405796	0.060062
1.440000	1.217832	0.054500
1.445000	0.871156	0.052945
1.450000	0.853161	0.054602
1.455000	0.906383	0.053824
1.460000	1.258031	0.058174
1.465000	1.129576	0.253546
1.470000	1.195139	0.051781
1.475000	1.030636	0.055565
1.480000	1.303758	0.055081
1.485000	1.075880	0.051496
1.490000	1.064985	0.053992
1.495000	1.047360	0.052488
1.500000	1.371189	0.056936
1.505000	1.129576	0.253546
1.510000	0.988463	0.049004
1.515000	1.056424	0.052069
1.520000	0.937468	0.050320
1.525000	0.805607	0.051813
1.530000	1.025843	0.050887
1.535000	1.290039	0.053757
1.540000	1.415452	0.051167
1.545000	1.375632	0.053640
1.550000	1.340121	0.052278
1.555000	1.350146	0.052961
1.560000	1.153400	0.051465
1.565000	1.195721	0.055150
1.570000	1.529626	0.053908
1.575000	1.479171	0.054619
1.580000	1.632634	0.057813
1.585000	1.453990	0.055548
1.590000	0.997658	0.050503
1.595000	0.955488	0.053027
1.600000	1.082320	0.051861
1.605000	1.061262	0.051941
1.610000	1.092195	0.052961
1.615000	1.064677	0.052101
1.620000	1.046616	0.052021
1.625000	0.976114	0.049557
1.630000	1.349443	0.056706
1.635000	1.438731	0.055236
1.640000	1.067798	0.052245
1.645000	1.151107	0.053076
1.650000	1.094645	0.053407
1.655000	1.019476	0.053241
1.660000	1.088006	0.055288
1.665000	1.245480	0.053507
1.670000	1.129576	0.253546
1.675000	1.257461	0.050003
1.680000	0.659905	0.053657
1.685000	0.773703	0.055305
1.690000	0.828796	0.055288
1.695000	1.192455	0.055012
1.700000	1.636331	0.062522
1.705000	1.605574	0.054704
1.710000	1.138048	0.051654
1.715000	0.923387	0.051276
1.720000	0.729380	0.053076
1.725000	1.171782	0.067417
1.730000	1.672373	0.059489
1.735000	1.433552	0.058738
1.740000	0.963130	0.053657
1.745000	1.211915	0.060807
1.750000	1.481375	0.060025
1.755000	0.770026	0.051089
1.760000	0.645384	0.055116
1.765000	1.016951	0.059250
1.770000	1.248569	0.059250
1.775000	1.170508	0.056688
1.780000	1.201350	0.060564
1.785000	1.081090	0.058829
1.790000	1.486474	0.065249
1.795000	1.521211	0.062256
1.800000	1.289641	0.065366
1.805000	0.976105	0.061313
1.810000	0.572643	0.060863
1.815000	1.024214	0.069273
1.820000	0.876550	0.070385
1.825000	0.566277	0.072583
1.830000	1.286574	0.083350
1.835000	1.473288	0.081508
1.840000	1.408769	0.098920
1.845000	0.873604	0.096836
1.850000	0.689978	0.086342
1.855000	0.681994	0.077661
1.860000	0.517689	0.080110
1.865000	1.429439	0.105503
1.870000	1.240528	0.094162
1.875000	0.719160	0.095591
1.880000	0.901881	0.090909
1.885000	0.454956	0.076226
1.890000	0.407837	0.068877
1.895000	0.723828	0.077458
1.900000	0.883913	0.084281
1.905000	1.227908	0.100698
1.910000	1.195632	0.087129
1.915000	0.635074	0.072322
1.920000	0.727462	0.080758
1.925000	0.849522	0.073124
1.930000	0.869198	0.073526
1.935000	0.986770	0.071382
1.940000	0.957237	0.073024
1.945000	1.517070	0.089103
1.950000	1.265918	0.072162
1.955000	1.059484	0.086443
1.960000	1.342471	0.080272
1.965000	1.329073	0.089645
1.970000	1.458078	0.081548
1.975000	1.122255	0.067437
1.980000	1.103658	0.071302
1.985000	1.342056	0.065133
1.990000	1.115727	0.066437
1.995000	1.028362	0.075015
2.000000	0.861322	0.086443
2.005000	1.129576	0.253546
2.010000	1.129576	0.253546
2.015000	0.891867	0.093765
2.020000	1.330560	0.101282
2.025000	1.129576	0.253546
2.030000	0.993008	0.065347
2.035000	0.806746	0.065599
2.040000	0.687801	0.063994
2.045000	0.634450	0.068363
2.050000	1.017666	0.076387
2.055000	1.184122	0.087029
2.060000	1.160673	0.082480
2.065000	1.037284	0.081123
2.070000	1.231215	0.082601
2.075000	1.226917	0.079766
2.080000	1.079283	0.080981
2.085000	0.775299	0.079685
2.090000	1.074042	0.081791
2.095000	1.158323	0.072844
2.100000	1.050691	0.074331
2.105000	1.070669	0.073526
2.110000	0.988211	0.076206
2.115000	1.690251	0.095848
2.120000	1.404245	0.072362
2.125000	1.104317	0.078551
2.130000	1.049810	0.075459
2.135000	1.189873	0.081265
2.140000	1.409671	0.076872
2.145000	1.087363	0.077661
2.150000	1.707808	0.090648
2.155000	1.624889	0.077843
2.160000	1.308495	0.086302
2.165000	1.626090	0.083796
2.170000	1.663200	0.086988
2.175000	0.943651	0.074572
2.180000	0.816116	0.086645
2.185000	1.248904	0.088056
2.190000	0.963896	0.074733
2.195000	1.087951	0.082723
2.200000	1.745488	0.093446
2.205000	1.392974	0.079523
2.210000	1.294729	0.088519
2.215000	1.925039	0.093784
2.220000	1.400188	0.077903
2.225000	0.652608	0.087613
2.230000	0.593670	0.079867
2.235000	0.984637	0.079340
2.240000	1.081481	0.080414
2.245000	0.657734	0.081589
2.250000	0.943372	0.094023
2.255000	1.853295	0.106018
2.260000	1.569939	0.085393
2.265000	0.851415	0.088761
2.270000	0.946485	0.088660
2.275000	1.261324	0.100074
2.280000	1.623261	0.101360
2.285000	1.352403	0.091470
2.290000	1.216071	0.103469
2.295000	1.480932	0.100640
2.300000	0.876182	0.088378
2.305000	0.782796	0.093087
2.310000	1.572256	0.106228
2.315000	1.642374	0.100445
2.320000	1.578960	0.103315
2.325000	1.101160	0.095452
2.330000	1.358221	0.105694
2.335000	1.266775	0.087936
2.340000	0.919875	0.098979
2.345000	1.342347	0.090588
2.350000	0.966950	0.088680
2.355000	0.931198	0.094758
2.360000	1.237602	0.106628
2.365000	0.929424	0.098646
2.370000	0.977035	0.099684
2.375000	1.130038	0.091249
2.380000	1.208165	0.107917
2.385000	1.129576	0.253546
2.390000	1.129576	0.253546
2.395000	1.129576	0.253546
2.400000	1.129576	0.253546
2.405000	1.129576	0.253546
2.410000	1.129576	0.253546
2.415000	0.703046	0.083573
2.420000	0.986802	0.089123
2.425000	0.547389	0.097112
2.430000	0.618099	0.111367
2.435000	1.128251	0.104526
2.440000	0.892259	0.097408
2.445000	1.390975	0.123551
2.450000	0.897610	0.109199
