0.450000	nan	nan
0.455000	nan	nan
0.460000	nan	nan
0.465000	nan	nan
0.470000	nan	nan
0.475000	nan	nan
0.480000	nan	nan
0.485000	nan	nan
0.490000	nan	nan
0.495000	nan	nan
0.500000	nan	nan
0.505000	nan	nan
0.510000	nan	nan
0.515000	nan	nan
0.520000	nan	nan
0.525000	nan	nan
0.530000	nan	nan
0.535000	nan	nan
0.540000	nan	nan
0.545000	nan	nan
0.550000	nan	nan
0.555000	nan	nan
0.560000	nan	nan
0.565000	nan	nan
0.570000	nan	nan
0.575000	nan	nan
0.580000	nan	nan
0.585000	nan	nan
0.590000	nan	nan
0.595000	nan	nan
0.600000	nan	nan
0.605000	nan	nan
0.610000	nan	nan
0.615000	nan	nan
0.620000	nan	nan
0.625000	nan	nan
0.630000	nan	nan
0.635000	nan	nan
0.640000	nan	nan
0.645000	nan	nan
0.650000	nan	nan
0.655000	nan	nan
0.660000	nan	nan
0.665000	nan	nan
0.670000	nan	nan
0.675000	nan	nan
0.680000	nan	nan
0.685000	nan	nan
0.690000	nan	nan
0.695000	nan	nan
0.700000	nan	nan
0.705000	nan	nan
0.710000	nan	nan
0.715000	nan	nan
0.720000	nan	nan
0.725000	nan	nan
0.730000	nan	nan
0.735000	nan	nan
0.740000	nan	nan
0.745000	nan	nan
0.750000	nan	nan
0.755000	nan	nan
0.760000	1.155640	0.070859
0.765000	1.135994	0.070849
0.770000	1.154208	0.070843
0.775000	1.149682	0.070853
0.780000	1.130301	0.070843
0.785000	1.121239	0.070846
0.790000	1.125058	0.070843
0.795000	1.111103	0.070841
0.800000	1.120259	0.070843
0.805000	1.084266	0.070843
0.810000	1.072964	0.070831
0.815000	1.084875	0.070832
0.820000	1.072706	0.070838
0.825000	1.053680	0.070833
0.830000	1.050389	0.070831
0.835000	1.048075	0.070829
0.840000	1.032968	0.070831
0.845000	1.021324	0.070830
0.850000	1.019460	0.070832
0.855000	1.009057	0.070829
0.860000	1.009589	0.070828
0.865000	1.007909	0.070834
0.870000	0.992795	0.070831
0.875000	0.992082	0.070830
0.880000	0.981856	0.070827
0.885000	0.985326	0.070829
0.890000	0.986296	0.070825
0.895000	0.974382	0.070823
0.900000	0.966478	0.070827
0.905000	0.963005	0.070823
0.910000	0.966380	0.070822
0.915000	0.983106	0.070831
0.920000	0.970659	0.070828
0.925000	0.954819	0.070820
0.930000	0.952514	0.070822
0.935000	0.960517	0.070824
0.940000	0.964882	0.070828
0.945000	0.962294	0.070824
0.950000	0.970293	0.070823
0.955000	0.953670	0.070823
0.960000	1.245302	0.154619
0.965000	0.959528	0.070819
0.970000	0.965482	0.070818
0.975000	0.970732	0.070821
0.980000	0.978817	0.070819
0.985000	0.980066	0.070821
0.990000	0.984330	0.070820
0.995000	0.976067	0.070822
1.000000	0.978995	0.070819
1.005000	0.969393	0.070818
1.010000	0.967794	0.070819
1.015000	1.245302	0.154619
1.020000	0.975077	0.070816
1.025000	1.001485	0.070820
1.030000	1.009845	0.070822
1.035000	1.018373	0.070820
1.040000	1.024769	0.070817
1.045000	1.008684	0.070820
1.050000	1.021581	0.070825
1.055000	1.044955	0.070823
1.060000	1.068333	0.070824
1.065000	1.245302	0.154619
1.070000	1.245302	0.154619
1.075000	1.086288	0.070825
1.080000	1.089663	0.070822
1.085000	1.102738	0.070831
1.090000	1.096952	0.070822
1.095000	1.080244	0.070825
1.100000	1.066198	0.070823
1.105000	1.078731	0.070823
1.110000	1.082554	0.070824
1.115000	1.095621	0.070825
1.120000	1.111269	0.070829
1.125000	1.104955	0.070826
1.130000	1.100161	0.070831
1.135000	1.104429	0.070833
1.140000	1.122824	0.070830
1.145000	1.149406	0.070839
1.150000	1.132157	0.070830
1.155000	1.135982	0.070835
1.160000	1.135181	0.070833
1.165000	1.152866	0.070831
1.170000	1.155441	0.070828
1.175000	1.162638	0.070824
1.180000	1.157575	0.070828
1.185000	1.168686	0.070830
1.190000	1.173843	0.070834
1.195000	1.164507	0.070827
1.200000	1.170286	0.070830
1.205000	1.195175	0.070838
1.210000	1.220681	0.070833
1.215000	1.201306	0.070833
1.220000	1.204239	0.070834
1.225000	1.192684	0.070830
1.230000	1.194196	0.070833
1.235000	1.187621	0.070838
1.240000	1.197750	0.070832
1.245000	1.219436	0.070829
1.250000	1.216504	0.070833
1.255000	1.204860	0.070831
1.260000	1.229481	0.070837
1.265000	1.235791	0.070836
1.270000	1.247789	0.070841
1.275000	1.237213	0.070839
1.280000	1.210461	0.070834
1.285000	1.204155	0.070850
1.290000	1.228769	0.070834
1.295000	1.229569	0.070835
1.300000	1.232147	0.070837
1.305000	1.244945	0.070836
1.310000	1.256499	0.070834
1.315000	1.261031	0.070836
1.320000	1.260765	0.070837
1.325000	1.247966	0.070839
1.330000	1.255788	0.070835
1.335000	1.267075	0.070835
1.340000	1.249832	0.070849
1.345000	1.243879	0.070858
1.350000	1.253918	0.070887
1.355000	1.291308	0.070922
1.360000	1.280648	0.070928
1.365000	1.279755	0.070948
1.370000	1.295362	0.071006
1.375000	1.256046	0.070933
1.380000	1.282880	0.070889
1.385000	1.321668	0.070951
1.390000	1.308640	0.070896
1.395000	1.279859	0.070891
1.400000	1.312360	0.070918
1.405000	1.331726	0.070913
1.410000	1.309621	0.070889
1.415000	1.327304	0.070882
1.420000	1.352169	0.070896
1.425000	1.322870	0.070868
1.430000	1.288654	0.070890
1.435000	1.301631	0.070874
1.440000	1.328013	0.070884
1.445000	1.344819	0.070866
1.450000	1.352824	0.070856
1.455000	1.352284	0.070865
1.460000	1.374675	0.070865
1.465000	1.352562	0.070850
1.470000	1.342874	0.070852
1.475000	1.359841	0.070859
1.480000	1.352831	0.070847
1.485000	1.327859	0.070847
1.490000	1.334610	0.070852
1.495000	1.333813	0.070848
1.500000	1.323135	0.070870
1.505000	1.245302	0.154619
1.510000	1.327856	0.070852
1.515000	1.366511	0.070854
1.520000	1.394949	0.070852
1.525000	1.306973	0.070852
1.530000	1.245302	0.154619
1.535000	1.291691	0.070844
1.540000	1.337013	0.070847
1.545000	1.351411	0.070844
1.550000	1.349982	0.070854
1.555000	1.369893	0.070847
1.560000	1.380094	0.070866
1.565000	1.380104	0.070856
1.570000	1.400985	0.070858
1.575000	1.420007	0.070853
1.580000	1.408015	0.070850
1.585000	1.414319	0.070854
1.590000	1.369709	0.070854
1.595000	1.312391	0.070858
1.600000	1.305905	0.070854
1.605000	1.397610	0.070856
1.610000	1.431729	0.070859
1.615000	1.394229	0.070860
1.620000	1.323853	0.070859
1.625000	1.339586	0.070852
1.630000	1.322791	0.070851
1.635000	1.327852	0.070858
1.640000	1.370508	0.070855
1.645000	1.361708	0.070858
1.650000	1.344545	0.070875
1.655000	1.351228	0.070851
1.660000	1.365614	0.070862
1.665000	1.356553	0.070859
1.670000	1.340292	0.070859
1.675000	1.366316	0.070872
1.680000	1.390674	0.070860
1.685000	1.337891	0.070862
1.690000	1.313365	0.070863
1.695000	1.332473	0.070858
1.700000	1.330962	0.070859
1.705000	1.324118	0.070862
1.710000	1.303768	0.070865
1.715000	1.301816	0.070859
1.720000	1.292128	0.070863
1.725000	1.291862	0.070862
1.730000	1.296300	0.070875
1.735000	1.340457	0.070877
1.740000	1.337349	0.070874
1.745000	1.291505	0.070866
1.750000	1.283154	0.070860
1.755000	1.327219	0.070876
1.760000	1.303058	0.070863
1.765000	1.273557	0.070864
1.770000	1.312831	0.070865
1.775000	1.295323	0.070874
1.780000	1.301357	0.070893
1.785000	1.363993	0.070886
1.790000	1.308641	0.070895
1.795000	1.218911	0.070873
1.800000	1.168981	0.070880
1.805000	1.206034	0.070892
1.810000	1.344779	0.070918
1.815000	1.335727	0.070907
1.820000	1.343326	0.070963
1.825000	1.281001	0.070938
1.830000	1.165530	0.071051
1.835000	1.198641	0.071089
1.840000	1.310376	0.071161
1.845000	1.331262	0.071082
1.850000	1.249203	0.071093
1.855000	1.248315	0.071162
1.860000	1.323339	0.071129
1.865000	1.286641	0.071079
1.870000	1.199018	0.071154
1.875000	1.312653	0.071215
1.880000	1.268615	0.071175
1.885000	1.161656	0.071099
1.890000	1.279924	0.070983
1.895000	1.333747	0.071080
1.900000	1.298266	0.071071
1.905000	1.280425	0.071100
1.910000	1.238292	0.071075
1.915000	1.173184	0.071093
1.920000	1.190004	0.071012
1.925000	1.240862	0.070998
1.930000	1.235003	0.070996
1.935000	1.198597	0.070966
1.940000	1.228611	0.070988
1.945000	1.252938	0.070942
1.950000	1.211825	0.070960
1.955000	1.254799	0.070989
1.960000	1.307269	0.070978
1.965000	1.297059	0.070980
1.970000	1.211202	0.070953
1.975000	1.208361	0.070953
1.980000	1.209871	0.070955
1.985000	1.240593	0.070912
1.990000	1.286604	0.070912
1.995000	1.221768	0.070947
2.000000	1.221956	0.071005
2.005000	1.296030	0.071117
2.010000	1.274736	0.071154
2.015000	1.204405	0.071083
2.020000	1.167030	0.071036
2.025000	1.178929	0.071052
2.030000	1.244146	0.070933
2.035000	1.251162	0.070932
2.040000	1.302304	0.070964
2.045000	1.234998	0.070930
2.050000	1.209789	0.070981
2.055000	1.312589	0.070993
2.060000	1.305670	0.070980
2.065000	1.251338	0.070965
2.070000	1.201259	0.070959
2.075000	1.225142	0.070945
2.080000	1.269546	0.070932
2.085000	1.261819	0.070934
2.090000	1.318298	0.070941
2.095000	1.349287	0.070947
2.100000	1.302500	0.070921
2.105000	1.288014	0.070945
2.110000	1.329751	0.070946
2.115000	1.358656	0.070998
2.120000	1.345208	0.070939
2.125000	1.328783	0.070932
2.130000	1.292103	0.070935
2.135000	1.339701	0.070941
2.140000	1.351156	0.070942
2.145000	1.247875	0.070959
2.150000	1.259866	0.070930
2.155000	1.404620	0.071013
2.160000	1.353907	0.070944
2.165000	1.334987	0.070952
2.170000	1.415324	0.070971
2.175000	1.422790	0.070966
2.180000	1.415404	0.070978
2.185000	1.377570	0.070992
2.190000	1.345549	0.070958
2.195000	1.322288	0.070953
2.200000	1.289785	0.070961
2.205000	1.337899	0.070977
2.210000	1.398438	0.070986
2.215000	1.353159	0.070990
2.220000	1.319173	0.070965
2.225000	1.358947	0.070969
2.230000	1.369681	0.070979
2.235000	1.419798	0.071013
2.240000	1.422675	0.070985
2.245000	1.382756	0.071041
2.250000	1.350767	0.070984
2.255000	1.373006	0.071030
2.260000	1.403459	0.071019
2.265000	1.362711	0.071030
2.270000	1.245302	0.154619
2.275000	1.321354	0.071034
2.280000	1.408455	0.071071
2.285000	1.245302	0.154619
2.290000	1.382262	0.071004
2.295000	1.331912	0.071037
2.300000	1.320369	0.071048
2.305000	1.378582	0.071045
2.310000	1.338122	0.071039
2.315000	1.340925	0.071090
2.320000	1.446317	0.071084
2.325000	1.416601	0.071083
2.330000	1.417721	0.071040
2.335000	1.413527	0.071059
2.340000	1.439790	0.071059
2.345000	1.473056	0.071062
2.350000	1.470741	0.071119
2.355000	1.507864	0.071138
2.360000	1.245302	0.154619
2.365000	1.245302	0.154619
2.370000	1.245302	0.154619
2.375000	1.245302	0.154619
2.380000	1.245302	0.154619
2.385000	1.245302	0.154619
2.390000	1.430398	0.071239
2.395000	1.245302	0.154619
2.400000	1.514085	0.071349
2.405000	1.245302	0.154619
2.410000	1.492620	0.071134
2.415000	1.508306	0.071183
2.420000	1.245302	0.154619
2.425000	1.506276	0.071134
2.430000	1.245302	0.154619
2.435000	1.426776	0.071232
2.440000	1.245302	0.154619
2.445000	1.486920	0.071147
2.450000	1.423147	0.071294
