0.450000	nan	nan
0.455000	nan	nan
0.460000	nan	nan
0.465000	nan	nan
0.470000	nan	nan
0.475000	nan	nan
0.480000	nan	nan
0.485000	nan	nan
0.490000	nan	nan
0.495000	nan	nan
0.500000	nan	nan
0.505000	nan	nan
0.510000	nan	nan
0.515000	nan	nan
0.520000	nan	nan
0.525000	nan	nan
0.530000	nan	nan
0.535000	nan	nan
0.540000	nan	nan
0.545000	nan	nan
0.550000	nan	nan
0.555000	nan	nan
0.560000	nan	nan
0.565000	nan	nan
0.570000	nan	nan
0.575000	nan	nan
0.580000	nan	nan
0.585000	nan	nan
0.590000	nan	nan
0.595000	nan	nan
0.600000	nan	nan
0.605000	nan	nan
0.610000	nan	nan
0.615000	nan	nan
0.620000	nan	nan
0.625000	nan	nan
0.630000	nan	nan
0.635000	nan	nan
0.640000	nan	nan
0.645000	nan	nan
0.650000	nan	nan
0.655000	nan	nan
0.660000	nan	nan
0.665000	nan	nan
0.670000	nan	nan
0.675000	nan	nan
0.680000	1.223670	0.040507
0.685000	1.166040	0.093603
0.690000	1.213519	0.040312
0.695000	1.188379	0.040254
0.700000	1.179812	0.040227
0.705000	1.219896	0.040204
0.710000	1.190832	0.040193
0.715000	1.175575	0.040185
0.720000	1.180992	0.040184
0.725000	1.216749	0.040182
0.730000	1.200951	0.040174
0.735000	1.187587	0.040169
0.740000	1.162030	0.040171
0.745000	1.194811	0.040171
0.750000	1.209980	0.040175
0.755000	1.192192	0.040172
0.760000	1.182078	0.040174
0.765000	1.166040	0.093603
0.770000	1.196079	0.040160
0.775000	1.182622	0.040162
0.780000	1.126444	0.040157
0.785000	1.176571	0.040159
0.790000	1.122111	0.040161
0.795000	1.129605	0.040157
0.800000	1.136740	0.040157
0.805000	1.141617	0.040156
0.810000	1.166040	0.093603
0.815000	1.091670	0.040155
0.820000	1.083901	0.040154
0.825000	1.092481	0.040154
0.830000	1.096367	0.040155
0.835000	1.085164	0.040153
0.840000	1.062767	0.040155
0.845000	1.040911	0.040156
0.850000	1.040908	0.040154
0.855000	1.056895	0.040154
0.860000	1.056803	0.040152
0.865000	1.035484	0.040151
0.870000	1.014892	0.040152
0.875000	1.016968	0.040151
0.880000	1.012270	0.040151
0.885000	1.002151	0.040149
0.890000	0.997457	0.040151
0.895000	1.009016	0.040150
0.900000	1.014343	0.040148
0.905000	1.016062	0.040150
0.910000	1.000072	0.040149
0.915000	1.005044	0.040151
0.920000	0.986879	0.040146
0.925000	0.977036	0.040147
0.930000	0.978480	0.040147
0.935000	0.979926	0.040147
0.940000	0.978481	0.040147
0.945000	0.978661	0.040147
0.950000	0.972608	0.040147
0.955000	0.972968	0.040146
0.960000	0.961137	0.040147
0.965000	0.977486	0.040147
0.970000	0.977123	0.040146
0.975000	0.960414	0.040147
0.980000	0.973691	0.040146
0.985000	0.974415	0.040147
0.990000	0.983625	0.040145
0.995000	1.000336	0.040145
1.000000	1.001963	0.040145
1.005000	1.002778	0.040147
1.010000	0.992209	0.040146
1.015000	0.982812	0.040145
1.020000	0.970983	0.040147
1.025000	0.997358	0.040146
1.030000	1.012712	0.040145
1.035000	1.014068	0.040146
1.040000	1.018311	0.040144
1.045000	1.018946	0.040146
1.050000	1.035298	0.040147
1.055000	1.034846	0.040147
1.060000	1.024816	0.040145
1.065000	1.026264	0.040147
1.070000	1.028342	0.040147
1.075000	1.039724	0.040147
1.080000	1.049569	0.040146
1.085000	1.056976	0.040146
1.090000	1.055715	0.040150
1.095000	1.052278	0.040146
1.100000	1.062941	0.040149
1.105000	1.076849	0.040148
1.110000	1.074320	0.040147
1.115000	1.083084	0.040149
1.120000	1.079469	0.040148
1.125000	1.075678	0.040150
1.130000	1.088231	0.040148
1.135000	1.075135	0.040149
1.140000	1.077846	0.040150
1.145000	1.101420	0.040149
1.150000	1.109912	0.040151
1.155000	1.104221	0.040150
1.160000	1.100517	0.040149
1.165000	1.103044	0.040147
1.170000	1.114246	0.040149
1.175000	1.104219	0.040148
1.180000	1.101239	0.040149
1.185000	1.116957	0.040151
1.190000	1.124996	0.040150
1.195000	1.124905	0.040149
1.200000	1.120208	0.040149
1.205000	1.124544	0.040149
1.210000	1.149384	0.040149
1.215000	1.137642	0.040151
1.220000	1.124363	0.040149
1.225000	1.126260	0.040150
1.230000	1.124905	0.040149
1.235000	1.118944	0.040149
1.240000	1.125447	0.040150
1.245000	1.138274	0.040150
1.250000	1.140352	0.040152
1.255000	1.135473	0.040149
1.260000	1.146494	0.040152
1.265000	1.158417	0.040154
1.270000	1.144235	0.040149
1.275000	1.155526	0.040150
1.280000	1.162752	0.040149
1.285000	1.157423	0.040151
1.290000	1.168623	0.040150
1.295000	1.169526	0.040154
1.300000	1.146313	0.040150
1.305000	1.161217	0.040149
1.310000	1.196263	0.040150
1.315000	1.206380	0.040150
1.320000	1.198881	0.040154
1.325000	1.194186	0.040150
1.330000	1.177114	0.040151
1.335000	1.171694	0.040151
1.340000	1.165823	0.040152
1.345000	1.168533	0.040156
1.350000	1.179100	0.040157
1.355000	1.186686	0.040160
1.360000	1.185872	0.040168
1.365000	1.205286	0.040172
1.370000	1.226870	0.040170
1.375000	1.221898	0.040179
1.380000	1.223440	0.040167
1.385000	1.227409	0.040174
1.390000	1.223980	0.040171
1.395000	1.214408	0.040169
1.400000	1.209803	0.040168
1.405000	1.206825	0.040165
1.410000	1.211610	0.040166
1.415000	1.224705	0.040167
1.420000	1.231840	0.040166
1.425000	1.258217	0.040159
1.430000	1.242683	0.040159
1.435000	1.262002	0.040167
1.440000	1.257315	0.040159
1.445000	1.232929	0.040159
1.450000	1.255599	0.040159
1.455000	1.226517	0.040158
1.460000	1.285856	0.040158
1.465000	1.256507	0.040154
1.470000	1.230494	0.040154
1.475000	1.249100	0.040154
1.480000	1.263009	0.040155
1.485000	1.248739	0.040154
1.490000	1.231035	0.040155
1.495000	1.281617	0.040153
1.500000	1.256869	0.040153
1.505000	1.243412	0.040152
1.510000	1.252443	0.040153
1.515000	1.281072	0.040156
1.520000	1.273580	0.040152
1.525000	1.273670	0.040152
1.530000	1.257592	0.040153
1.535000	1.286136	0.040151
1.540000	1.312325	0.040155
1.545000	1.293090	0.040152
1.550000	1.289749	0.040151
1.555000	1.289115	0.040153
1.560000	1.275385	0.040153
1.565000	1.304196	0.040154
1.570000	1.324519	0.040154
1.575000	1.313044	0.040157
1.580000	1.235642	0.040155
1.585000	1.216675	0.040153
1.590000	1.218120	0.040153
1.595000	1.225979	0.040152
1.600000	1.218934	0.040152
1.605000	1.223720	0.040154
1.610000	1.255147	0.040159
1.615000	1.283244	0.040153
1.620000	1.281527	0.040153
1.625000	1.250455	0.040154
1.630000	1.229139	0.040154
1.635000	1.232029	0.040155
1.640000	1.213061	0.040156
1.645000	1.208636	0.040155
1.650000	1.233475	0.040154
1.655000	1.249911	0.040157
1.660000	1.198519	0.040156
1.665000	1.210172	0.040153
1.670000	1.270415	0.040155
1.675000	1.272491	0.040157
1.680000	1.254510	0.040164
1.685000	1.258671	0.040157
1.690000	1.242594	0.040158
1.695000	1.206107	0.040154
1.700000	1.200957	0.040157
1.705000	1.195629	0.040154
1.710000	1.194997	0.040156
1.715000	1.202313	0.040156
1.720000	1.174946	0.040156
1.725000	1.189306	0.040157
1.730000	1.219652	0.040160
1.735000	1.218296	0.040161
1.740000	1.234099	0.040164
1.745000	1.218027	0.040158
1.750000	1.200415	0.040159
1.755000	1.190842	0.040157
1.760000	1.192106	0.040157
1.765000	1.190299	0.040159
1.770000	1.170159	0.040157
1.775000	1.187680	0.040160
1.780000	1.173229	0.040161
1.785000	1.131413	0.040161
1.790000	1.144238	0.040160
1.795000	1.141438	0.040162
1.800000	1.113983	0.040162
1.805000	1.141350	0.040169
1.810000	1.105589	0.040169
1.815000	1.124192	0.040170
1.820000	1.172054	0.040180
1.825000	1.182439	0.040174
1.830000	1.174943	0.040185
1.835000	1.177470	0.040193
1.840000	1.210142	0.040213
1.845000	1.189385	0.040199
1.850000	1.154809	0.040196
1.855000	1.098836	0.040196
1.860000	1.151742	0.040211
1.865000	1.198495	0.040223
1.870000	1.167448	0.040214
1.875000	1.141271	0.040210
1.880000	1.127191	0.040212
1.885000	1.166997	0.040195
1.890000	1.201670	0.040183
1.895000	1.208437	0.040192
1.900000	1.154358	0.040196
1.905000	1.122219	0.040197
1.910000	1.122040	0.040200
1.915000	1.127092	0.040193
1.920000	1.116165	0.040188
1.925000	1.126365	0.040182
1.930000	1.106137	0.040179
1.935000	1.134853	0.040183
1.940000	1.134582	0.040184
1.945000	1.096927	0.040179
1.950000	1.122034	0.040189
1.955000	1.188665	0.040190
1.960000	1.205277	0.040193
1.965000	1.160948	0.040200
1.970000	1.142259	0.040192
1.975000	1.125278	0.040175
1.980000	1.166365	0.040172
1.985000	1.180451	0.040180
1.990000	1.147492	0.040176
1.995000	1.134220	0.040180
2.000000	1.103714	0.040201
2.005000	1.134589	0.040204
2.010000	1.175568	0.040246
2.015000	1.226702	0.040284
2.020000	1.272247	0.040209
2.025000	1.202115	0.040199
2.030000	1.213134	0.040188
2.035000	1.211241	0.040182
2.040000	1.169706	0.040175
2.045000	1.136838	0.040179
2.050000	1.163476	0.040183
2.055000	1.203198	0.040198
2.060000	1.181892	0.040204
2.065000	1.171692	0.040190
2.070000	1.227397	0.040191
2.075000	1.243109	0.040188
2.080000	1.209433	0.040186
2.085000	1.178464	0.040186
2.090000	1.143430	0.040178
2.095000	1.108671	0.040188
2.100000	1.160045	0.040183
2.105000	1.161128	0.040182
2.110000	1.143704	0.040192
2.115000	1.162482	0.040179
2.120000	1.182077	0.040180
2.125000	1.161038	0.040185
2.130000	1.164559	0.040184
2.135000	1.194262	0.040193
2.140000	1.183880	0.040193
2.145000	1.175846	0.040186
2.150000	1.243185	0.040205
2.155000	1.231010	0.040189
2.160000	1.213222	0.040193
2.165000	1.236056	0.040202
2.170000	1.242179	0.040220
2.175000	1.219000	0.040192
2.180000	1.231371	0.040189
2.185000	1.180628	0.040201
2.190000	1.154899	0.040195
2.195000	1.233627	0.040191
2.200000	1.239224	0.040192
2.205000	1.209340	0.040192
2.210000	1.219269	0.040195
2.215000	1.216292	0.040191
2.220000	1.232896	0.040202
2.225000	1.217283	0.040196
2.230000	1.164198	0.040201
2.235000	1.188031	0.040200
2.240000	1.250046	0.040205
2.245000	1.263952	0.040201
2.250000	1.230905	0.040209
2.255000	1.203558	0.040201
2.260000	1.193085	0.040205
2.265000	1.228022	0.040201
2.270000	1.250224	0.040207
2.275000	1.283451	0.040201
2.280000	1.285139	0.040221
2.285000	1.227477	0.040207
2.290000	1.195521	0.040209
2.295000	1.179454	0.040209
2.300000	1.238736	0.040237
2.305000	1.223750	0.040247
2.310000	1.191544	0.040229
2.315000	1.194976	0.040221
2.320000	1.195337	0.040218
2.325000	1.281442	0.040218
2.330000	1.291558	0.040213
2.335000	1.202291	0.040210
2.340000	1.148132	0.040213
2.345000	1.240989	0.040240
2.350000	1.306691	0.040233
2.355000	1.231157	0.040236
2.360000	1.211398	0.040228
2.365000	1.213654	0.040228
2.370000	1.193889	0.040232
2.375000	1.203996	0.040231
2.380000	1.251917	0.040230
2.385000	1.259227	0.040230
2.390000	1.289079	0.040244
2.395000	1.312457	0.040238
2.400000	1.263553	0.040235
2.405000	1.278730	0.040222
2.410000	1.251092	0.040244
2.415000	1.213738	0.040241
2.420000	1.226348	0.040274
2.425000	1.166040	0.093603
2.430000	1.196410	0.040250
2.435000	1.187751	0.040236
2.440000	1.166040	0.093603
2.445000	1.166040	0.093603
2.450000	1.214734	0.040233
