0.450000	nan	nan
0.455000	nan	nan
0.460000	nan	nan
0.465000	nan	nan
0.470000	nan	nan
0.475000	nan	nan
0.480000	nan	nan
0.485000	nan	nan
0.490000	nan	nan
0.495000	nan	nan
0.500000	nan	nan
0.505000	nan	nan
0.510000	nan	nan
0.515000	nan	nan
0.520000	nan	nan
0.525000	nan	nan
0.530000	nan	nan
0.535000	nan	nan
0.540000	nan	nan
0.545000	nan	nan
0.550000	nan	nan
0.555000	nan	nan
0.560000	nan	nan
0.565000	nan	nan
0.570000	nan	nan
0.575000	nan	nan
0.580000	nan	nan
0.585000	nan	nan
0.590000	nan	nan
0.595000	nan	nan
0.600000	nan	nan
0.605000	nan	nan
0.610000	nan	nan
0.615000	nan	nan
0.620000	nan	nan
0.625000	nan	nan
0.630000	nan	nan
0.635000	nan	nan
0.640000	nan	nan
0.645000	nan	nan
0.650000	nan	nan
0.655000	nan	nan
0.660000	nan	nan
0.665000	nan	nan
0.670000	nan	nan
0.675000	1.258253	0.139835
0.680000	1.253810	0.140572
0.685000	1.252663	0.139834
0.690000	1.258056	0.139834
0.695000	1.256368	0.139834
0.700000	1.250933	0.139834
0.705000	1.252458	0.139834
0.710000	1.254720	0.139834
0.715000	1.253236	0.139834
0.720000	1.254178	0.139834
0.725000	1.254372	0.139834
0.730000	1.252888	0.139834
0.735000	1.254331	0.139834
0.740000	1.253768	0.139834
0.745000	1.246673	0.139834
0.750000	1.253810	0.140572
0.755000	1.250390	0.139834
0.760000	1.253810	0.140572
0.765000	1.253963	0.139834
0.770000	1.250656	0.139834
0.775000	1.246315	0.139834
0.780000	1.246212	0.139834
0.785000	1.244871	0.139834
0.790000	1.245127	0.139834
0.795000	1.242885	0.139834
0.800000	1.243540	0.139834
0.805000	1.240561	0.139834
0.810000	1.239527	0.139834
0.815000	1.238452	0.139834
0.820000	1.238667	0.139834
0.825000	1.238288	0.139834
0.830000	1.237039	0.139834
0.835000	1.235749	0.139834
0.840000	1.233917	0.139834
0.845000	1.233436	0.139834
0.850000	1.231572	0.139834
0.855000	1.231838	0.139834
0.860000	1.231429	0.139834
0.865000	1.231162	0.139834
0.870000	1.229494	0.139834
0.875000	1.227651	0.139834
0.880000	1.226586	0.139834
0.885000	1.228306	0.139834
0.890000	1.227661	0.139834
0.895000	1.226862	0.139834
0.900000	1.225859	0.139834
0.905000	1.225511	0.139834
0.910000	1.225009	0.139834
0.915000	1.225337	0.139834
0.920000	1.225009	0.139834
0.925000	1.225255	0.139834
0.930000	1.224548	0.139834
0.935000	1.223955	0.139834
0.940000	1.224569	0.139834
0.945000	1.224620	0.139834
0.950000	1.224262	0.139834
0.955000	1.224682	0.139834
0.960000	1.224589	0.139834
0.965000	1.223862	0.139834
0.970000	1.223934	0.139834
0.975000	1.223350	0.139834
0.980000	1.223760	0.139834
0.985000	1.223647	0.139834
0.990000	1.222941	0.139834
0.995000	1.223555	0.139834
1.000000	1.224364	0.139834
1.005000	1.225552	0.139834
1.010000	1.225654	0.139834
1.015000	1.225337	0.139834
1.020000	1.226156	0.139834
1.025000	1.226524	0.139834
1.030000	1.226565	0.139834
1.035000	1.227261	0.139834
1.040000	1.228285	0.139834
1.045000	1.227517	0.139834
1.050000	1.227610	0.139834
1.055000	1.228623	0.139834
1.060000	1.229770	0.139834
1.065000	1.229534	0.139834
1.070000	1.229043	0.139834
1.075000	1.230159	0.139834
1.080000	1.231172	0.139834
1.085000	1.231592	0.139834
1.090000	1.232555	0.139834
1.095000	1.233527	0.139834
1.100000	1.234141	0.139834
1.105000	1.234326	0.139834
1.110000	1.235257	0.139834
1.115000	1.235636	0.139834
1.120000	1.235636	0.139834
1.125000	1.236425	0.139834
1.130000	1.237602	0.139834
1.135000	1.237776	0.139834
1.140000	1.237950	0.139834
1.145000	1.238094	0.139834
1.150000	1.239056	0.139834
1.155000	1.240141	0.139834
1.160000	1.239844	0.139834
1.165000	1.239711	0.139834
1.170000	1.241155	0.139834
1.175000	1.241595	0.139834
1.180000	1.241892	0.139834
1.185000	1.242895	0.139834
1.190000	1.242506	0.139834
1.195000	1.242844	0.139834
1.200000	1.243438	0.139834
1.205000	1.243714	0.139834
1.210000	1.243980	0.139834
1.215000	1.244636	0.139834
1.220000	1.243806	0.139834
1.225000	1.244431	0.139834
1.230000	1.243868	0.139834
1.235000	1.244441	0.139834
1.240000	1.245270	0.139834
1.245000	1.245137	0.139834
1.250000	1.245025	0.139834
1.255000	1.246294	0.139834
1.260000	1.247400	0.139834
1.265000	1.246601	0.139834
1.270000	1.246192	0.139834
1.275000	1.246479	0.139834
1.280000	1.247769	0.139834
1.285000	1.248025	0.139834
1.290000	1.247994	0.139834
1.295000	1.249038	0.139834
1.300000	1.249396	0.139834
1.305000	1.250256	0.139834
1.310000	1.249611	0.139834
1.315000	1.250052	0.139834
1.320000	1.250942	0.139834
1.325000	1.251731	0.139834
1.330000	1.252437	0.139834
1.335000	1.252652	0.139834
1.340000	1.252785	0.139834
1.345000	1.253399	0.139834
1.350000	1.252017	0.139834
1.355000	1.254608	0.139834
1.360000	1.255744	0.139834
1.365000	1.255304	0.139834
1.370000	1.255949	0.139834
1.375000	1.256645	0.139834
1.380000	1.257300	0.139834
1.385000	1.257679	0.139834
1.390000	1.255713	0.139834
1.395000	1.256809	0.139834
1.400000	1.259091	0.139834
1.405000	1.258897	0.139834
1.410000	1.258825	0.139834
1.415000	1.258641	0.139834
1.420000	1.259327	0.139834
1.425000	1.261221	0.139834
1.430000	1.260668	0.139834
1.435000	1.261098	0.139834
1.440000	1.262398	0.139834
1.445000	1.261682	0.139834
1.450000	1.260433	0.139834
1.455000	1.261743	0.139834
1.460000	1.263340	0.139834
1.465000	1.263033	0.139834
1.470000	1.266422	0.139834
1.475000	1.265859	0.139834
1.480000	1.265603	0.139834
1.485000	1.264231	0.139834
1.490000	1.265040	0.139834
1.495000	1.265183	0.139834
1.500000	1.265787	0.139834
1.505000	1.266872	0.139834
1.510000	1.267917	0.139834
1.515000	1.268050	0.139834
1.520000	1.267804	0.139834
1.525000	1.269462	0.139834
1.530000	1.270251	0.139834
1.535000	1.266524	0.139834
1.540000	1.268377	0.139834
1.545000	1.270046	0.139834
1.550000	1.270957	0.139834
1.555000	1.271070	0.139834
1.560000	1.268367	0.139834
1.565000	1.267650	0.139834
1.570000	1.268531	0.139834
1.575000	1.268695	0.139834
1.580000	1.267712	0.139834
1.585000	1.267466	0.139834
1.590000	1.267395	0.139834
1.595000	1.267886	0.139834
1.600000	1.267098	0.139834
1.605000	1.267784	0.139834
1.610000	1.268807	0.139834
1.615000	1.268654	0.139834
1.620000	1.268582	0.139834
1.625000	1.268388	0.139834
1.630000	1.270824	0.139834
1.635000	1.271960	0.139834
1.640000	1.267988	0.139834
1.645000	1.266217	0.139834
1.650000	1.268111	0.139834
1.655000	1.265265	0.139834
1.660000	1.265869	0.139834
1.665000	1.267149	0.139834
1.670000	1.265859	0.139834
1.675000	1.265275	0.139834
1.680000	1.264395	0.139834
1.685000	1.264712	0.139834
1.690000	1.265644	0.139834
1.695000	1.265890	0.139834
1.700000	1.267077	0.139834
1.705000	1.265132	0.139834
1.710000	1.263688	0.139834
1.715000	1.263371	0.139834
1.720000	1.264006	0.139834
1.725000	1.264743	0.139834
1.730000	1.262245	0.139834
1.735000	1.260637	0.139834
1.740000	1.262879	0.139834
1.745000	1.262552	0.139834
1.750000	1.262746	0.139834
1.755000	1.264569	0.139834
1.760000	1.263484	0.139834
1.765000	1.260402	0.139834
1.770000	1.258539	0.139834
1.775000	1.262204	0.139834
1.780000	1.263637	0.139834
1.785000	1.260402	0.139834
1.790000	1.258140	0.139834
1.795000	1.262787	0.139834
1.800000	1.253810	0.140572
1.805000	1.261170	0.139834
1.810000	1.259460	0.139834
1.815000	1.258590	0.139834
1.820000	1.258846	0.139834
1.825000	1.258262	0.139834
1.830000	1.256972	0.139834
1.835000	1.263646	0.139834
1.840000	1.253810	0.140572
1.845000	1.253810	0.140572
1.850000	1.253810	0.140572
1.855000	1.256767	0.139834
1.860000	1.257064	0.139834
1.865000	1.259070	0.139834
1.870000	1.258221	0.139834
1.875000	1.252898	0.139834
1.880000	1.255283	0.139834
1.885000	1.253410	0.139834
1.890000	1.256778	0.139834
1.895000	1.255406	0.139834
1.900000	1.254638	0.139834
1.905000	1.255959	0.139834
1.910000	1.256081	0.139834
1.915000	1.254208	0.139834
1.920000	1.255099	0.139834
1.925000	1.259306	0.139834
1.930000	1.253676	0.139834
1.935000	1.252929	0.139834
1.940000	1.256747	0.139834
1.945000	1.262551	0.139834
1.950000	1.257310	0.139834
1.955000	1.252877	0.139834
1.960000	1.252314	0.139834
1.965000	1.253226	0.139834
1.970000	1.254229	0.139834
1.975000	1.253256	0.139834
1.980000	1.254167	0.139834
1.985000	1.256143	0.139834
1.990000	1.258231	0.139834
1.995000	1.254485	0.139834
2.000000	1.255437	0.139834
2.005000	1.260780	0.139834
2.010000	1.255119	0.139834
2.015000	1.253810	0.140572
2.020000	1.257504	0.139834
2.025000	1.253041	0.139834
2.030000	1.256563	0.139834
2.035000	1.257986	0.139834
2.040000	1.259050	0.139834
2.045000	1.257607	0.139834
2.050000	1.257443	0.139834
2.055000	1.257054	0.139834
2.060000	1.254904	0.139834
2.065000	1.255744	0.139834
2.070000	1.257023	0.139834
2.075000	1.258108	0.139834
2.080000	1.259521	0.139834
2.085000	1.258180	0.139834
2.090000	1.257290	0.139834
2.095000	1.256972	0.139834
2.100000	1.257515	0.139834
2.105000	1.259982	0.139834
2.110000	1.265100	0.139834
2.115000	1.263248	0.139834
2.120000	1.262449	0.139834
2.125000	1.260402	0.139834
2.130000	1.259736	0.139834
2.135000	1.261732	0.139834
2.140000	1.259675	0.139834
2.145000	1.260688	0.139834
2.150000	1.260125	0.139834
2.155000	1.259327	0.139834
2.160000	1.262827	0.139834
2.165000	1.265673	0.139834
2.170000	1.265479	0.139834
2.175000	1.264138	0.139834
2.180000	1.263677	0.139834
2.185000	1.261517	0.139834
2.190000	1.261425	0.139834
2.195000	1.262684	0.139834
2.200000	1.263053	0.139834
2.205000	1.262346	0.139834
2.210000	1.263011	0.139834
2.215000	1.267669	0.139834
2.220000	1.253810	0.140572
2.225000	1.264158	0.139834
2.230000	1.262960	0.139834
2.235000	1.267454	0.139834
2.240000	1.266860	0.139834
2.245000	1.265141	0.139834
2.250000	1.266205	0.139834
2.255000	1.268150	0.139834
2.260000	1.266041	0.139834
2.265000	1.264444	0.139834
2.270000	1.268252	0.139834
2.275000	1.265990	0.139834
2.280000	1.263810	0.139834
2.285000	1.269756	0.139834
2.290000	1.270708	0.139834
2.295000	1.262131	0.139834
2.300000	1.265161	0.139834
2.305000	1.269735	0.139834
2.310000	1.267504	0.139834
2.315000	1.265928	0.139834
2.320000	1.270237	0.139834
2.325000	1.253810	0.140572
2.330000	1.253810	0.140572
2.335000	1.271229	0.139834
2.340000	1.262765	0.139834
2.345000	1.253810	0.140572
2.350000	1.271812	0.139834
2.355000	1.269663	0.139834
2.360000	1.270122	0.139834
2.365000	1.277227	0.139834
2.370000	1.269889	0.139834
2.375000	1.271076	0.139834
2.380000	1.271034	0.139834
2.385000	1.272456	0.139834
2.390000	1.270656	0.139834
2.395000	1.253810	0.140572
2.400000	1.274554	0.139834
2.405000	1.272182	0.139834
2.410000	1.269191	0.139834
2.415000	1.274584	0.139834
2.420000	1.274258	0.139834
2.425000	1.272568	0.139834
2.430000	1.274668	0.139834
2.435000	1.270399	0.139834
2.440000	1.274165	0.139834
2.445000	1.272833	0.139834
2.450000	1.275903	0.139834
