0.450000	nan	nan
0.455000	nan	nan
0.460000	nan	nan
0.465000	nan	nan
0.470000	nan	nan
0.475000	nan	nan
0.480000	nan	nan
0.485000	nan	nan
0.490000	nan	nan
0.495000	nan	nan
0.500000	nan	nan
0.505000	nan	nan
0.510000	nan	nan
0.515000	nan	nan
0.520000	nan	nan
0.525000	nan	nan
0.530000	nan	nan
0.535000	nan	nan
0.540000	nan	nan
0.545000	nan	nan
0.550000	nan	nan
0.555000	nan	nan
0.560000	nan	nan
0.565000	nan	nan
0.570000	nan	nan
0.575000	nan	nan
0.580000	nan	nan
0.585000	nan	nan
0.590000	nan	nan
0.595000	nan	nan
0.600000	nan	nan
0.605000	nan	nan
0.610000	nan	nan
0.615000	nan	nan
0.620000	nan	nan
0.625000	nan	nan
0.630000	nan	nan
0.635000	nan	nan
0.640000	nan	nan
0.645000	nan	nan
0.650000	nan	nan
0.655000	nan	nan
0.660000	nan	nan
0.665000	nan	nan
0.670000	nan	nan
0.675000	nan	nan
0.680000	nan	nan
0.685000	nan	nan
0.690000	nan	nan
0.695000	nan	nan
0.700000	nan	nan
0.705000	nan	nan
0.710000	nan	nan
0.715000	nan	nan
0.720000	nan	nan
0.725000	nan	nan
0.730000	nan	nan
0.735000	nan	nan
0.740000	nan	nan
0.745000	nan	nan
0.750000	nan	nan
0.755000	0.998376	0.029631
0.760000	1.022053	0.028398
0.765000	0.963520	0.027174
0.770000	1.076604	0.026558
0.775000	1.015767	0.026172
0.780000	1.008265	0.025933
0.785000	0.954056	0.025878
0.790000	0.974982	0.025808
0.795000	0.947370	0.025783
0.800000	0.905978	0.025769
0.805000	0.911365	0.025749
0.810000	0.908754	0.025737
0.815000	0.911830	0.025749
0.820000	0.838955	0.025729
0.825000	0.876082	0.025724
0.830000	0.889295	0.025720
0.835000	0.894322	0.025721
0.840000	0.903815	0.025721
0.845000	0.889296	0.025721
0.850000	0.862488	0.025718
0.855000	0.873103	0.025722
0.860000	0.877288	0.025719
0.865000	0.874122	0.025717
0.870000	0.866964	0.025726
0.875000	0.856904	0.025718
0.880000	0.865924	0.025709
0.885000	0.878213	0.025712
0.890000	0.843402	0.025712
0.895000	0.834180	0.025707
0.900000	0.837717	0.025706
0.905000	0.841153	0.025700
0.910000	0.834925	0.025707
0.915000	0.831854	0.025708
0.920000	0.866843	0.025696
0.925000	0.872336	0.025697
0.930000	0.857721	0.025697
0.935000	0.820500	0.025709
0.940000	0.831202	0.025708
0.945000	0.849806	0.025696
0.950000	0.817696	0.025702
0.955000	0.847296	0.025699
0.960000	0.872708	0.025696
0.965000	0.834075	0.025698
0.970000	0.817863	0.025689
0.975000	0.835737	0.025688
0.980000	0.863394	0.025692
0.985000	0.895051	0.025696
0.990000	0.883411	0.025692
0.995000	0.872426	0.025693
1.000000	0.871585	0.025690
1.005000	0.882762	0.025696
1.010000	0.881551	0.025695
1.015000	0.861436	0.025689
1.020000	0.880618	0.025692
1.025000	0.852591	0.025689
1.030000	0.831551	0.025690
1.035000	0.868789	0.025687
1.040000	0.877822	0.025689
1.045000	0.895606	0.025689
1.050000	0.925214	0.025692
1.055000	0.934338	0.025697
1.060000	0.923168	0.025700
1.065000	0.871309	0.025693
1.070000	0.899894	0.025699
1.075000	0.973997	0.025696
1.080000	0.988334	0.025696
1.085000	0.966270	0.025698
1.090000	0.930057	0.025702
1.095000	0.951374	0.025708
1.100000	0.954912	0.025697
1.105000	0.987214	0.025703
1.110000	0.992707	0.025701
1.115000	0.966175	0.025705
1.120000	0.956122	0.025703
1.125000	0.940390	0.025712
1.130000	0.947185	0.025718
1.135000	0.946534	0.025715
1.140000	0.956121	0.025712
1.145000	0.932478	0.025707
1.150000	0.956122	0.025705
1.155000	0.998200	0.025701
1.160000	0.994014	0.025695
1.165000	0.963664	0.025696
1.170000	0.959287	0.025706
1.175000	1.007324	0.025699
1.180000	1.030781	0.025702
1.185000	0.993918	0.025701
1.190000	0.974091	0.025694
1.195000	0.995225	0.025693
1.200000	1.014582	0.025703
1.205000	1.014213	0.025699
1.210000	1.016909	0.025703
1.215000	0.958729	0.025703
1.220000	0.945642	0.070500
1.225000	1.004151	0.025710
1.230000	1.003040	0.025702
1.235000	0.993635	0.025707
1.240000	1.006759	0.025709
1.245000	1.018580	0.025709
1.250000	0.999502	0.025702
1.255000	1.007420	0.025696
1.260000	1.022220	0.025698
1.265000	0.964782	0.025693
1.270000	0.986006	0.025698
1.275000	1.023051	0.025706
1.280000	1.019987	0.025697
1.285000	0.998851	0.025701
1.290000	0.993454	0.025697
1.295000	1.000055	0.025711
1.300000	1.026958	0.025708
1.305000	1.043527	0.025708
1.310000	1.033942	0.025705
1.315000	1.000336	0.025708
1.320000	1.006752	0.025718
1.325000	1.015698	0.025704
1.330000	1.012245	0.025715
1.335000	1.036815	0.025718
1.340000	1.053743	0.025726
1.345000	0.945642	0.070500
1.350000	0.945642	0.070500
1.355000	1.062830	0.025882
1.360000	0.990614	0.025958
1.365000	0.963778	0.026026
1.370000	0.976246	0.026162
1.375000	1.023594	0.026019
1.380000	0.927310	0.025912
1.385000	0.945642	0.070500
1.390000	0.945642	0.070500
1.395000	1.038542	0.025921
1.400000	0.994570	0.025857
1.405000	0.945642	0.070500
1.410000	0.994705	0.025787
1.415000	0.968759	0.025787
1.420000	1.014992	0.025770
1.425000	1.039740	0.025765
1.430000	1.049766	0.025781
1.435000	1.031576	0.025743
1.440000	0.989622	0.025726
1.445000	0.988322	0.025720
1.450000	1.008706	0.025718
1.455000	0.967105	0.025708
1.460000	0.953421	0.025716
1.465000	0.957328	0.025735
1.470000	0.977707	0.025734
1.475000	0.976318	0.025715
1.480000	1.003572	0.025740
1.485000	1.013168	0.025725
1.490000	0.982370	0.025711
1.495000	0.920191	0.025708
1.500000	0.949233	0.025708
1.505000	0.982367	0.025718
1.510000	0.931455	0.025711
1.515000	0.928848	0.025707
1.520000	0.961522	0.025699
1.525000	0.923357	0.025712
1.530000	0.940298	0.025717
1.535000	1.007039	0.025706
1.540000	1.009456	0.025712
1.545000	0.992711	0.025694
1.550000	1.009716	0.025736
1.555000	0.923354	0.025701
1.560000	0.980419	0.025701
1.565000	0.978558	0.025699
1.570000	0.963848	0.025704
1.575000	1.018021	0.025709
1.580000	1.033839	0.025715
1.585000	0.957144	0.025721
1.590000	0.926057	0.025714
1.595000	0.937038	0.025699
1.600000	0.923447	0.025700
1.605000	0.886678	0.025703
1.610000	0.890395	0.025695
1.615000	0.902505	0.025708
1.620000	0.901383	0.025698
1.625000	0.936107	0.025700
1.630000	0.954539	0.025707
1.635000	0.955563	0.025707
1.640000	0.940018	0.025704
1.645000	0.940484	0.025720
1.650000	0.941135	0.025712
1.655000	0.966265	0.025720
1.660000	1.003957	0.025722
1.665000	0.958074	0.025723
1.670000	0.958633	0.025717
1.675000	1.012616	0.025718
1.680000	1.000050	0.025719
1.685000	0.942624	0.025710
1.690000	0.897013	0.025707
1.695000	0.830271	0.025707
1.700000	0.802153	0.025703
1.705000	0.804475	0.025700
1.710000	0.876074	0.025714
1.715000	0.961239	0.025720
1.720000	0.994369	0.025724
1.725000	0.934899	0.025714
1.730000	0.971664	0.025716
1.735000	0.987293	0.025730
1.740000	0.931270	0.025717
1.745000	0.905859	0.025715
1.750000	0.913030	0.025725
1.755000	0.867148	0.025724
1.760000	0.903067	0.025714
1.765000	1.017259	0.025729
1.770000	0.935087	0.025728
1.775000	0.869098	0.025719
1.780000	0.976031	0.025736
1.785000	1.092596	0.025753
1.790000	1.047538	0.025777
1.795000	0.972953	0.025759
1.800000	1.019083	0.025772
1.805000	0.956762	0.025791
1.810000	0.929894	0.025827
1.815000	0.997454	0.025852
1.820000	0.967331	0.025915
1.825000	0.848794	0.026026
1.830000	0.945642	0.070500
1.835000	0.945642	0.070500
1.840000	0.945642	0.070500
1.845000	0.930384	0.026460
1.850000	0.956865	0.026396
1.855000	0.834793	0.026435
1.860000	0.945642	0.070500
1.865000	0.929836	0.026486
1.870000	1.075263	0.026760
1.875000	0.927536	0.026512
1.880000	0.914336	0.026222
1.885000	1.045976	0.026069
1.890000	0.985100	0.026038
1.895000	0.847550	0.026149
1.900000	0.874522	0.026287
1.905000	0.978375	0.026392
1.910000	1.043045	0.026273
1.915000	0.964495	0.026134
1.920000	0.943748	0.025989
1.925000	1.048048	0.026117
1.930000	0.970576	0.025930
1.935000	1.014121	0.025924
1.940000	0.956931	0.025912
1.945000	0.882807	0.025878
1.950000	0.943282	0.025916
1.955000	0.853374	0.025892
1.960000	0.817622	0.025836
1.965000	1.003605	0.025826
1.970000	0.983418	0.025862
1.975000	0.892211	0.025768
1.980000	0.918536	0.025771
1.985000	0.927282	0.025784
1.990000	0.942814	0.025802
1.995000	0.879497	0.025804
2.000000	0.838073	0.025838
2.005000	0.846427	0.025908
2.010000	0.944025	0.025926
2.015000	0.930841	0.025924
2.020000	0.958151	0.025827
2.025000	1.004143	0.025854
2.030000	0.884675	0.025765
2.035000	0.949789	0.025766
2.040000	0.967918	0.025800
2.045000	0.812878	0.025775
2.050000	0.851867	0.025791
2.055000	0.861263	0.025794
2.060000	0.870581	0.025816
2.065000	0.896701	0.025811
2.070000	0.935281	0.025795
2.075000	1.020071	0.025812
2.080000	0.975633	0.025809
2.085000	0.955091	0.025762
2.090000	0.915755	0.025797
2.095000	0.898349	0.025767
2.100000	0.996480	0.025773
2.105000	0.958715	0.025792
2.110000	0.942534	0.025783
2.115000	0.949136	0.025798
2.120000	0.921514	0.025777
2.125000	0.911472	0.025784
2.130000	0.879938	0.025774
2.135000	0.919663	0.025806
2.140000	0.970619	0.025785
2.145000	0.887387	0.025787
2.150000	0.784131	0.025771
2.155000	0.861654	0.025813
2.160000	0.883390	0.025789
2.165000	0.841560	0.025802
2.170000	0.911946	0.025805
2.175000	0.966336	0.025807
2.180000	0.958337	0.025832
2.185000	0.932221	0.025848
2.190000	0.953222	0.025857
2.195000	0.999960	0.025857
2.200000	0.945642	0.070500
2.205000	0.945642	0.070500
2.210000	0.935382	0.025861
2.215000	0.889942	0.025852
2.220000	0.919854	0.025823
2.225000	1.000229	0.025872
2.230000	0.895328	0.025847
2.235000	0.935939	0.025851
2.240000	1.003479	0.025874
2.245000	0.943745	0.025867
2.250000	0.977455	0.025907
2.255000	0.939845	0.025900
2.260000	0.894504	0.025866
2.265000	0.947925	0.025903
2.270000	1.063198	0.025884
2.275000	0.981880	0.025981
2.280000	0.878921	0.025898
2.285000	0.984980	0.025900
2.290000	0.936316	0.025900
2.295000	0.956651	0.025929
2.300000	0.918122	0.025925
2.305000	0.955542	0.025881
2.310000	1.007878	0.025955
2.315000	0.848666	0.025916
2.320000	0.850042	0.025901
2.325000	0.984325	0.025911
2.330000	0.995082	0.025934
2.335000	1.055784	0.025942
2.340000	1.089942	0.026048
2.345000	0.901418	0.025940
2.350000	0.924628	0.025954
2.355000	1.073325	0.026063
2.360000	1.094406	0.025989
2.365000	0.987324	0.026040
2.370000	1.068394	0.026014
2.375000	1.082202	0.026076
2.380000	0.979369	0.025993
2.385000	1.066391	0.025988
2.390000	1.109092	0.025975
2.395000	0.848510	0.026020
2.400000	0.841523	0.025996
2.405000	1.064706	0.026063
2.410000	0.938834	0.026034
2.415000	0.992838	0.026124
2.420000	0.976652	0.026065
2.425000	0.858278	0.026049
2.430000	0.864732	0.026014
2.435000	0.870549	0.026088
2.440000	0.958024	0.026054
2.445000	0.945642	0.070500
2.450000	1.053904	0.026241
