0.450000	nan	nan
0.455000	nan	nan
0.460000	nan	nan
0.465000	nan	nan
0.470000	nan	nan
0.475000	nan	nan
0.480000	nan	nan
0.485000	nan	nan
0.490000	nan	nan
0.495000	nan	nan
0.500000	nan	nan
0.505000	nan	nan
0.510000	nan	nan
0.515000	nan	nan
0.520000	nan	nan
0.525000	nan	nan
0.530000	nan	nan
0.535000	nan	nan
0.540000	nan	nan
0.545000	nan	nan
0.550000	nan	nan
0.555000	nan	nan
0.560000	nan	nan
0.565000	nan	nan
0.570000	nan	nan
0.575000	nan	nan
0.580000	nan	nan
0.585000	nan	nan
0.590000	nan	nan
0.595000	nan	nan
0.600000	nan	nan
0.605000	nan	nan
0.610000	nan	nan
0.615000	nan	nan
0.620000	nan	nan
0.625000	nan	nan
0.630000	nan	nan
0.635000	nan	nan
0.640000	nan	nan
0.645000	nan	nan
0.650000	nan	nan
0.655000	nan	nan
0.660000	nan	nan
0.665000	nan	nan
0.670000	nan	nan
0.675000	1.360157	0.033294
0.680000	1.373112	0.030261
0.685000	1.384544	0.027749
0.690000	1.394403	0.025729
0.695000	1.402659	0.024158
0.700000	1.409294	0.022980
0.705000	1.414313	0.022131
0.710000	1.417731	0.021543
0.715000	1.419585	0.021152
0.720000	1.419922	0.020901
0.725000	1.418806	0.020743
0.730000	1.416315	0.020642
0.735000	1.412536	0.020572
0.740000	1.407569	0.020517
0.745000	1.401522	0.020466
0.750000	1.394511	0.020413
0.755000	1.386654	0.020357
0.760000	1.378078	0.020299
0.765000	1.368909	0.020239
0.770000	1.359271	0.020180
0.775000	1.349291	0.020123
0.780000	1.339089	0.020072
0.785000	1.328780	0.020026
0.790000	1.318474	0.019986
0.795000	1.308273	0.019953
0.800000	1.298267	0.019926
0.805000	1.288538	0.019904
0.810000	1.279157	0.019886
0.815000	1.270181	0.019872
0.820000	1.261656	0.019859
0.825000	1.253615	0.019848
0.830000	1.246078	0.019837
0.835000	1.239054	0.019827
0.840000	1.232537	0.019816
0.845000	1.226512	0.019805
0.850000	1.220953	0.019794
0.855000	1.215822	0.019782
0.860000	1.211076	0.019771
0.865000	1.206661	0.019760
0.870000	1.202520	0.019750
0.875000	1.198588	0.019740
0.880000	1.194801	0.019731
0.885000	1.191090	0.019723
0.890000	1.187388	0.019716
0.895000	1.183629	0.019710
0.900000	1.179749	0.019704
0.905000	1.175689	0.019699
0.910000	1.171397	0.019694
0.915000	1.166825	0.019690
0.920000	1.161935	0.019685
0.925000	1.156696	0.019680
0.930000	1.151089	0.019675
0.935000	1.145100	0.019670
0.940000	1.138730	0.019665
0.945000	1.131988	0.019659
0.950000	1.124893	0.019654
0.955000	1.117473	0.019648
0.960000	1.109768	0.019643
0.965000	1.101824	0.019637
0.970000	1.093696	0.019632
0.975000	1.085446	0.019627
0.980000	1.077143	0.019623
0.985000	1.068858	0.019619
0.990000	1.060668	0.019615
0.995000	1.052652	0.019611
1.000000	1.044888	0.019608
1.005000	1.037457	0.019605
1.010000	1.030434	0.019603
1.015000	1.023894	0.019600
1.020000	1.017908	0.019598
1.025000	1.012539	0.019596
1.030000	1.007847	0.019595
1.035000	1.003880	0.019594
1.040000	1.000684	0.019594
1.045000	0.998291	0.019595
1.050000	0.996726	0.019596
1.055000	0.996005	0.019599
1.060000	0.996134	0.019602
1.065000	0.997109	0.019607
1.070000	0.998915	0.019613
1.075000	1.001532	0.019619
1.080000	1.004927	0.019627
1.085000	1.009062	0.019635
1.090000	1.013890	0.019644
1.095000	1.019358	0.019653
1.100000	1.025408	0.019662
1.105000	1.031977	0.019670
1.110000	1.038999	0.019678
1.115000	1.046406	0.019685
1.120000	1.054126	0.019691
1.125000	1.062091	0.019696
1.130000	1.070232	0.019699
1.135000	1.078481	0.019701
1.140000	1.086774	0.019702
1.145000	1.095051	0.019700
1.150000	1.103258	0.019698
1.155000	1.111343	0.019695
1.160000	1.119263	0.019691
1.165000	1.126981	0.019687
1.170000	1.134466	0.019683
1.175000	1.141695	0.019679
1.180000	1.148652	0.019676
1.185000	1.155327	0.019674
1.190000	1.161720	0.019673
1.195000	1.167836	0.019672
1.200000	1.173686	0.019673
1.205000	1.179290	0.019674
1.210000	1.184670	0.019676
1.215000	1.189856	0.019679
1.220000	1.194882	0.019682
1.225000	1.199784	0.019684
1.230000	1.204603	0.019687
1.235000	1.209380	0.019689
1.240000	1.214161	0.019690
1.245000	1.218990	0.019691
1.250000	1.223911	0.019692
1.255000	1.228969	0.019693
1.260000	1.234207	0.019696
1.265000	1.239667	0.019700
1.270000	1.245385	0.019707
1.275000	1.251399	0.019718
1.280000	1.257742	0.019734
1.285000	1.264441	0.019755
1.290000	1.271522	0.019784
1.295000	1.279006	0.019820
1.300000	1.286911	0.019864
1.305000	1.295250	0.019916
1.310000	1.304030	0.019976
1.315000	1.313259	0.020043
1.320000	1.322936	0.020117
1.325000	1.333060	0.020196
1.330000	1.343626	0.020278
1.335000	1.354626	0.020362
1.340000	1.366049	0.020445
1.345000	1.377881	0.020526
1.350000	1.390110	0.020602
1.355000	1.402718	0.020671
1.360000	1.415689	0.020731
1.365000	1.429006	0.020780
1.370000	1.442649	0.020818
1.375000	1.456602	0.020843
1.380000	1.470847	0.020854
1.385000	1.485367	0.020853
1.390000	1.500144	0.020839
1.395000	1.515165	0.020813
1.400000	1.530413	0.020776
1.405000	1.545876	0.020731
1.410000	1.561541	0.020678
1.415000	1.577397	0.020620
1.420000	1.593434	0.020558
1.425000	1.609642	0.020496
1.430000	1.626013	0.020435
1.435000	1.642539	0.020377
1.440000	1.659213	0.020323
1.445000	1.676028	0.020274
1.450000	1.692976	0.020232
1.455000	1.710052	0.020196
1.460000	1.727248	0.020168
1.465000	1.744556	0.020146
1.470000	1.761969	0.020130
1.475000	1.779477	0.020119
1.480000	1.797070	0.020113
1.485000	1.814738	0.020109
1.490000	1.832468	0.020108
1.495000	1.850248	0.020109
1.500000	1.868062	0.020109
1.505000	1.885895	0.020109
1.510000	1.903730	0.020108
1.515000	1.921548	0.020106
1.520000	1.939331	0.020102
1.525000	1.957058	0.020097
1.530000	1.974708	0.020091
1.535000	1.992260	0.020084
1.540000	2.009691	0.020076
1.545000	2.026978	0.020068
1.550000	2.044100	0.020062
1.555000	2.061034	0.020056
1.560000	2.077757	0.020051
1.565000	2.094248	0.020048
1.570000	2.110486	0.020048
1.575000	2.126450	0.020049
1.580000	2.142123	0.020052
1.585000	2.157485	0.020057
1.590000	2.172522	0.020063
1.595000	2.187218	0.020070
1.600000	2.201560	0.020079
1.605000	2.215536	0.020088
1.610000	2.229137	0.020097
1.615000	2.242355	0.020106
1.620000	2.255185	0.020115
1.625000	2.267620	0.020123
1.630000	2.279660	0.020131
1.635000	2.291304	0.020140
1.640000	2.302552	0.020148
1.645000	2.313407	0.020157
1.650000	2.323874	0.020166
1.655000	2.333957	0.020176
1.660000	2.343664	0.020188
1.665000	2.353003	0.020201
1.670000	2.361984	0.020216
1.675000	2.370616	0.020232
1.680000	2.378911	0.020249
1.685000	2.386882	0.020268
1.690000	2.394541	0.020287
1.695000	2.401901	0.020307
1.700000	2.408978	0.020327
1.705000	2.415786	0.020347
1.710000	2.422341	0.020366
1.715000	2.428657	0.020385
1.720000	2.434751	0.020402
1.725000	2.440639	0.020420
1.730000	2.446337	0.020438
1.735000	2.451861	0.020458
1.740000	2.457229	0.020480
1.745000	2.462455	0.020508
1.750000	2.467557	0.020542
1.755000	2.472550	0.020586
1.760000	2.477450	0.020642
1.765000	2.482272	0.020713
1.770000	2.487029	0.020801
1.775000	2.491736	0.020908
1.780000	2.496406	0.021037
1.785000	2.501051	0.021188
1.790000	2.505680	0.021362
1.795000	2.510304	0.021559
1.800000	2.514930	0.021777
1.805000	2.519564	0.022014
1.810000	2.524212	0.022267
1.815000	2.528876	0.022532
1.820000	2.533556	0.022805
1.825000	2.538251	0.023080
1.830000	2.542957	0.023352
1.835000	2.547670	0.023616
1.840000	2.552381	0.023865
1.845000	2.557079	0.024094
1.850000	2.561753	0.024299
1.855000	2.566388	0.024475
1.860000	2.570968	0.024618
1.865000	2.575474	0.024725
1.870000	2.579886	0.024795
1.875000	2.584184	0.024825
1.880000	2.588344	0.024816
1.885000	2.592344	0.024768
1.890000	2.596159	0.024684
1.895000	2.599764	0.024566
1.900000	2.603136	0.024418
1.905000	2.606252	0.024244
1.910000	2.609087	0.024049
1.915000	2.611621	0.023838
1.920000	2.613833	0.023618
1.925000	2.615706	0.023393
1.930000	2.617223	0.023170
1.935000	2.618372	0.022955
1.940000	2.619143	0.022751
1.945000	2.619527	0.022564
1.950000	2.619523	0.022397
1.955000	2.619130	0.022251
1.960000	2.618352	0.022128
1.965000	2.617196	0.022029
1.970000	2.615674	0.021953
1.975000	2.613801	0.021898
1.980000	2.611595	0.021862
1.985000	2.609080	0.021841
1.990000	2.606280	0.021834
1.995000	2.603225	0.021836
2.000000	2.599945	0.021844
2.005000	2.596476	0.021856
2.010000	2.592852	0.021867
2.015000	2.589111	0.021877
2.020000	2.585293	0.021882
2.025000	2.581436	0.021883
2.030000	2.577580	0.021877
2.035000	2.573766	0.021865
2.040000	2.570031	0.021848
2.045000	2.566414	0.021824
2.050000	2.562951	0.021796
2.055000	2.559677	0.021765
2.060000	2.556624	0.021731
2.065000	2.553822	0.021696
2.070000	2.551299	0.021662
2.075000	2.549077	0.021629
2.080000	2.547178	0.021600
2.085000	2.545618	0.021574
2.090000	2.544413	0.021553
2.095000	2.543573	0.021536
2.100000	2.543105	0.021525
2.105000	2.543013	0.021520
2.110000	2.543297	0.021519
2.115000	2.543956	0.021524
2.120000	2.544984	0.021533
2.125000	2.546374	0.021547
2.130000	2.548116	0.021564
2.135000	2.550198	0.021585
2.140000	2.552605	0.021608
2.145000	2.555324	0.021634
2.150000	2.558337	0.021661
2.155000	2.561626	0.021690
2.160000	2.565175	0.021721
2.165000	2.568964	0.021752
2.170000	2.572974	0.021784
2.175000	2.577187	0.021817
2.180000	2.581584	0.021850
2.185000	2.586146	0.021885
2.190000	2.590855	0.021920
2.195000	2.595692	0.021957
2.200000	2.600640	0.021994
2.205000	2.605682	0.022033
2.210000	2.610800	0.022073
2.215000	2.615976	0.022114
2.220000	2.621193	0.022157
2.225000	2.626434	0.022202
2.230000	2.631680	0.022248
2.235000	2.636914	0.022295
2.240000	2.642114	0.022344
2.245000	2.647263	0.022395
2.250000	2.652337	0.022446
2.255000	2.657316	0.022499
2.260000	2.662174	0.022554
2.265000	2.666887	0.022609
2.270000	2.671427	0.022667
2.275000	2.675767	0.022725
2.280000	2.679877	0.022786
2.285000	2.683724	0.022849
2.290000	2.687277	0.022915
2.295000	2.690501	0.022985
2.300000	2.693360	0.023060
2.305000	2.695819	0.023140
2.310000	2.697841	0.023226
2.315000	2.699389	0.023319
2.320000	2.700424	0.023421
2.325000	2.700912	0.023531
2.330000	2.700815	0.023650
2.335000	2.700098	0.023778
2.340000	2.698729	0.023915
2.345000	2.696676	0.024060
2.350000	2.693910	0.024213
2.355000	2.690405	0.024371
2.360000	2.686138	0.024534
2.365000	2.681091	0.024700
2.370000	2.675247	0.024870
2.375000	2.668597	0.025045
2.380000	2.661134	0.025226
2.385000	2.652856	0.025420
2.390000	2.643766	0.025635
2.395000	2.633874	0.025883
2.400000	2.623193	0.026184
2.405000	2.611742	0.026562
2.410000	2.599545	0.027049
2.415000	2.586631	0.027682
2.420000	2.573033	0.028506
2.425000	2.558790	0.029569
2.430000	2.543946	0.030921
2.435000	2.528546	0.032612
2.440000	2.512641	0.034685
2.445000	2.496284	0.037178
2.450000	2.479532	0.040120
