0.450000	nan	nan
0.455000	nan	nan
0.460000	nan	nan
0.465000	nan	nan
0.470000	nan	nan
0.475000	nan	nan
0.480000	nan	nan
0.485000	nan	nan
0.490000	nan	nan
0.495000	nan	nan
0.500000	nan	nan
0.505000	nan	nan
0.510000	nan	nan
0.515000	nan	nan
0.520000	nan	nan
0.525000	nan	nan
0.530000	nan	nan
0.535000	nan	nan
0.540000	nan	nan
0.545000	nan	nan
0.550000	nan	nan
0.555000	nan	nan
0.560000	nan	nan
0.565000	nan	nan
0.570000	nan	nan
0.575000	nan	nan
0.580000	nan	nan
0.585000	nan	nan
0.590000	nan	nan
0.595000	nan	nan
0.600000	nan	nan
0.605000	nan	nan
0.610000	nan	nan
0.615000	nan	nan
0.620000	nan	nan
0.625000	nan	nan
0.630000	nan	nan
0.635000	nan	nan
0.640000	nan	nan
0.645000	nan	nan
0.650000	nan	nan
0.655000	nan	nan
0.660000	nan	nan
0.665000	nan	nan
0.670000	nan	nan
0.675000	nan	nan
0.680000	nan	nan
0.685000	nan	nan
0.690000	nan	nan
0.695000	nan	nan
0.700000	nan	nan
0.705000	nan	nan
0.710000	nan	nan
0.715000	nan	nan
0.720000	nan	nan
0.725000	nan	nan
0.730000	nan	nan
0.735000	nan	nan
0.740000	nan	nan
0.745000	nan	nan
0.750000	1.131230	0.140356
0.755000	1.114191	0.140353
0.760000	1.133102	0.140322
0.765000	1.154926	0.140309
0.770000	1.138248	0.140298
0.775000	1.127960	0.140295
0.780000	1.157348	0.140302
0.785000	1.112048	0.140290
0.790000	1.097602	0.140285
0.795000	1.106216	0.140279
0.800000	1.098087	0.140272
0.805000	1.075986	0.140276
0.810000	1.104055	0.140285
0.815000	1.102258	0.140281
0.820000	1.110680	0.140274
0.825000	1.111593	0.140285
0.830000	1.130114	0.140280
0.835000	1.119714	0.140290
0.840000	1.060498	0.140267
0.845000	1.038627	0.140283
0.850000	1.054815	0.140269
0.855000	1.032482	0.140260
0.860000	1.014320	0.140258
0.865000	1.053723	0.140267
0.870000	1.036873	0.140254
0.875000	1.030953	0.140262
0.880000	1.026166	0.140264
0.885000	0.997949	0.140256
0.890000	1.030931	0.140255
0.895000	1.018424	0.140261
0.900000	0.967450	0.140255
0.905000	0.982143	0.140267
0.910000	1.006623	0.140251
0.915000	0.989808	0.140251
0.920000	0.990638	0.140251
0.925000	1.013845	0.140268
0.930000	1.003870	0.140267
0.935000	0.999291	0.140272
0.940000	1.010043	0.140259
0.945000	1.029007	0.140272
0.950000	1.043432	0.140267
0.955000	0.976795	0.140257
0.960000	0.989864	0.140264
0.965000	1.005723	0.140250
0.970000	0.959082	0.140256
0.975000	0.989688	0.140253
0.980000	1.004079	0.140238
0.985000	0.999432	0.140243
0.990000	1.009989	0.140245
0.995000	1.026775	0.140236
1.000000	1.023593	0.140240
1.005000	1.024948	0.140244
1.010000	1.026091	0.140242
1.015000	1.040857	0.140240
1.020000	1.065180	0.140249
1.025000	1.069763	0.140241
1.030000	1.063487	0.140237
1.035000	1.041436	0.140241
1.040000	1.041364	0.140238
1.045000	1.054219	0.140239
1.050000	1.053841	0.140241
1.055000	1.073813	0.140249
1.060000	1.087100	0.140244
1.065000	1.097651	0.140244
1.070000	1.088372	0.140241
1.075000	1.055638	0.140243
1.080000	1.077018	0.140253
1.085000	1.100406	0.140248
1.090000	1.060977	0.140255
1.095000	1.018375	0.140248
1.100000	1.042038	0.140250
1.105000	1.097218	0.140252
1.110000	1.087405	0.140267
1.115000	1.035888	0.140266
1.120000	1.052078	0.140295
1.125000	1.054721	0.140281
1.130000	1.039878	0.140336
1.135000	1.019390	0.140264
1.140000	1.063948	0.140291
1.145000	1.107682	0.140277
1.150000	1.098591	0.140302
1.155000	1.028163	0.140268
1.160000	1.047398	0.140290
1.165000	1.099609	0.140266
1.170000	1.081967	0.140265
1.175000	1.088029	0.140260
1.180000	1.130591	0.140252
1.185000	1.144222	0.140267
1.190000	1.140007	0.140270
1.195000	1.145748	0.140258
1.200000	1.121654	0.140262
1.205000	1.129210	0.140273
1.210000	1.152679	0.140293
1.215000	1.146137	0.140264
1.220000	1.142428	0.140263
1.225000	1.127279	0.140262
1.230000	1.141156	0.140268
1.235000	1.118145	0.140266
1.240000	1.115328	0.140263
1.245000	1.151248	0.140261
1.250000	1.144093	0.140265
1.255000	1.125549	0.140259
1.260000	1.091918	0.140255
1.265000	1.138723	0.140264
1.270000	1.204617	0.140275
1.275000	1.199505	0.140272
1.280000	1.207172	0.140278
1.285000	1.130563	0.140282
1.290000	1.099664	0.140261
1.295000	1.182953	0.140267
1.300000	1.180461	0.140271
1.305000	1.104741	0.140277
1.310000	1.109572	0.140261
1.315000	1.177653	0.140285
1.320000	1.212540	0.140276
1.325000	1.215786	0.140301
1.330000	1.194903	0.140276
1.335000	1.199886	0.140286
1.340000	1.152189	0.140320
1.345000	1.124694	0.140382
1.350000	1.173897	0.140510
1.355000	1.190484	0.182459
1.360000	1.190484	0.182459
1.365000	1.190484	0.182459
1.370000	1.190484	0.182459
1.375000	1.190484	0.182459
1.380000	1.136948	0.144257
1.385000	1.246401	0.143455
1.390000	1.190484	0.182459
1.395000	1.257345	0.142713
1.400000	1.207740	0.141851
1.405000	1.190484	0.182459
1.410000	1.235560	0.141266
1.415000	1.190484	0.182459
1.420000	1.240064	0.140725
1.425000	1.312749	0.140572
1.430000	1.309852	0.140537
1.435000	1.196787	0.140534
1.440000	1.298170	0.140503
1.445000	1.190484	0.182459
1.450000	1.304068	0.140456
1.455000	1.213322	0.140378
1.460000	1.234633	0.140364
1.465000	1.238861	0.140345
1.470000	1.377454	0.140378
1.475000	1.190484	0.182459
1.480000	1.281519	0.140395
1.485000	1.248757	0.140341
1.490000	1.327029	0.140328
1.495000	1.371725	0.140342
1.500000	1.296814	0.140309
1.505000	1.391681	0.140315
1.510000	1.190484	0.182459
1.515000	1.369384	0.140319
1.520000	1.281317	0.140299
1.525000	1.191389	0.140286
1.530000	1.282176	0.140284
1.535000	1.361898	0.140324
1.540000	1.318404	0.140307
1.545000	1.306927	0.140300
1.550000	1.346620	0.140290
1.555000	1.300105	0.140295
1.560000	1.196117	0.140279
1.565000	1.245106	0.140296
1.570000	1.269410	0.140316
1.575000	1.271416	0.140300
1.580000	1.315567	0.140318
1.585000	1.329624	0.140292
1.590000	1.358359	0.140313
1.595000	1.334682	0.140309
1.600000	1.282518	0.140305
1.605000	1.165968	0.140298
1.610000	1.190484	0.182459
1.615000	1.258997	0.140320
1.620000	1.234228	0.140318
1.625000	1.163795	0.140295
1.630000	1.263890	0.140293
1.635000	1.228872	0.140309
1.640000	1.263150	0.140318
1.645000	1.347276	0.140324
1.650000	1.288207	0.140303
1.655000	1.259001	0.140317
1.660000	1.281997	0.140311
1.665000	1.245741	0.140355
1.670000	1.228562	0.140297
1.675000	1.280988	0.140304
1.680000	1.251554	0.140299
1.685000	1.273047	0.140317
1.690000	1.272359	0.140309
1.695000	1.182769	0.140315
1.700000	1.190484	0.182459
1.705000	1.098418	0.140312
1.710000	1.204351	0.140310
1.715000	1.275580	0.140329
1.720000	1.352784	0.140338
1.725000	1.326735	0.140387
1.730000	1.199562	0.140309
1.735000	1.169887	0.140352
1.740000	1.143481	0.140360
1.745000	1.144923	0.140332
1.750000	1.141097	0.140336
1.755000	1.161596	0.140358
1.760000	1.202740	0.140367
1.765000	1.201337	0.140368
1.770000	1.278539	0.140421
1.775000	1.312847	0.140409
1.780000	1.254209	0.140417
1.785000	1.294929	0.140443
1.790000	1.342627	0.140483
1.795000	1.289748	0.140485
1.800000	1.227676	0.140536
1.805000	1.314530	0.140865
1.810000	1.190484	0.182459
1.815000	1.227843	0.141131
1.820000	1.190484	0.182459
1.825000	1.190484	0.182459
1.830000	1.190484	0.182459
1.835000	1.190834	0.155423
1.840000	1.190484	0.182459
1.845000	1.243831	0.167064
1.850000	1.223190	0.172310
1.855000	1.190484	0.182459
1.860000	1.216456	0.163321
1.865000	1.175582	0.163111
1.870000	1.190484	0.182459
1.875000	1.156151	0.164722
1.880000	1.217141	0.153738
1.885000	1.190484	0.182459
1.890000	1.190484	0.182459
1.895000	1.190484	0.182459
1.900000	1.190484	0.182459
1.905000	1.190484	0.182459
1.910000	1.190484	0.182459
1.915000	1.262223	0.151382
1.920000	1.203006	0.145887
1.925000	1.190484	0.182459
1.930000	1.069493	0.143368
1.935000	1.079007	0.142067
1.940000	1.246126	0.142808
1.945000	1.201271	0.141760
1.950000	1.127034	0.141272
1.955000	1.070452	0.141121
1.960000	1.201216	0.141185
1.965000	1.190484	0.182459
1.970000	1.190484	0.182459
1.975000	1.336438	0.140656
1.980000	1.211342	0.140535
1.985000	1.266738	0.140592
1.990000	1.190484	0.182459
1.995000	1.190484	0.182459
2.000000	1.190484	0.182459
2.005000	1.190484	0.182459
2.010000	1.190484	0.182459
2.015000	1.190484	0.182459
2.020000	1.253376	0.140856
2.025000	1.138128	0.140657
2.030000	1.260325	0.140680
2.035000	1.265143	0.140556
2.040000	1.235243	0.140531
2.045000	1.298419	0.140534
2.050000	1.281450	0.140567
2.055000	1.233415	0.140585
2.060000	1.317945	0.140744
2.065000	1.324071	0.140681
2.070000	1.251030	0.140563
2.075000	1.190484	0.182459
2.080000	1.316656	0.140608
2.085000	1.190484	0.182459
2.090000	1.220947	0.140522
2.095000	1.176120	0.140503
2.100000	1.321500	0.140554
2.105000	1.341720	0.140630
2.110000	1.289302	0.140578
2.115000	1.316829	0.140567
2.120000	1.328378	0.140637
2.125000	1.275071	0.140583
2.130000	1.289371	0.140576
2.135000	1.367978	0.140631
2.140000	1.306388	0.140577
2.145000	1.176592	0.140595
2.150000	1.158663	0.140648
2.155000	1.237447	0.140617
2.160000	1.213441	0.140530
2.165000	1.168937	0.140654
2.170000	1.328322	0.140701
2.175000	1.397463	0.140648
2.180000	1.292492	0.140602
2.185000	1.307639	0.140818
2.190000	1.330906	0.140684
2.195000	1.262568	0.140621
2.200000	1.311938	0.140667
2.205000	1.420836	0.140732
2.210000	1.413645	0.140700
2.215000	1.353384	0.140781
2.220000	1.148558	0.140549
2.225000	1.190484	0.182459
2.230000	1.135941	0.140573
2.235000	1.298875	0.140698
2.240000	1.364977	0.140723
2.245000	1.197397	0.140712
2.250000	1.112586	0.140623
2.255000	1.250076	0.140717
2.260000	1.312931	0.140849
2.265000	1.271947	0.140665
2.270000	1.378312	0.140874
2.275000	1.457662	0.140893
2.280000	1.342552	0.140747
2.285000	1.385713	0.140885
2.290000	1.374207	0.140940
2.295000	1.139392	0.140891
2.300000	1.190484	0.182459
2.305000	1.119912	0.140815
2.310000	1.278741	0.140762
2.315000	1.375487	0.140886
2.320000	1.465581	0.141191
2.325000	1.373151	0.140903
2.330000	1.286855	0.140878
2.335000	1.235290	0.141088
2.340000	1.147699	0.140938
2.345000	1.215696	0.141191
2.350000	1.451675	0.141303
2.355000	1.329176	0.141464
2.360000	1.173264	0.140872
2.365000	1.230763	0.140944
2.370000	1.369631	0.141250
2.375000	1.190484	0.182459
2.380000	1.190484	0.182459
2.385000	1.190484	0.182459
2.390000	1.190484	0.182459
2.395000	1.437882	0.141733
2.400000	1.375893	0.141613
2.405000	1.209186	0.141482
2.410000	1.265613	0.141727
2.415000	1.190484	0.182459
2.420000	1.190484	0.182459
2.425000	1.195122	0.141933
2.430000	1.406289	0.141944
2.435000	nan	nan
2.440000	nan	nan
2.445000	nan	nan
2.450000	nan	nan
