0.450000	nan	nan
0.455000	nan	nan
0.460000	nan	nan
0.465000	nan	nan
0.470000	nan	nan
0.475000	nan	nan
0.480000	nan	nan
0.485000	nan	nan
0.490000	nan	nan
0.495000	nan	nan
0.500000	nan	nan
0.505000	nan	nan
0.510000	nan	nan
0.515000	nan	nan
0.520000	nan	nan
0.525000	nan	nan
0.530000	nan	nan
0.535000	nan	nan
0.540000	nan	nan
0.545000	nan	nan
0.550000	nan	nan
0.555000	nan	nan
0.560000	nan	nan
0.565000	nan	nan
0.570000	nan	nan
0.575000	nan	nan
0.580000	nan	nan
0.585000	nan	nan
0.590000	nan	nan
0.595000	nan	nan
0.600000	nan	nan
0.605000	nan	nan
0.610000	nan	nan
0.615000	nan	nan
0.620000	nan	nan
0.625000	nan	nan
0.630000	nan	nan
0.635000	nan	nan
0.640000	nan	nan
0.645000	nan	nan
0.650000	nan	nan
0.655000	nan	nan
0.660000	nan	nan
0.665000	nan	nan
0.670000	nan	nan
0.675000	nan	nan
0.680000	nan	nan
0.685000	nan	nan
0.690000	nan	nan
0.695000	nan	nan
0.700000	nan	nan
0.705000	nan	nan
0.710000	nan	nan
0.715000	nan	nan
0.720000	nan	nan
0.725000	nan	nan
0.730000	nan	nan
0.735000	nan	nan
0.740000	nan	nan
0.745000	nan	nan
0.750000	nan	nan
0.755000	nan	nan
0.760000	nan	nan
0.765000	nan	nan
0.770000	nan	nan
0.775000	1.239837	0.011826
0.780000	1.230160	0.011501
0.785000	1.220458	0.011265
0.790000	1.210763	0.011101
0.795000	1.201107	0.010992
0.800000	1.191519	0.010924
0.805000	1.182029	0.010885
0.810000	1.172662	0.010865
0.815000	1.163444	0.010856
0.820000	1.154399	0.010854
0.825000	1.145546	0.010853
0.830000	1.136905	0.010853
0.835000	1.128492	0.010851
0.840000	1.120321	0.010847
0.845000	1.112402	0.010842
0.850000	1.104747	0.010835
0.855000	1.097360	0.010827
0.860000	1.090248	0.010820
0.865000	1.083411	0.010812
0.870000	1.076852	0.010805
0.875000	1.070569	0.010799
0.880000	1.064559	0.010795
0.885000	1.058818	0.010791
0.890000	1.053342	0.010789
0.895000	1.048125	0.010787
0.900000	1.043160	0.010787
0.905000	1.038442	0.010786
0.910000	1.033962	0.010786
0.915000	1.029716	0.010786
0.920000	1.025697	0.010786
0.925000	1.021900	0.010786
0.930000	1.018320	0.010785
0.935000	1.014955	0.010784
0.940000	1.011801	0.010783
0.945000	1.008859	0.010781
0.950000	1.006127	0.010780
0.955000	1.003609	0.010778
0.960000	1.001307	0.010777
0.965000	0.999224	0.010775
0.970000	0.997368	0.010774
0.975000	0.995743	0.010773
0.980000	0.994359	0.010773
0.985000	0.993222	0.010772
0.990000	0.992341	0.010772
0.995000	0.991726	0.010771
1.000000	0.991385	0.010771
1.005000	0.991327	0.010771
1.010000	0.991561	0.010771
1.015000	0.992095	0.010771
1.020000	0.992934	0.010771
1.025000	0.994084	0.010771
1.030000	0.995548	0.010771
1.035000	0.997330	0.010771
1.040000	0.999429	0.010771
1.045000	1.001842	0.010771
1.050000	1.004566	0.010771
1.055000	1.007594	0.010772
1.060000	1.010918	0.010772
1.065000	1.014525	0.010773
1.070000	1.018402	0.010774
1.075000	1.022534	0.010775
1.080000	1.026901	0.010776
1.085000	1.031484	0.010777
1.090000	1.036260	0.010778
1.095000	1.041206	0.010779
1.100000	1.046297	0.010780
1.105000	1.051507	0.010781
1.110000	1.056808	0.010781
1.115000	1.062175	0.010781
1.120000	1.067579	0.010781
1.125000	1.072993	0.010781
1.130000	1.078392	0.010780
1.135000	1.083749	0.010779
1.140000	1.089041	0.010778
1.145000	1.094246	0.010777
1.150000	1.099342	0.010776
1.155000	1.104312	0.010775
1.160000	1.109140	0.010773
1.165000	1.113812	0.010772
1.170000	1.118317	0.010771
1.175000	1.122648	0.010770
1.180000	1.126801	0.010769
1.185000	1.130773	0.010768
1.190000	1.134565	0.010768
1.195000	1.138181	0.010768
1.200000	1.141628	0.010768
1.205000	1.144914	0.010768
1.210000	1.148052	0.010768
1.215000	1.151055	0.010768
1.220000	1.153938	0.010768
1.225000	1.156719	0.010768
1.230000	1.159415	0.010768
1.235000	1.162047	0.010768
1.240000	1.164634	0.010768
1.245000	1.167196	0.010768
1.250000	1.169755	0.010768
1.255000	1.172329	0.010767
1.260000	1.174938	0.010767
1.265000	1.177601	0.010767
1.270000	1.180335	0.010767
1.275000	1.183155	0.010767
1.280000	1.186076	0.010768
1.285000	1.189110	0.010769
1.290000	1.192268	0.010770
1.295000	1.195557	0.010772
1.300000	1.198985	0.010774
1.305000	1.202555	0.010777
1.310000	1.206269	0.010780
1.315000	1.210128	0.010784
1.320000	1.214128	0.010788
1.325000	1.218266	0.010792
1.330000	1.222537	0.010797
1.335000	1.226932	0.010801
1.340000	1.231443	0.010805
1.345000	1.236060	0.010809
1.350000	1.240771	0.010812
1.355000	1.245565	0.010815
1.360000	1.250429	0.010817
1.365000	1.255351	0.010818
1.370000	1.260316	0.010819
1.375000	1.265312	0.010819
1.380000	1.270326	0.010818
1.385000	1.275346	0.010816
1.390000	1.280359	0.010814
1.395000	1.285355	0.010811
1.400000	1.290322	0.010807
1.405000	1.295253	0.010804
1.410000	1.300136	0.010800
1.415000	1.304966	0.010795
1.420000	1.309735	0.010791
1.425000	1.314438	0.010788
1.430000	1.319069	0.010784
1.435000	1.323626	0.010781
1.440000	1.328104	0.010778
1.445000	1.332502	0.010776
1.450000	1.336817	0.010774
1.455000	1.341048	0.010772
1.460000	1.345195	0.010771
1.465000	1.349257	0.010770
1.470000	1.353233	0.010770
1.475000	1.357123	0.010770
1.480000	1.360926	0.010770
1.485000	1.364641	0.010770
1.490000	1.368268	0.010770
1.495000	1.371805	0.010770
1.500000	1.375250	0.010770
1.505000	1.378600	0.010770
1.510000	1.381854	0.010770
1.515000	1.385007	0.010770
1.520000	1.388056	0.010770
1.525000	1.390997	0.010769
1.530000	1.393826	0.010769
1.535000	1.396536	0.010769
1.540000	1.399124	0.010769
1.545000	1.401583	0.010769
1.550000	1.403908	0.010769
1.555000	1.406095	0.010769
1.560000	1.408138	0.010769
1.565000	1.410032	0.010769
1.570000	1.411772	0.010769
1.575000	1.413356	0.010769
1.580000	1.414779	0.010769
1.585000	1.416039	0.010769
1.590000	1.417134	0.010770
1.595000	1.418064	0.010770
1.600000	1.418829	0.010770
1.605000	1.419428	0.010769
1.610000	1.419866	0.010769
1.615000	1.420143	0.010769
1.620000	1.420265	0.010769
1.625000	1.420236	0.010769
1.630000	1.420062	0.010769
1.635000	1.419748	0.010769
1.640000	1.419302	0.010770
1.645000	1.418731	0.010770
1.650000	1.418044	0.010771
1.655000	1.417248	0.010772
1.660000	1.416352	0.010774
1.665000	1.415364	0.010775
1.670000	1.414293	0.010778
1.675000	1.413147	0.010780
1.680000	1.411934	0.010782
1.685000	1.410661	0.010785
1.690000	1.409335	0.010787
1.695000	1.407962	0.010790
1.700000	1.406549	0.010792
1.705000	1.405100	0.010795
1.710000	1.403620	0.010796
1.715000	1.402112	0.010798
1.720000	1.400580	0.010799
1.725000	1.399024	0.010799
1.730000	1.397449	0.010800
1.735000	1.395853	0.010799
1.740000	1.394239	0.010798
1.745000	1.392607	0.010797
1.750000	1.390957	0.010796
1.755000	1.389289	0.010795
1.760000	1.387604	0.010793
1.765000	1.385902	0.010791
1.770000	1.384184	0.010790
1.775000	1.382451	0.010789
1.780000	1.380703	0.010788
1.785000	1.378944	0.010787
1.790000	1.377176	0.010787
1.795000	1.375402	0.010788
1.800000	1.373626	0.010788
1.805000	1.371854	0.010790
1.810000	1.370089	0.010791
1.815000	1.368339	0.010794
1.820000	1.366610	0.010796
1.825000	1.364908	0.010799
1.830000	1.363242	0.010802
1.835000	1.361620	0.010804
1.840000	1.360049	0.010807
1.845000	1.358537	0.010810
1.850000	1.357093	0.010812
1.855000	1.355724	0.010814
1.860000	1.354436	0.010816
1.865000	1.353238	0.010817
1.870000	1.352134	0.010818
1.875000	1.351130	0.010818
1.880000	1.350230	0.010818
1.885000	1.349438	0.010818
1.890000	1.348754	0.010817
1.895000	1.348181	0.010816
1.900000	1.347716	0.010814
1.905000	1.347360	0.010812
1.910000	1.347108	0.010810
1.915000	1.346958	0.010808
1.920000	1.346903	0.010806
1.925000	1.346937	0.010805
1.930000	1.347054	0.010803
1.935000	1.347246	0.010801
1.940000	1.347504	0.010800
1.945000	1.347820	0.010799
1.950000	1.348184	0.010798
1.955000	1.348587	0.010797
1.960000	1.349021	0.010797
1.965000	1.349477	0.010796
1.970000	1.349945	0.010796
1.975000	1.350420	0.010797
1.980000	1.350893	0.010797
1.985000	1.351359	0.010797
1.990000	1.351813	0.010798
1.995000	1.352251	0.010798
2.000000	1.352670	0.010798
2.005000	1.353069	0.010798
2.010000	1.353448	0.010798
2.015000	1.353808	0.010798
2.020000	1.354150	0.010797
2.025000	1.354478	0.010797
2.030000	1.354795	0.010796
2.035000	1.355108	0.010795
2.040000	1.355420	0.010793
2.045000	1.355739	0.010792
2.050000	1.356071	0.010791
2.055000	1.356422	0.010789
2.060000	1.356800	0.010788
2.065000	1.357210	0.010787
2.070000	1.357658	0.010785
2.075000	1.358151	0.010784
2.080000	1.358692	0.010783
2.085000	1.359286	0.010783
2.090000	1.359937	0.010782
2.095000	1.360646	0.010782
2.100000	1.361414	0.010781
2.105000	1.362240	0.010781
2.110000	1.363124	0.010781
2.115000	1.364064	0.010781
2.120000	1.365055	0.010782
2.125000	1.366093	0.010782
2.130000	1.367172	0.010782
2.135000	1.368287	0.010782
2.140000	1.369430	0.010783
2.145000	1.370594	0.010783
2.150000	1.371772	0.010783
2.155000	1.372956	0.010783
2.160000	1.374137	0.010784
2.165000	1.375309	0.010784
2.170000	1.376465	0.010784
2.175000	1.377599	0.010784
2.180000	1.378706	0.010785
2.185000	1.379780	0.010785
2.190000	1.380819	0.010786
2.195000	1.381821	0.010786
2.200000	1.382786	0.010787
2.205000	1.383713	0.010788
2.210000	1.384606	0.010788
2.215000	1.385467	0.010789
2.220000	1.386302	0.010789
2.225000	1.387117	0.010790
2.230000	1.387918	0.010790
2.235000	1.388716	0.010791
2.240000	1.389517	0.010791
2.245000	1.390334	0.010792
2.250000	1.391175	0.010792
2.255000	1.392051	0.010793
2.260000	1.392974	0.010793
2.265000	1.393953	0.010794
2.270000	1.394998	0.010795
2.275000	1.396119	0.010797
2.280000	1.397323	0.010799
2.285000	1.398618	0.010801
2.290000	1.400008	0.010804
2.295000	1.401499	0.010806
2.300000	1.403091	0.010810
2.305000	1.404784	0.010813
2.310000	1.406578	0.010816
2.315000	1.408468	0.010820
2.320000	1.410448	0.010823
2.325000	1.412509	0.010826
2.330000	1.414642	0.010829
2.335000	1.416832	0.010831
2.340000	1.419067	0.010833
2.345000	1.421329	0.010834
2.350000	1.423601	0.010835
2.355000	1.425863	0.010836
2.360000	1.428094	0.010838
2.365000	1.430274	0.010839
2.370000	1.432379	0.010841
2.375000	1.434387	0.010843
2.380000	1.436275	0.010846
2.385000	1.438020	0.010850
2.390000	1.439599	0.010855
2.395000	1.440992	0.010861
2.400000	1.442177	0.010868
2.405000	1.443135	0.010875
2.410000	1.443848	0.010883
2.415000	1.444301	0.010891
2.420000	1.444479	0.010900
2.425000	1.444370	0.010909
2.430000	1.443965	0.010922
2.435000	1.443256	0.010938
2.440000	1.442238	0.010962
2.445000	1.440910	0.010997
2.450000	1.439272	0.011049
