0.450000	nan	nan
0.455000	nan	nan
0.460000	nan	nan
0.465000	nan	nan
0.470000	nan	nan
0.475000	nan	nan
0.480000	nan	nan
0.485000	nan	nan
0.490000	nan	nan
0.495000	nan	nan
0.500000	nan	nan
0.505000	nan	nan
0.510000	nan	nan
0.515000	nan	nan
0.520000	nan	nan
0.525000	nan	nan
0.530000	nan	nan
0.535000	nan	nan
0.540000	nan	nan
0.545000	nan	nan
0.550000	nan	nan
0.555000	nan	nan
0.560000	nan	nan
0.565000	nan	nan
0.570000	nan	nan
0.575000	nan	nan
0.580000	nan	nan
0.585000	nan	nan
0.590000	nan	nan
0.595000	nan	nan
0.600000	nan	nan
0.605000	nan	nan
0.610000	nan	nan
0.615000	nan	nan
0.620000	nan	nan
0.625000	nan	nan
0.630000	nan	nan
0.635000	nan	nan
0.640000	nan	nan
0.645000	nan	nan
0.650000	nan	nan
0.655000	nan	nan
0.660000	nan	nan
0.665000	nan	nan
0.670000	nan	nan
0.675000	nan	nan
0.680000	nan	nan
0.685000	nan	nan
0.690000	nan	nan
0.695000	nan	nan
0.700000	nan	nan
0.705000	nan	nan
0.710000	nan	nan
0.715000	nan	nan
0.720000	nan	nan
0.725000	nan	nan
0.730000	nan	nan
0.735000	nan	nan
0.740000	nan	nan
0.745000	nan	nan
0.750000	nan	nan
0.755000	nan	nan
0.760000	nan	nan
0.765000	nan	nan
0.770000	0.978110	0.008541
0.775000	0.977803	0.008397
0.780000	0.977480	0.008283
0.785000	0.977142	0.008194
0.790000	0.976789	0.008126
0.795000	0.976424	0.008075
0.800000	0.976049	0.008037
0.805000	0.975666	0.008011
0.810000	0.975276	0.007994
0.815000	0.974882	0.007982
0.820000	0.974487	0.007975
0.825000	0.974094	0.007972
0.830000	0.973706	0.007970
0.835000	0.973325	0.007969
0.840000	0.972955	0.007969
0.845000	0.972599	0.007969
0.850000	0.972261	0.007969
0.855000	0.971943	0.007968
0.860000	0.971650	0.007967
0.865000	0.971384	0.007965
0.870000	0.971150	0.007963
0.875000	0.970950	0.007960
0.880000	0.970789	0.007957
0.885000	0.970669	0.007954
0.890000	0.970593	0.007951
0.895000	0.970566	0.007948
0.900000	0.970589	0.007945
0.905000	0.970666	0.007942
0.910000	0.970800	0.007939
0.915000	0.970993	0.007937
0.920000	0.971248	0.007935
0.925000	0.971566	0.007933
0.930000	0.971950	0.007932
0.935000	0.972402	0.007931
0.940000	0.972923	0.007930
0.945000	0.973514	0.007930
0.950000	0.974176	0.007929
0.955000	0.974910	0.007929
0.960000	0.975716	0.007929
0.965000	0.976595	0.007929
0.970000	0.977547	0.007929
0.975000	0.978570	0.007929
0.980000	0.979665	0.007929
0.985000	0.980829	0.007929
0.990000	0.982063	0.007929
0.995000	0.983365	0.007929
1.000000	0.984732	0.007928
1.005000	0.986163	0.007928
1.010000	0.987656	0.007927
1.015000	0.989207	0.007927
1.020000	0.990815	0.007926
1.025000	0.992476	0.007925
1.030000	0.994188	0.007925
1.035000	0.995946	0.007924
1.040000	0.997748	0.007923
1.045000	0.999590	0.007923
1.050000	1.001468	0.007922
1.055000	1.003379	0.007921
1.060000	1.005319	0.007921
1.065000	1.007285	0.007921
1.070000	1.009271	0.007920
1.075000	1.011275	0.007920
1.080000	1.013292	0.007920
1.085000	1.015320	0.007920
1.090000	1.017353	0.007920
1.095000	1.019389	0.007920
1.100000	1.021424	0.007920
1.105000	1.023455	0.007920
1.110000	1.025478	0.007920
1.115000	1.027491	0.007920
1.120000	1.029490	0.007920
1.125000	1.031472	0.007921
1.130000	1.033436	0.007921
1.135000	1.035380	0.007921
1.140000	1.037300	0.007921
1.145000	1.039195	0.007921
1.150000	1.041064	0.007920
1.155000	1.042906	0.007920
1.160000	1.044719	0.007920
1.165000	1.046502	0.007920
1.170000	1.048256	0.007919
1.175000	1.049979	0.007919
1.180000	1.051672	0.007919
1.185000	1.053336	0.007918
1.190000	1.054969	0.007918
1.195000	1.056574	0.007918
1.200000	1.058151	0.007917
1.205000	1.059702	0.007917
1.210000	1.061227	0.007917
1.215000	1.062727	0.007917
1.220000	1.064206	0.007917
1.225000	1.065665	0.007917
1.230000	1.067104	0.007918
1.235000	1.068528	0.007918
1.240000	1.069937	0.007919
1.245000	1.071334	0.007920
1.250000	1.072721	0.007921
1.255000	1.074101	0.007922
1.260000	1.075475	0.007923
1.265000	1.076847	0.007924
1.270000	1.078218	0.007926
1.275000	1.079591	0.007928
1.280000	1.080967	0.007930
1.285000	1.082349	0.007932
1.290000	1.083740	0.007934
1.295000	1.085139	0.007936
1.300000	1.086550	0.007938
1.305000	1.087974	0.007940
1.310000	1.089413	0.007942
1.315000	1.090866	0.007944
1.320000	1.092337	0.007946
1.325000	1.093824	0.007948
1.330000	1.095330	0.007949
1.335000	1.096854	0.007951
1.340000	1.098396	0.007952
1.345000	1.099957	0.007954
1.350000	1.101537	0.007955
1.355000	1.103134	0.007955
1.360000	1.104748	0.007956
1.365000	1.106379	0.007956
1.370000	1.108025	0.007956
1.375000	1.109685	0.007956
1.380000	1.111358	0.007956
1.385000	1.113042	0.007955
1.390000	1.114735	0.007954
1.395000	1.116435	0.007953
1.400000	1.118141	0.007952
1.405000	1.119849	0.007950
1.410000	1.121559	0.007949
1.415000	1.123267	0.007947
1.420000	1.124971	0.007945
1.425000	1.126668	0.007944
1.430000	1.128357	0.007942
1.435000	1.130035	0.007940
1.440000	1.131699	0.007938
1.445000	1.133346	0.007936
1.450000	1.134975	0.007934
1.455000	1.136583	0.007933
1.460000	1.138167	0.007931
1.465000	1.139727	0.007929
1.470000	1.141258	0.007928
1.475000	1.142761	0.007927
1.480000	1.144232	0.007925
1.485000	1.145671	0.007924
1.490000	1.147076	0.007923
1.495000	1.148445	0.007922
1.500000	1.149778	0.007921
1.505000	1.151074	0.007921
1.510000	1.152331	0.007920
1.515000	1.153551	0.007920
1.520000	1.154731	0.007919
1.525000	1.155873	0.007919
1.530000	1.156977	0.007919
1.535000	1.158042	0.007918
1.540000	1.159070	0.007918
1.545000	1.160061	0.007918
1.550000	1.161016	0.007918
1.555000	1.161937	0.007918
1.560000	1.162824	0.007918
1.565000	1.163680	0.007918
1.570000	1.164505	0.007918
1.575000	1.165302	0.007918
1.580000	1.166072	0.007918
1.585000	1.166818	0.007918
1.590000	1.167541	0.007918
1.595000	1.168244	0.007918
1.600000	1.168929	0.007918
1.605000	1.169598	0.007918
1.610000	1.170253	0.007918
1.615000	1.170897	0.007918
1.620000	1.171532	0.007917
1.625000	1.172160	0.007917
1.630000	1.172783	0.007917
1.635000	1.173404	0.007917
1.640000	1.174024	0.007917
1.645000	1.174646	0.007917
1.650000	1.175270	0.007917
1.655000	1.175899	0.007917
1.660000	1.176535	0.007917
1.665000	1.177179	0.007916
1.670000	1.177831	0.007916
1.675000	1.178493	0.007916
1.680000	1.179167	0.007916
1.685000	1.179852	0.007916
1.690000	1.180549	0.007916
1.695000	1.181259	0.007916
1.700000	1.181981	0.007916
1.705000	1.182716	0.007916
1.710000	1.183463	0.007916
1.715000	1.184222	0.007916
1.720000	1.184993	0.007917
1.725000	1.185774	0.007917
1.730000	1.186565	0.007917
1.735000	1.187365	0.007918
1.740000	1.188172	0.007918
1.745000	1.188985	0.007919
1.750000	1.189803	0.007920
1.755000	1.190623	0.007921
1.760000	1.191445	0.007922
1.765000	1.192267	0.007923
1.770000	1.193087	0.007924
1.775000	1.193902	0.007926
1.780000	1.194712	0.007927
1.785000	1.195513	0.007929
1.790000	1.196306	0.007930
1.795000	1.197086	0.007932
1.800000	1.197854	0.007934
1.805000	1.198606	0.007935
1.810000	1.199341	0.007937
1.815000	1.200059	0.007939
1.820000	1.200756	0.007941
1.825000	1.201432	0.007942
1.830000	1.202086	0.007944
1.835000	1.202716	0.007945
1.840000	1.203322	0.007947
1.845000	1.203903	0.007948
1.850000	1.204457	0.007949
1.855000	1.204985	0.007950
1.860000	1.205487	0.007950
1.865000	1.205962	0.007951
1.870000	1.206410	0.007951
1.875000	1.206832	0.007951
1.880000	1.207228	0.007951
1.885000	1.207600	0.007951
1.890000	1.207946	0.007951
1.895000	1.208270	0.007950
1.900000	1.208572	0.007949
1.905000	1.208853	0.007949
1.910000	1.209115	0.007948
1.915000	1.209359	0.007946
1.920000	1.209588	0.007945
1.925000	1.209803	0.007944
1.930000	1.210006	0.007943
1.935000	1.210200	0.007941
1.940000	1.210387	0.007940
1.945000	1.210568	0.007938
1.950000	1.210746	0.007937
1.955000	1.210924	0.007935
1.960000	1.211104	0.007934
1.965000	1.211289	0.007933
1.970000	1.211479	0.007931
1.975000	1.211679	0.007930
1.980000	1.211890	0.007929
1.985000	1.212114	0.007928
1.990000	1.212353	0.007927
1.995000	1.212609	0.007927
2.000000	1.212885	0.007926
2.005000	1.213181	0.007925
2.010000	1.213500	0.007925
2.015000	1.213843	0.007924
2.020000	1.214211	0.007924
2.025000	1.214605	0.007924
2.030000	1.215026	0.007924
2.035000	1.215475	0.007923
2.040000	1.215952	0.007923
2.045000	1.216458	0.007923
2.050000	1.216992	0.007923
2.055000	1.217556	0.007923
2.060000	1.218148	0.007924
2.065000	1.218768	0.007924
2.070000	1.219416	0.007924
2.075000	1.220090	0.007924
2.080000	1.220790	0.007924
2.085000	1.221514	0.007924
2.090000	1.222262	0.007924
2.095000	1.223032	0.007924
2.100000	1.223822	0.007924
2.105000	1.224631	0.007924
2.110000	1.225456	0.007925
2.115000	1.226297	0.007925
2.120000	1.227151	0.007925
2.125000	1.228015	0.007925
2.130000	1.228890	0.007925
2.135000	1.229771	0.007925
2.140000	1.230658	0.007925
2.145000	1.231548	0.007925
2.150000	1.232439	0.007926
2.155000	1.233330	0.007926
2.160000	1.234219	0.007926
2.165000	1.235104	0.007927
2.170000	1.235984	0.007927
2.175000	1.236858	0.007928
2.180000	1.237723	0.007928
2.185000	1.238580	0.007929
2.190000	1.239427	0.007930
2.195000	1.240263	0.007930
2.200000	1.241089	0.007931
2.205000	1.241904	0.007932
2.210000	1.242708	0.007932
2.215000	1.243502	0.007933
2.220000	1.244286	0.007934
2.225000	1.245061	0.007935
2.230000	1.245827	0.007935
2.235000	1.246587	0.007936
2.240000	1.247342	0.007936
2.245000	1.248093	0.007937
2.250000	1.248844	0.007937
2.255000	1.249596	0.007937
2.260000	1.250352	0.007937
2.265000	1.251114	0.007938
2.270000	1.251887	0.007938
2.275000	1.252673	0.007938
2.280000	1.253476	0.007938
2.285000	1.254299	0.007938
2.290000	1.255147	0.007939
2.295000	1.256023	0.007939
2.300000	1.256931	0.007940
2.305000	1.257876	0.007941
2.310000	1.258862	0.007943
2.315000	1.259894	0.007945
2.320000	1.260976	0.007947
2.325000	1.262112	0.007950
2.330000	1.263307	0.007953
2.335000	1.264565	0.007957
2.340000	1.265890	0.007961
2.345000	1.267288	0.007965
2.350000	1.268761	0.007970
2.355000	1.270314	0.007975
2.360000	1.271950	0.007980
2.365000	1.273674	0.007986
2.370000	1.275488	0.007991
2.375000	1.277396	0.007996
2.380000	1.279400	0.008001
2.385000	1.281503	0.008005
2.390000	1.283708	0.008009
2.395000	1.286016	0.008012
2.400000	1.288429	0.008015
2.405000	1.290948	0.008017
2.410000	1.293573	0.008020
2.415000	1.296306	0.008022
2.420000	1.299146	0.008025
2.425000	1.302092	0.008029
2.430000	1.305145	0.008036
2.435000	1.308302	0.008046
2.440000	1.311561	0.008061
2.445000	1.314921	0.008084
2.450000	1.318379	0.008116
