0.450000	nan	nan
0.455000	nan	nan
0.460000	nan	nan
0.465000	nan	nan
0.470000	nan	nan
0.475000	nan	nan
0.480000	nan	nan
0.485000	nan	nan
0.490000	nan	nan
0.495000	nan	nan
0.500000	nan	nan
0.505000	nan	nan
0.510000	nan	nan
0.515000	nan	nan
0.520000	nan	nan
0.525000	nan	nan
0.530000	nan	nan
0.535000	nan	nan
0.540000	nan	nan
0.545000	nan	nan
0.550000	nan	nan
0.555000	nan	nan
0.560000	nan	nan
0.565000	nan	nan
0.570000	nan	nan
0.575000	nan	nan
0.580000	nan	nan
0.585000	nan	nan
0.590000	nan	nan
0.595000	nan	nan
0.600000	nan	nan
0.605000	nan	nan
0.610000	nan	nan
0.615000	nan	nan
0.620000	nan	nan
0.625000	nan	nan
0.630000	nan	nan
0.635000	nan	nan
0.640000	nan	nan
0.645000	nan	nan
0.650000	nan	nan
0.655000	nan	nan
0.660000	nan	nan
0.665000	nan	nan
0.670000	nan	nan
0.675000	nan	nan
0.680000	nan	nan
0.685000	nan	nan
0.690000	nan	nan
0.695000	nan	nan
0.700000	nan	nan
0.705000	nan	nan
0.710000	nan	nan
0.715000	nan	nan
0.720000	nan	nan
0.725000	nan	nan
0.730000	nan	nan
0.735000	nan	nan
0.740000	nan	nan
0.745000	nan	nan
0.750000	nan	nan
0.755000	nan	nan
0.760000	nan	nan
0.765000	1.047485	0.050699
0.770000	1.041129	0.050121
0.775000	1.034749	0.049640
0.780000	1.028354	0.049244
0.785000	1.021957	0.048923
0.790000	1.015570	0.048668
0.795000	1.009206	0.048469
0.800000	1.002877	0.048317
0.805000	0.996597	0.048204
0.810000	0.990382	0.048122
0.815000	0.984244	0.048064
0.820000	0.978200	0.048026
0.825000	0.972265	0.048003
0.830000	0.966454	0.047989
0.835000	0.960783	0.047982
0.840000	0.955268	0.047980
0.845000	0.949925	0.047979
0.850000	0.944770	0.047979
0.855000	0.939818	0.047978
0.860000	0.935086	0.047976
0.865000	0.930590	0.047972
0.870000	0.926343	0.047967
0.875000	0.922361	0.047959
0.880000	0.918658	0.047950
0.885000	0.915247	0.047940
0.890000	0.912143	0.047929
0.895000	0.909356	0.047918
0.900000	0.906899	0.047906
0.905000	0.904783	0.047895
0.910000	0.903016	0.047884
0.915000	0.901608	0.047874
0.920000	0.900567	0.047865
0.925000	0.899898	0.047857
0.930000	0.899607	0.047851
0.935000	0.899699	0.047845
0.940000	0.900176	0.047841
0.945000	0.901039	0.047837
0.950000	0.902289	0.047835
0.955000	0.903925	0.047833
0.960000	0.905945	0.047832
0.965000	0.908343	0.047831
0.970000	0.911116	0.047831
0.975000	0.914256	0.047831
0.980000	0.917755	0.047831
0.985000	0.921605	0.047831
0.990000	0.925794	0.047831
0.995000	0.930311	0.047830
1.000000	0.935143	0.047830
1.005000	0.940276	0.047829
1.010000	0.945695	0.047828
1.015000	0.951383	0.047826
1.020000	0.957324	0.047825
1.025000	0.963499	0.047823
1.030000	0.969890	0.047821
1.035000	0.976477	0.047819
1.040000	0.983242	0.047817
1.045000	0.990163	0.047816
1.050000	0.997220	0.047814
1.055000	1.004393	0.047812
1.060000	1.011660	0.047811
1.065000	1.019001	0.047809
1.070000	1.026396	0.047808
1.075000	1.033823	0.047807
1.080000	1.041264	0.047806
1.085000	1.048698	0.047806
1.090000	1.056106	0.047805
1.095000	1.063471	0.047805
1.100000	1.070776	0.047805
1.105000	1.078003	0.047805
1.110000	1.085138	0.047805
1.115000	1.092167	0.047806
1.120000	1.099076	0.047806
1.125000	1.105853	0.047806
1.130000	1.112489	0.047806
1.135000	1.118974	0.047807
1.140000	1.125300	0.047807
1.145000	1.131462	0.047807
1.150000	1.137454	0.047807
1.155000	1.143274	0.047807
1.160000	1.148919	0.047807
1.165000	1.154390	0.047807
1.170000	1.159688	0.047807
1.175000	1.164816	0.047807
1.180000	1.169776	0.047807
1.185000	1.174576	0.047808
1.190000	1.179222	0.047808
1.195000	1.183722	0.047808
1.200000	1.188084	0.047809
1.205000	1.192320	0.047809
1.210000	1.196439	0.047810
1.215000	1.200454	0.047811
1.220000	1.204378	0.047812
1.225000	1.208223	0.047814
1.230000	1.212004	0.047815
1.235000	1.215734	0.047817
1.240000	1.219427	0.047819
1.245000	1.223098	0.047822
1.250000	1.226762	0.047825
1.255000	1.230431	0.047828
1.260000	1.234120	0.047832
1.265000	1.237842	0.047835
1.270000	1.241610	0.047839
1.275000	1.245435	0.047844
1.280000	1.249329	0.047848
1.285000	1.253302	0.047853
1.290000	1.257363	0.047858
1.295000	1.261520	0.047863
1.300000	1.265780	0.047868
1.305000	1.270147	0.047873
1.310000	1.274627	0.047879
1.315000	1.279222	0.047884
1.320000	1.283933	0.047888
1.325000	1.288759	0.047893
1.330000	1.293700	0.047897
1.335000	1.298752	0.047901
1.340000	1.303909	0.047904
1.345000	1.309167	0.047907
1.350000	1.314516	0.047910
1.355000	1.319949	0.047911
1.360000	1.325454	0.047912
1.365000	1.331021	0.047913
1.370000	1.336636	0.047913
1.375000	1.342286	0.047912
1.380000	1.347956	0.047910
1.385000	1.353630	0.047908
1.390000	1.359292	0.047905
1.395000	1.364926	0.047902
1.400000	1.370513	0.047898
1.405000	1.376037	0.047894
1.410000	1.381480	0.047890
1.415000	1.386825	0.047885
1.420000	1.392052	0.047880
1.425000	1.397146	0.047875
1.430000	1.402090	0.047871
1.435000	1.406866	0.047866
1.440000	1.411461	0.047861
1.445000	1.415859	0.047857
1.450000	1.420046	0.047853
1.455000	1.424011	0.047850
1.460000	1.427742	0.047847
1.465000	1.431228	0.047844
1.470000	1.434462	0.047842
1.475000	1.437435	0.047841
1.480000	1.440144	0.047840
1.485000	1.442584	0.047839
1.490000	1.444752	0.047839
1.495000	1.446648	0.047840
1.500000	1.448273	0.047840
1.505000	1.449631	0.047842
1.510000	1.450724	0.047843
1.515000	1.451560	0.047844
1.520000	1.452146	0.047846
1.525000	1.452491	0.047848
1.530000	1.452605	0.047850
1.535000	1.452501	0.047851
1.540000	1.452191	0.047853
1.545000	1.451691	0.047854
1.550000	1.451015	0.047855
1.555000	1.450179	0.047856
1.560000	1.449201	0.047856
1.565000	1.448097	0.047856
1.570000	1.446888	0.047856
1.575000	1.445589	0.047856
1.580000	1.444221	0.047855
1.585000	1.442802	0.047854
1.590000	1.441350	0.047852
1.595000	1.439884	0.047850
1.600000	1.438421	0.047848
1.605000	1.436978	0.047846
1.610000	1.435573	0.047844
1.615000	1.434220	0.047841
1.620000	1.432935	0.047839
1.625000	1.431730	0.047836
1.630000	1.430619	0.047834
1.635000	1.429613	0.047831
1.640000	1.428720	0.047829
1.645000	1.427951	0.047827
1.650000	1.427310	0.047825
1.655000	1.426805	0.047823
1.660000	1.426438	0.047821
1.665000	1.426212	0.047820
1.670000	1.426127	0.047818
1.675000	1.426182	0.047817
1.680000	1.426375	0.047817
1.685000	1.426702	0.047816
1.690000	1.427158	0.047816
1.695000	1.427735	0.047817
1.700000	1.428425	0.047817
1.705000	1.429219	0.047818
1.710000	1.430106	0.047819
1.715000	1.431076	0.047821
1.720000	1.432115	0.047822
1.725000	1.433210	0.047825
1.730000	1.434347	0.047827
1.735000	1.435513	0.047830
1.740000	1.436692	0.047833
1.745000	1.437870	0.047837
1.750000	1.439031	0.047841
1.755000	1.440160	0.047845
1.760000	1.441243	0.047850
1.765000	1.442264	0.047855
1.770000	1.443211	0.047860
1.775000	1.444070	0.047865
1.780000	1.444828	0.047871
1.785000	1.445473	0.047877
1.790000	1.445994	0.047884
1.795000	1.446382	0.047890
1.800000	1.446629	0.047897
1.805000	1.446726	0.047904
1.810000	1.446668	0.047911
1.815000	1.446450	0.047918
1.820000	1.446069	0.047925
1.825000	1.445523	0.047932
1.830000	1.444813	0.047938
1.835000	1.443940	0.047945
1.840000	1.442906	0.047951
1.845000	1.441717	0.047958
1.850000	1.440378	0.047963
1.855000	1.438897	0.047969
1.860000	1.437282	0.047973
1.865000	1.435545	0.047978
1.870000	1.433697	0.047981
1.875000	1.431750	0.047984
1.880000	1.429720	0.047987
1.885000	1.427622	0.047989
1.890000	1.425471	0.047990
1.895000	1.423285	0.047990
1.900000	1.421082	0.047990
1.905000	1.418880	0.047989
1.910000	1.416700	0.047987
1.915000	1.414559	0.047985
1.920000	1.412478	0.047981
1.925000	1.410477	0.047978
1.930000	1.408576	0.047974
1.935000	1.406794	0.047969
1.940000	1.405152	0.047964
1.945000	1.403668	0.047958
1.950000	1.402360	0.047952
1.955000	1.401247	0.047946
1.960000	1.400346	0.047940
1.965000	1.399673	0.047934
1.970000	1.399242	0.047927
1.975000	1.399069	0.047921
1.980000	1.399166	0.047915
1.985000	1.399543	0.047909
1.990000	1.400212	0.047903
1.995000	1.401181	0.047898
2.000000	1.402456	0.047892
2.005000	1.404043	0.047888
2.010000	1.405945	0.047883
2.015000	1.408165	0.047879
2.020000	1.410702	0.047875
2.025000	1.413554	0.047872
2.030000	1.416719	0.047869
2.035000	1.420190	0.047867
2.040000	1.423961	0.047865
2.045000	1.428024	0.047863
2.050000	1.432366	0.047861
2.055000	1.436977	0.047860
2.060000	1.441843	0.047859
2.065000	1.446948	0.047858
2.070000	1.452275	0.047858
2.075000	1.457807	0.047858
2.080000	1.463523	0.047857
2.085000	1.469404	0.047858
2.090000	1.475427	0.047858
2.095000	1.481570	0.047858
2.100000	1.487809	0.047859
2.105000	1.494120	0.047860
2.110000	1.500479	0.047861
2.115000	1.506860	0.047863
2.120000	1.513238	0.047865
2.125000	1.519588	0.047867
2.130000	1.525883	0.047870
2.135000	1.532099	0.047872
2.140000	1.538210	0.047875
2.145000	1.544193	0.047879
2.150000	1.550023	0.047883
2.155000	1.555677	0.047887
2.160000	1.561134	0.047891
2.165000	1.566372	0.047896
2.170000	1.571371	0.047900
2.175000	1.576114	0.047905
2.180000	1.580582	0.047910
2.185000	1.584762	0.047914
2.190000	1.588638	0.047918
2.195000	1.592199	0.047922
2.200000	1.595434	0.047926
2.205000	1.598337	0.047929
2.210000	1.600899	0.047932
2.215000	1.603118	0.047934
2.220000	1.604991	0.047936
2.225000	1.606517	0.047937
2.230000	1.607700	0.047937
2.235000	1.608543	0.047938
2.240000	1.609052	0.047937
2.245000	1.609235	0.047937
2.250000	1.609103	0.047937
2.255000	1.608668	0.047937
2.260000	1.607944	0.047937
2.265000	1.606946	0.047938
2.270000	1.605693	0.047940
2.275000	1.604202	0.047944
2.280000	1.602495	0.047948
2.285000	1.600593	0.047955
2.290000	1.598519	0.047963
2.295000	1.596296	0.047974
2.300000	1.593951	0.047987
2.305000	1.591508	0.048002
2.310000	1.588993	0.048020
2.315000	1.586432	0.048040
2.320000	1.583853	0.048063
2.325000	1.581281	0.048088
2.330000	1.578743	0.048116
2.335000	1.576266	0.048146
2.340000	1.573874	0.048179
2.345000	1.571592	0.048214
2.350000	1.569445	0.048251
2.355000	1.567455	0.048292
2.360000	1.565645	0.048335
2.365000	1.564034	0.048382
2.370000	1.562641	0.048434
2.375000	1.561485	0.048492
2.380000	1.560580	0.048557
2.385000	1.559942	0.048633
2.390000	1.559581	0.048721
2.395000	1.559508	0.048824
2.400000	1.559731	0.048947
2.405000	1.560256	0.049094
2.410000	1.561087	0.049269
2.415000	1.562226	0.049480
2.420000	1.563672	0.049733
2.425000	1.565422	0.050034
2.430000	1.567472	0.050392
2.435000	1.569815	0.050814
2.440000	1.572443	0.051310
2.445000	1.575344	0.051887
2.450000	1.578506	0.052556
