0.450000	nan	nan
0.455000	nan	nan
0.460000	nan	nan
0.465000	nan	nan
0.470000	nan	nan
0.475000	nan	nan
0.480000	nan	nan
0.485000	nan	nan
0.490000	nan	nan
0.495000	nan	nan
0.500000	nan	nan
0.505000	nan	nan
0.510000	nan	nan
0.515000	nan	nan
0.520000	nan	nan
0.525000	nan	nan
0.530000	nan	nan
0.535000	nan	nan
0.540000	nan	nan
0.545000	nan	nan
0.550000	nan	nan
0.555000	nan	nan
0.560000	nan	nan
0.565000	nan	nan
0.570000	nan	nan
0.575000	nan	nan
0.580000	nan	nan
0.585000	nan	nan
0.590000	nan	nan
0.595000	nan	nan
0.600000	nan	nan
0.605000	nan	nan
0.610000	nan	nan
0.615000	nan	nan
0.620000	nan	nan
0.625000	nan	nan
0.630000	nan	nan
0.635000	nan	nan
0.640000	nan	nan
0.645000	nan	nan
0.650000	nan	nan
0.655000	nan	nan
0.660000	nan	nan
0.665000	nan	nan
0.670000	nan	nan
0.675000	nan	nan
0.680000	nan	nan
0.685000	nan	nan
0.690000	nan	nan
0.695000	nan	nan
0.700000	nan	nan
0.705000	nan	nan
0.710000	nan	nan
0.715000	nan	nan
0.720000	nan	nan
0.725000	nan	nan
0.730000	nan	nan
0.735000	nan	nan
0.740000	nan	nan
0.745000	nan	nan
0.750000	nan	nan
0.755000	nan	nan
0.760000	nan	nan
0.765000	1.100669	0.086692
0.770000	1.108285	0.086661
0.775000	1.102077	0.086651
0.780000	1.091918	0.086647
0.785000	1.096310	0.086650
0.790000	1.081063	0.086638
0.795000	1.078128	0.086632
0.800000	1.080388	0.086647
0.805000	1.060400	0.086633
0.810000	1.050173	0.086641
0.815000	1.050963	0.086650
0.820000	1.058955	0.086643
0.825000	1.048794	0.086640
0.830000	1.049927	0.086648
0.835000	1.036571	0.086638
0.840000	1.031914	0.086633
0.845000	1.025973	0.086632
0.850000	1.004621	0.086627
0.855000	1.020119	0.086631
0.860000	0.996794	0.086630
0.865000	0.979823	0.086622
0.870000	0.990495	0.086622
0.875000	0.983543	0.086631
0.880000	0.985171	0.086628
0.885000	0.965614	0.086619
0.890000	0.964930	0.086621
0.895000	0.977062	0.086620
0.900000	0.968187	0.086615
0.905000	0.960096	0.086615
0.910000	0.954589	0.086616
0.915000	0.953469	0.086616
0.920000	0.962450	0.086628
0.925000	0.978717	0.086628
0.930000	0.979056	0.086626
0.935000	0.959083	0.086624
0.940000	0.939592	0.086641
0.945000	0.955403	0.086632
0.950000	0.975375	0.086635
0.955000	0.982326	0.086626
0.960000	0.989114	0.086621
0.965000	0.984807	0.086619
0.970000	0.974995	0.086619
0.975000	0.975761	0.086615
0.980000	0.986791	0.086621
0.985000	0.980766	0.086621
0.990000	0.975508	0.086618
0.995000	0.993066	0.086617
1.000000	1.003487	0.086620
1.005000	1.010281	0.086617
1.010000	0.998242	0.086623
1.015000	1.007360	0.086620
1.020000	1.014495	0.086616
1.025000	1.013483	0.086626
1.030000	1.027929	0.086619
1.035000	1.033778	0.086617
1.040000	1.029738	0.086620
1.045000	1.027149	0.086616
1.050000	1.042051	0.086623
1.055000	1.049025	0.086624
1.060000	1.043677	0.086617
1.065000	1.072971	0.086637
1.070000	1.072170	0.086620
1.075000	1.061156	0.086621
1.080000	1.070629	0.086625
1.085000	1.047213	0.086622
1.090000	1.058934	0.086631
1.095000	1.103328	0.086619
1.100000	1.103172	0.086632
1.105000	1.106775	0.086623
1.110000	1.099809	0.086627
1.115000	1.114299	0.086653
1.120000	1.134325	0.086631
1.125000	1.103866	0.086637
1.130000	1.106014	0.086634
1.135000	1.108536	0.086655
1.140000	1.125981	0.086635
1.145000	1.144486	0.086637
1.150000	1.154038	0.086637
1.155000	1.159809	0.086642
1.160000	1.167473	0.086649
1.165000	1.183300	0.086639
1.170000	1.189069	0.086644
1.175000	1.185882	0.086640
1.180000	1.198273	0.086636
1.185000	1.172026	0.086638
1.190000	1.153010	0.086642
1.195000	1.165744	0.086639
1.200000	1.185190	0.086633
1.205000	1.183983	0.086631
1.210000	1.193365	0.086633
1.215000	1.182524	0.086636
1.220000	1.192425	0.086644
1.225000	1.212299	0.086634
1.230000	1.187338	0.086628
1.235000	1.195348	0.086639
1.240000	1.186222	0.086633
1.245000	1.201283	0.086632
1.250000	1.212557	0.086634
1.255000	1.200680	0.086633
1.260000	1.189238	0.086640
1.265000	1.264157	0.170212
1.270000	1.264157	0.170212
1.275000	1.229859	0.086645
1.280000	1.233556	0.086634
1.285000	1.191901	0.086631
1.290000	1.203784	0.086643
1.295000	1.248530	0.086630
1.300000	1.261354	0.086643
1.305000	1.269530	0.086629
1.310000	1.260407	0.086632
1.315000	1.260063	0.086633
1.320000	1.254385	0.086652
1.325000	1.249652	0.086650
1.330000	1.246725	0.086646
1.335000	1.277102	0.086649
1.340000	1.282265	0.086647
1.345000	1.282174	0.086679
1.350000	1.280622	0.086709
1.355000	1.318965	0.086747
1.360000	1.340355	0.086778
1.365000	1.281110	0.086912
1.370000	1.291076	0.086887
1.375000	1.327691	0.086832
1.380000	1.295040	0.086833
1.385000	1.216409	0.086803
1.390000	1.306472	0.086820
1.395000	1.303913	0.086763
1.400000	1.280092	0.086814
1.405000	1.264157	0.170212
1.410000	1.318533	0.086751
1.415000	1.286209	0.086727
1.420000	1.381779	0.086697
1.425000	1.329238	0.086668
1.430000	1.316245	0.086671
1.435000	1.296802	0.086667
1.440000	1.344872	0.086706
1.445000	1.359933	0.086695
1.450000	1.337226	0.086691
1.455000	1.339997	0.086661
1.460000	1.358408	0.086664
1.465000	1.360825	0.086654
1.470000	1.327352	0.086654
1.475000	1.328639	0.086662
1.480000	1.378637	0.086653
1.485000	1.375721	0.086642
1.490000	1.355500	0.086641
1.495000	1.264157	0.170212
1.500000	1.382153	0.086666
1.505000	1.328045	0.086646
1.510000	1.359374	0.086638
1.515000	1.387596	0.086643
1.520000	1.358509	0.086644
1.525000	1.347410	0.086641
1.530000	1.357824	0.086640
1.535000	1.366513	0.086642
1.540000	1.352750	0.086635
1.545000	1.372370	0.086637
1.550000	1.395680	0.086648
1.555000	1.339403	0.086648
1.560000	1.321335	0.086642
1.565000	1.359368	0.086646
1.570000	1.351799	0.086641
1.575000	1.337251	0.086649
1.580000	1.329252	0.086641
1.585000	1.299476	0.086643
1.590000	1.353599	0.086651
1.595000	1.360065	0.086636
1.600000	1.349387	0.086644
1.605000	1.376585	0.086639
1.610000	1.395522	0.086635
1.615000	1.361185	0.086633
1.620000	1.341562	0.086635
1.625000	1.359463	0.086635
1.630000	1.285020	0.086637
1.635000	1.351110	0.086641
1.640000	1.348100	0.086639
1.645000	1.336826	0.086640
1.650000	1.337773	0.086639
1.655000	1.361355	0.086636
1.660000	1.347410	0.086641
1.665000	1.330283	0.086644
1.670000	1.352833	0.086640
1.675000	1.377690	0.086654
1.680000	1.353602	0.086647
1.685000	1.331921	0.086639
1.690000	1.334589	0.086640
1.695000	1.352218	0.086657
1.700000	1.351448	0.086650
1.705000	1.352823	0.086653
1.710000	1.336308	0.086643
1.715000	1.341637	0.086652
1.720000	1.341473	0.086639
1.725000	1.298356	0.086648
1.730000	1.327340	0.086679
1.735000	1.344213	0.086661
1.740000	1.344566	0.086648
1.745000	1.329923	0.086675
1.750000	1.354281	0.086660
1.755000	1.336811	0.086666
1.760000	1.339915	0.086655
1.765000	1.329324	0.086669
1.770000	1.308765	0.086656
1.775000	1.346708	0.086661
1.780000	1.337508	0.086651
1.785000	1.353590	0.086664
1.790000	1.341445	0.086684
1.795000	1.347391	0.086670
1.800000	1.372328	0.086684
1.805000	1.345568	0.086694
1.810000	1.351077	0.086689
1.815000	1.339359	0.086719
1.820000	1.434123	0.086789
1.825000	1.314222	0.086781
1.830000	1.324986	0.086917
1.835000	1.226687	0.086969
1.840000	1.264157	0.170212
1.845000	1.355377	0.087039
1.850000	1.345556	0.086973
1.855000	1.340601	0.087212
1.860000	1.370028	0.087058
1.865000	1.372642	0.087110
1.870000	1.271474	0.087222
1.875000	1.396930	0.087085
1.880000	1.202023	0.086907
1.885000	1.312567	0.086836
1.890000	1.468377	0.086866
1.895000	1.353927	0.086910
1.900000	1.325562	0.086967
1.905000	1.324071	0.087031
1.910000	1.336147	0.086918
1.915000	1.305141	0.086946
1.920000	1.280868	0.086795
1.925000	1.312253	0.086761
1.930000	1.302796	0.086759
1.935000	1.333760	0.086735
1.940000	1.302029	0.086738
1.945000	1.296171	0.086781
1.950000	1.296689	0.086770
1.955000	1.266258	0.086742
1.960000	1.360307	0.086766
1.965000	1.313978	0.086746
1.970000	1.358697	0.086736
1.975000	1.345392	0.086700
1.980000	1.324063	0.086694
1.985000	1.337570	0.086691
1.990000	1.294386	0.086698
1.995000	1.350859	0.086755
2.000000	1.368342	0.086821
2.005000	1.295740	0.086785
2.010000	1.330026	0.086804
2.015000	1.256381	0.086933
2.020000	1.398171	0.086811
2.025000	1.329374	0.086737
2.030000	1.292660	0.086722
2.035000	1.355287	0.086696
2.040000	1.286127	0.086704
2.045000	1.284919	0.086725
2.050000	1.323862	0.086755
2.055000	1.370558	0.086742
2.060000	1.350607	0.086746
2.065000	1.316130	0.086740
2.070000	1.318449	0.086746
2.075000	1.334640	0.086701
2.080000	1.334470	0.086697
2.085000	1.351137	0.086725
2.090000	1.364370	0.086739
2.095000	1.369386	0.086705
2.100000	1.363629	0.086697
2.105000	1.371450	0.086706
2.110000	1.350423	0.086763
2.115000	1.317082	0.086725
2.120000	1.349760	0.086727
2.125000	1.339378	0.086689
2.130000	1.337047	0.086704
2.135000	1.371935	0.086741
2.140000	1.396810	0.086718
2.145000	1.354938	0.086703
2.150000	1.367991	0.086728
2.155000	1.388739	0.086705
2.160000	1.394430	0.086773
2.165000	1.375890	0.086741
2.170000	1.337460	0.086732
2.175000	1.357426	0.086711
2.180000	1.398499	0.086747
2.185000	1.342539	0.086723
2.190000	1.361958	0.086745
2.195000	1.394471	0.086734
2.200000	1.352088	0.086719
2.205000	1.379339	0.086731
2.210000	1.427146	0.086735
2.215000	1.404355	0.086738
2.220000	1.379355	0.086715
2.225000	1.338321	0.086730
2.230000	1.314045	0.086795
2.235000	1.334269	0.086749
2.240000	1.377189	0.086731
2.245000	1.264157	0.170212
2.250000	1.449933	0.086792
2.255000	1.404788	0.086735
2.260000	1.436495	0.086752
2.265000	1.414758	0.086740
2.270000	1.373128	0.086753
2.275000	1.377009	0.086740
2.280000	1.396141	0.086781
2.285000	1.375792	0.086755
2.290000	1.372409	0.086789
2.295000	1.401712	0.086796
2.300000	1.469552	0.086780
2.305000	1.371060	0.086759
2.310000	1.462856	0.086827
2.315000	1.356840	0.086804
2.320000	1.443251	0.086778
2.325000	1.419862	0.086783
2.330000	1.408254	0.086786
2.335000	1.397050	0.086814
2.340000	1.363891	0.086800
2.345000	1.454516	0.086830
2.350000	1.416971	0.086827
2.355000	1.369642	0.086808
2.360000	1.347402	0.086782
2.365000	1.364318	0.086803
2.370000	1.432675	0.086843
2.375000	1.523000	0.086829
2.380000	1.372494	0.086790
2.385000	1.264157	0.170212
2.390000	1.498149	0.086839
2.395000	1.373424	0.086808
2.400000	1.264157	0.170212
2.405000	1.465721	0.086809
2.410000	1.467818	0.086892
2.415000	1.614220	0.086931
2.420000	1.461399	0.086825
2.425000	1.264157	0.170212
2.430000	1.457547	0.086870
2.435000	1.393408	0.086846
2.440000	1.494588	0.086906
2.445000	1.264157	0.170212
2.450000	1.264157	0.170212
