0.450000	nan	nan
0.455000	nan	nan
0.460000	nan	nan
0.465000	nan	nan
0.470000	nan	nan
0.475000	nan	nan
0.480000	nan	nan
0.485000	nan	nan
0.490000	nan	nan
0.495000	nan	nan
0.500000	nan	nan
0.505000	nan	nan
0.510000	nan	nan
0.515000	nan	nan
0.520000	nan	nan
0.525000	nan	nan
0.530000	nan	nan
0.535000	nan	nan
0.540000	nan	nan
0.545000	nan	nan
0.550000	nan	nan
0.555000	nan	nan
0.560000	nan	nan
0.565000	nan	nan
0.570000	nan	nan
0.575000	nan	nan
0.580000	nan	nan
0.585000	nan	nan
0.590000	nan	nan
0.595000	nan	nan
0.600000	nan	nan
0.605000	nan	nan
0.610000	nan	nan
0.615000	nan	nan
0.620000	nan	nan
0.625000	nan	nan
0.630000	nan	nan
0.635000	nan	nan
0.640000	nan	nan
0.645000	nan	nan
0.650000	nan	nan
0.655000	nan	nan
0.660000	nan	nan
0.665000	nan	nan
0.670000	nan	nan
0.675000	nan	nan
0.680000	nan	nan
0.685000	nan	nan
0.690000	nan	nan
0.695000	nan	nan
0.700000	nan	nan
0.705000	nan	nan
0.710000	nan	nan
0.715000	nan	nan
0.720000	nan	nan
0.725000	nan	nan
0.730000	nan	nan
0.735000	nan	nan
0.740000	nan	nan
0.745000	nan	nan
0.750000	nan	nan
0.755000	nan	nan
0.760000	nan	nan
0.765000	nan	nan
0.770000	nan	nan
0.775000	1.046568	0.041161
0.780000	1.057274	0.041518
0.785000	1.046568	0.041161
0.790000	1.046489	0.041161
0.795000	1.046895	0.041161
0.800000	1.045705	0.041161
0.805000	1.046960	0.041161
0.810000	1.046424	0.041161
0.815000	1.046816	0.041161
0.820000	1.045901	0.041161
0.825000	1.047025	0.041161
0.830000	1.057274	0.041518
0.835000	1.047300	0.041161
0.840000	1.046724	0.041161
0.845000	1.045835	0.041161
0.850000	1.047287	0.041161
0.855000	1.048581	0.041161
0.860000	1.049549	0.041161
0.865000	1.049418	0.041161
0.870000	1.048163	0.041161
0.875000	1.048424	0.041161
0.880000	1.048359	0.041161
0.885000	1.048817	0.041161
0.890000	1.047849	0.041161
0.895000	1.049379	0.041161
0.900000	1.049470	0.041161
0.905000	1.049274	0.041161
0.910000	1.050438	0.041161
0.915000	1.049954	0.041161
0.920000	1.049510	0.041161
0.925000	1.050464	0.041161
0.930000	1.050569	0.041161
0.935000	1.050516	0.041161
0.940000	1.049287	0.041161
0.945000	1.050543	0.041161
0.950000	1.057274	0.041518
0.955000	1.052439	0.041161
0.960000	1.052190	0.041161
0.965000	1.050059	0.041161
0.970000	1.050333	0.041161
0.975000	1.051223	0.041161
0.980000	1.050961	0.041161
0.985000	1.050438	0.041161
0.990000	1.049614	0.041161
0.995000	1.050569	0.041161
1.000000	1.049444	0.041161
1.005000	1.050490	0.041161
1.010000	1.049614	0.041161
1.015000	1.049052	0.041161
1.020000	1.050124	0.041161
1.025000	1.049967	0.041161
1.030000	1.048411	0.041161
1.035000	1.048084	0.041161
1.040000	1.048594	0.041161
1.045000	1.050072	0.041161
1.050000	1.050791	0.041161
1.055000	1.051393	0.041161
1.060000	1.051236	0.041161
1.065000	1.050229	0.041161
1.070000	1.051393	0.041161
1.075000	1.050752	0.041161
1.080000	1.051379	0.041161
1.085000	1.051118	0.041161
1.090000	1.050961	0.041161
1.095000	1.053106	0.041161
1.100000	1.053668	0.041161
1.105000	1.053563	0.041161
1.110000	1.053511	0.041161
1.115000	1.054583	0.041161
1.120000	1.054309	0.041161
1.125000	1.052491	0.041161
1.130000	1.051327	0.041161
1.135000	1.051693	0.041161
1.140000	1.052596	0.041161
1.145000	1.051981	0.041161
1.150000	1.053315	0.041161
1.155000	1.052439	0.041161
1.160000	1.050399	0.041161
1.165000	1.050660	0.041161
1.170000	1.052190	0.041161
1.175000	1.052256	0.041161
1.180000	1.052073	0.041161
1.185000	1.051576	0.041161
1.190000	1.052073	0.041161
1.195000	1.051419	0.041161
1.200000	1.052190	0.041161
1.205000	1.052831	0.041161
1.210000	1.052870	0.041161
1.215000	1.051929	0.041161
1.220000	1.052373	0.041161
1.225000	1.052569	0.041161
1.230000	1.053079	0.041161
1.235000	1.051236	0.041161
1.240000	1.052282	0.041161
1.245000	1.051379	0.041161
1.250000	1.052269	0.041161
1.255000	1.053419	0.041161
1.260000	1.052635	0.041161
1.265000	1.054296	0.041161
1.270000	1.053040	0.041161
1.275000	1.053040	0.041161
1.280000	1.053524	0.041161
1.285000	1.055695	0.041161
1.290000	1.054492	0.041161
1.295000	1.055852	0.041161
1.300000	1.054740	0.041161
1.305000	1.054727	0.041161
1.310000	1.054047	0.041161
1.315000	1.053511	0.041161
1.320000	1.055159	0.041161
1.325000	1.054779	0.041161
1.330000	1.054662	0.041161
1.335000	1.054505	0.041161
1.340000	1.053380	0.041161
1.345000	1.055133	0.041161
1.350000	1.056989	0.041161
1.355000	1.056270	0.041161
1.360000	1.056009	0.041161
1.365000	1.056270	0.041161
1.370000	1.057274	0.041518
1.375000	1.054165	0.041161
1.380000	1.055891	0.041161
1.385000	1.056152	0.041161
1.390000	1.057274	0.041518
1.395000	1.057274	0.041518
1.400000	1.056937	0.041161
1.405000	1.056506	0.041161
1.410000	1.057274	0.041518
1.415000	1.057274	0.041518
1.420000	1.057274	0.041518
1.425000	1.056466	0.041161
1.430000	1.057826	0.041161
1.435000	1.057329	0.041161
1.440000	1.058506	0.041161
1.445000	1.057865	0.041161
1.450000	1.058297	0.041161
1.455000	1.058506	0.041161
1.460000	1.059042	0.041161
1.465000	1.059487	0.041161
1.470000	1.058559	0.041161
1.475000	1.057970	0.041161
1.480000	1.058402	0.041161
1.485000	1.060494	0.041161
1.490000	1.057774	0.041161
1.495000	1.059958	0.041161
1.500000	1.061082	0.041161
1.505000	1.060638	0.041161
1.510000	1.059709	0.041161
1.515000	1.059814	0.041161
1.520000	1.057931	0.041161
1.525000	1.059552	0.041161
1.530000	1.060337	0.041161
1.535000	1.061841	0.041161
1.540000	1.061461	0.041161
1.545000	1.062769	0.041161
1.550000	1.062560	0.041161
1.555000	1.062678	0.041161
1.560000	1.063344	0.041161
1.565000	1.063920	0.041161
1.570000	1.064273	0.041161
1.575000	1.062978	0.041161
1.580000	1.064495	0.041161
1.585000	1.065397	0.041161
1.590000	1.063514	0.041161
1.595000	1.061056	0.041161
1.600000	1.062887	0.041161
1.605000	1.062978	0.041161
1.610000	1.062599	0.041161
1.615000	1.064574	0.041161
1.620000	1.063998	0.041161
1.625000	1.065201	0.041161
1.630000	1.060860	0.041161
1.635000	1.061148	0.041161
1.640000	1.061004	0.041161
1.645000	1.063253	0.041161
1.650000	1.063580	0.041161
1.655000	1.062481	0.041161
1.660000	1.062664	0.041161
1.665000	1.063828	0.041161
1.670000	1.061880	0.041161
1.675000	1.061998	0.041161
1.680000	1.066666	0.041161
1.685000	1.062364	0.041161
1.690000	1.060559	0.041161
1.695000	1.062481	0.041161
1.700000	1.063998	0.041161
1.705000	1.063907	0.041161
1.710000	1.062834	0.041161
1.715000	1.062298	0.041161
1.720000	1.059631	0.041161
1.725000	1.062377	0.041161
1.730000	1.061435	0.041161
1.735000	1.065240	0.041161
1.740000	1.065698	0.041161
1.745000	1.065554	0.041161
1.750000	1.062272	0.041161
1.755000	1.059382	0.041161
1.760000	1.060298	0.041161
1.765000	1.061697	0.041161
1.770000	1.064508	0.041161
1.775000	1.063043	0.041161
1.780000	1.063423	0.041161
1.785000	1.065005	0.041161
1.790000	1.064573	0.041161
1.795000	1.063828	0.041161
1.800000	1.064978	0.041161
1.805000	1.061919	0.041161
1.810000	1.063017	0.041161
1.815000	1.067697	0.041161
1.820000	1.067486	0.041161
1.825000	1.063879	0.041161
1.830000	1.066310	0.041161
1.835000	1.063524	0.041161
1.840000	1.065548	0.041161
1.845000	1.059615	0.041161
1.850000	1.057274	0.041518
1.855000	1.060229	0.041161
1.860000	1.063080	0.041161
1.865000	1.057274	0.041518
1.870000	1.060661	0.041161
1.875000	1.060096	0.041162
1.880000	1.057274	0.041518
1.885000	1.064216	0.041161
1.890000	1.059486	0.041161
1.895000	1.059434	0.041161
1.900000	1.064464	0.041161
1.905000	1.059694	0.041161
1.910000	1.060765	0.041161
1.915000	1.064831	0.041161
1.920000	1.063079	0.041161
1.925000	1.066440	0.041161
1.930000	1.064166	0.041161
1.935000	1.060088	0.041161
1.940000	1.060663	0.041161
1.945000	1.060545	0.041161
1.950000	1.060611	0.041161
1.955000	1.061304	0.041161
1.960000	1.059826	0.041161
1.965000	1.057199	0.041161
1.970000	1.059591	0.041161
1.975000	1.061291	0.041161
1.980000	1.060820	0.041161
1.985000	1.059957	0.041161
1.990000	1.060088	0.041161
1.995000	1.061095	0.041161
2.000000	1.062690	0.041161
2.005000	1.056140	0.041161
2.010000	1.062309	0.041161
2.015000	1.062571	0.041161
2.020000	1.059669	0.041161
2.025000	1.063029	0.041161
2.030000	1.061788	0.041161
2.035000	1.061788	0.041161
2.040000	1.061186	0.041161
2.045000	1.060441	0.041161
2.050000	1.061239	0.041161
2.055000	1.060506	0.041161
2.060000	1.060898	0.041161
2.065000	1.057159	0.041161
2.070000	1.059225	0.041161
2.075000	1.060232	0.041161
2.080000	1.060114	0.041161
2.085000	1.060062	0.041161
2.090000	1.062559	0.041161
2.095000	1.061631	0.041161
2.100000	1.059291	0.041161
2.105000	1.060415	0.041161
2.110000	1.058571	0.041161
2.115000	1.063121	0.041161
2.120000	1.059212	0.041161
2.125000	1.059251	0.041161
2.130000	1.064559	0.041161
2.135000	1.062455	0.041161
2.140000	1.063474	0.041161
2.145000	1.062115	0.041161
2.150000	1.062964	0.041161
2.155000	1.063827	0.041161
2.160000	1.060820	0.041161
2.165000	1.062899	0.041161
2.170000	1.062298	0.041161
2.175000	1.059813	0.041161
2.180000	1.058663	0.041161
2.185000	1.062088	0.041161
2.190000	1.061670	0.041161
2.195000	1.057486	0.041161
2.200000	1.059918	0.041161
2.205000	1.059526	0.041161
2.210000	1.058911	0.041161
2.215000	1.061421	0.041161
2.220000	1.059604	0.041161
2.225000	1.058754	0.041161
2.230000	1.064049	0.041161
2.235000	1.060023	0.041161
2.240000	1.059173	0.041161
2.245000	1.061382	0.041161
2.250000	1.058597	0.041161
2.255000	1.058048	0.041161
2.260000	1.060284	0.041161
2.265000	1.057591	0.041161
2.270000	1.064154	0.041161
2.275000	1.063095	0.041161
2.280000	1.057787	0.041161
2.285000	1.055708	0.041161
2.290000	1.061055	0.041161
2.295000	1.057212	0.041161
2.300000	1.056702	0.041161
2.305000	1.057081	0.041161
2.310000	1.056663	0.041161
2.315000	1.056467	0.041161
2.320000	1.057274	0.041518
2.325000	1.058977	0.041161
2.330000	1.055525	0.041161
2.335000	1.057186	0.041161
2.340000	1.059042	0.041161
2.345000	1.058114	0.041161
2.350000	1.056310	0.041161
2.355000	1.054793	0.041161
2.360000	1.051500	0.041161
2.365000	1.057274	0.041518
2.370000	1.057274	0.041518
2.375000	1.056218	0.041161
2.380000	1.062597	0.041161
2.385000	1.057274	0.041518
2.390000	1.060898	0.041161
2.395000	1.052819	0.041161
2.400000	1.053630	0.041161
2.405000	1.058218	0.041161
2.410000	1.052415	0.041161
2.415000	1.057274	0.041518
2.420000	1.055382	0.041161
2.425000	1.053826	0.041161
2.430000	1.057274	0.041518
2.435000	1.059983	0.041161
2.440000	1.060453	0.041161
2.445000	1.057274	0.041518
2.450000	1.062231	0.041161
