0.450000	nan	nan
0.455000	nan	nan
0.460000	nan	nan
0.465000	nan	nan
0.470000	nan	nan
0.475000	nan	nan
0.480000	nan	nan
0.485000	nan	nan
0.490000	nan	nan
0.495000	nan	nan
0.500000	nan	nan
0.505000	nan	nan
0.510000	nan	nan
0.515000	nan	nan
0.520000	nan	nan
0.525000	nan	nan
0.530000	nan	nan
0.535000	nan	nan
0.540000	nan	nan
0.545000	nan	nan
0.550000	nan	nan
0.555000	nan	nan
0.560000	nan	nan
0.565000	nan	nan
0.570000	nan	nan
0.575000	nan	nan
0.580000	nan	nan
0.585000	nan	nan
0.590000	nan	nan
0.595000	nan	nan
0.600000	nan	nan
0.605000	nan	nan
0.610000	nan	nan
0.615000	nan	nan
0.620000	nan	nan
0.625000	nan	nan
0.630000	nan	nan
0.635000	nan	nan
0.640000	nan	nan
0.645000	nan	nan
0.650000	nan	nan
0.655000	nan	nan
0.660000	nan	nan
0.665000	nan	nan
0.670000	nan	nan
0.675000	nan	nan
0.680000	nan	nan
0.685000	nan	nan
0.690000	nan	nan
0.695000	nan	nan
0.700000	nan	nan
0.705000	nan	nan
0.710000	nan	nan
0.715000	nan	nan
0.720000	nan	nan
0.725000	nan	nan
0.730000	nan	nan
0.735000	nan	nan
0.740000	nan	nan
0.745000	nan	nan
0.750000	nan	nan
0.755000	nan	nan
0.760000	nan	nan
0.765000	nan	nan
0.770000	nan	nan
0.775000	nan	nan
0.780000	1.105324	0.116550
0.785000	1.086549	0.116540
0.790000	1.089260	0.116534
0.795000	1.066533	0.116534
0.800000	1.108262	0.116539
0.805000	1.114800	0.116540
0.810000	1.076267	0.116536
0.815000	1.065443	0.116534
0.820000	1.051654	0.116528
0.825000	1.068932	0.116528
0.830000	1.062641	0.116534
0.835000	1.050779	0.116521
0.840000	1.057338	0.116529
0.845000	1.053424	0.116521
0.850000	1.040339	0.116518
0.855000	1.055201	0.116515
0.860000	1.051551	0.116519
0.865000	1.025222	0.116512
0.870000	1.022114	0.116515
0.875000	1.051152	0.116515
0.880000	1.046927	0.116506
0.885000	1.013126	0.116503
0.890000	0.991084	0.116500
0.895000	1.009564	0.116509
0.900000	1.016625	0.116501
0.905000	1.012188	0.116501
0.910000	1.016232	0.116500
0.915000	1.004934	0.116497
0.920000	1.008909	0.116498
0.925000	1.015247	0.116509
0.930000	0.994207	0.116503
0.935000	0.998948	0.116500
0.940000	1.020379	0.116507
0.945000	1.021704	0.116507
0.950000	1.028481	0.116508
0.955000	1.017721	0.116503
0.960000	1.005793	0.116498
0.965000	1.022786	0.116504
0.970000	1.021039	0.116492
0.975000	1.032961	0.116495
0.980000	1.025242	0.116492
0.985000	1.018944	0.116495
0.990000	1.008416	0.116490
0.995000	1.009682	0.116496
1.000000	1.036563	0.116503
1.005000	1.047212	0.116496
1.010000	1.030140	0.116489
1.015000	1.038938	0.116488
1.020000	1.041736	0.116486
1.025000	1.042757	0.116490
1.030000	1.056780	0.116492
1.035000	1.068851	0.116493
1.040000	1.061050	0.116487
1.045000	1.066127	0.116493
1.050000	1.058429	0.116498
1.055000	1.048902	0.116487
1.060000	1.073596	0.116491
1.065000	1.079835	0.116495
1.070000	1.078759	0.116501
1.075000	1.088660	0.116508
1.080000	1.110213	0.116500
1.085000	1.087561	0.116503
1.090000	1.081874	0.116502
1.095000	1.132052	0.116524
1.100000	1.125345	0.116517
1.105000	1.132655	0.116512
1.110000	1.135923	0.116510
1.115000	1.126578	0.116509
1.120000	1.144188	0.116519
1.125000	1.161326	0.116528
1.130000	1.145847	0.116535
1.135000	1.152156	0.116539
1.140000	1.185163	0.116547
1.145000	1.160547	0.116528
1.150000	1.187707	0.116523
1.155000	1.169809	0.116528
1.160000	1.277314	0.185737
1.165000	1.164268	0.116516
1.170000	1.185526	0.116521
1.175000	1.186067	0.116518
1.180000	1.198516	0.116510
1.185000	1.209573	0.116513
1.190000	1.205759	0.116514
1.195000	1.186165	0.116538
1.200000	1.191523	0.116525
1.205000	1.199698	0.116526
1.210000	1.198370	0.116521
1.215000	1.217297	0.116537
1.220000	1.229591	0.116533
1.225000	1.243132	0.116528
1.230000	1.236284	0.116531
1.235000	1.211839	0.116524
1.240000	1.197053	0.116528
1.245000	1.197592	0.116522
1.250000	1.193547	0.116525
1.255000	1.185920	0.116526
1.260000	1.203054	0.116538
1.265000	1.222822	0.116536
1.270000	1.199568	0.116557
1.275000	1.227652	0.116544
1.280000	1.283838	0.116569
1.285000	1.240571	0.116545
1.290000	1.208429	0.116543
1.295000	1.202605	0.116559
1.300000	1.268743	0.116555
1.305000	1.240348	0.116570
1.310000	1.233251	0.116536
1.315000	1.254970	0.116553
1.320000	1.261038	0.116543
1.325000	1.265317	0.116535
1.330000	1.260570	0.116540
1.335000	1.254736	0.116550
1.340000	1.260653	0.116567
1.345000	1.276992	0.116589
1.350000	1.253281	0.116638
1.355000	1.219023	0.116797
1.360000	1.269950	0.117034
1.365000	1.212800	0.117205
1.370000	1.218905	0.117324
1.375000	1.277314	0.185737
1.380000	1.277314	0.185737
1.385000	1.251823	0.116976
1.390000	1.274747	0.116959
1.395000	1.339016	0.116994
1.400000	1.364755	0.116884
1.405000	1.362211	0.116868
1.410000	1.361473	0.116829
1.415000	1.329215	0.116805
1.420000	1.271551	0.116653
1.425000	1.355301	0.116701
1.430000	1.298987	0.116664
1.435000	1.341747	0.116644
1.440000	1.277314	0.185737
1.445000	1.402160	0.116635
1.450000	1.367730	0.116625
1.455000	1.306007	0.116585
1.460000	1.385961	0.116595
1.465000	1.432418	0.116627
1.470000	1.371777	0.116621
1.475000	1.349221	0.116629
1.480000	1.352916	0.116581
1.485000	1.277225	0.116575
1.490000	1.277314	0.185737
1.495000	1.331294	0.116575
1.500000	1.331139	0.116573
1.505000	1.298621	0.116568
1.510000	1.369661	0.116562
1.515000	1.416069	0.116590
1.520000	1.350587	0.116576
1.525000	1.348123	0.116543
1.530000	1.367643	0.116557
1.535000	1.362806	0.116571
1.540000	1.372913	0.116577
1.545000	1.334877	0.116567
1.550000	1.349746	0.116558
1.555000	1.339323	0.116552
1.560000	1.306169	0.116563
1.565000	1.390053	0.116557
1.570000	1.469935	0.116571
1.575000	1.410786	0.116586
1.580000	1.414695	0.116573
1.585000	1.416263	0.116565
1.590000	1.413832	0.116577
1.595000	1.400218	0.116577
1.600000	1.361808	0.116556
1.605000	1.313252	0.116557
1.610000	1.294888	0.116562
1.615000	1.337964	0.116606
1.620000	1.355415	0.116571
1.625000	1.380464	0.116573
1.630000	1.387087	0.116564
1.635000	1.401560	0.116563
1.640000	1.376490	0.116578
1.645000	1.331620	0.116551
1.650000	1.332459	0.116578
1.655000	1.323504	0.116595
1.660000	1.226180	0.116556
1.665000	1.322969	0.116575
1.670000	1.393306	0.116569
1.675000	1.357210	0.116564
1.680000	1.373289	0.116589
1.685000	1.318300	0.116579
1.690000	1.311299	0.116579
1.695000	1.255985	0.116569
1.700000	1.285160	0.116581
1.705000	1.353627	0.116568
1.710000	1.295112	0.116609
1.715000	1.305385	0.116583
1.720000	1.345357	0.116599
1.725000	1.400574	0.116601
1.730000	1.410674	0.116609
1.735000	1.297133	0.116612
1.740000	1.287335	0.116605
1.745000	1.400440	0.116586
1.750000	1.350113	0.116585
1.755000	1.282903	0.116598
1.760000	1.267894	0.116619
1.765000	1.311612	0.116573
1.770000	1.349954	0.116588
1.775000	1.317522	0.116580
1.780000	1.417849	0.116595
1.785000	1.477298	0.116619
1.790000	1.379623	0.116696
1.795000	1.317801	0.116650
1.800000	1.327734	0.116679
1.805000	1.278545	0.116772
1.810000	1.401293	0.116756
1.815000	1.277314	0.185737
1.820000	1.329291	0.116942
1.825000	1.375912	0.117100
1.830000	1.284710	0.117308
1.835000	1.280919	0.117572
1.840000	1.456983	0.118069
1.845000	1.401513	0.118292
1.850000	1.309592	0.117838
1.855000	1.274845	0.117690
1.860000	1.277314	0.185737
1.865000	1.277314	0.185737
1.870000	1.387541	0.118539
1.875000	1.355047	0.118123
1.880000	1.264868	0.117219
1.885000	1.361508	0.117038
1.890000	1.339850	0.117130
1.895000	1.316443	0.117261
1.900000	1.299572	0.117428
1.905000	1.240508	0.117516
1.910000	1.337622	0.117336
1.915000	1.382651	0.117415
1.920000	1.263995	0.117061
1.925000	1.276993	0.117001
1.930000	1.367467	0.117038
1.935000	1.394911	0.116885
1.940000	1.363568	0.116829
1.945000	1.260238	0.116837
1.950000	1.273424	0.116834
1.955000	1.309864	0.116887
1.960000	1.240738	0.116765
1.965000	1.318462	0.116735
1.970000	1.442002	0.116742
1.975000	1.439906	0.116742
1.980000	1.308774	0.116678
1.985000	1.331790	0.116654
1.990000	1.352999	0.116667
1.995000	1.338564	0.116751
2.000000	1.278156	0.116903
2.005000	1.277314	0.185737
2.010000	1.342446	0.117069
2.015000	1.401278	0.117045
2.020000	1.342008	0.116820
2.025000	1.430349	0.116700
2.030000	1.418280	0.116717
2.035000	1.329988	0.116678
2.040000	1.244298	0.116735
2.045000	1.227581	0.116697
2.050000	1.349347	0.116763
2.055000	1.448728	0.116838
2.060000	1.437312	0.116759
2.065000	1.474899	0.116754
2.070000	1.432345	0.116803
2.075000	1.369687	0.116688
2.080000	1.368175	0.116723
2.085000	1.414066	0.116679
2.090000	1.462910	0.116695
2.095000	1.463034	0.116710
2.100000	1.433632	0.116688
2.105000	1.324066	0.116709
2.110000	1.375761	0.116675
2.115000	1.469823	0.116696
2.120000	1.352527	0.116674
2.125000	1.294473	0.116694
2.130000	1.397082	0.116712
2.135000	1.414358	0.116691
2.140000	1.355156	0.116689
2.145000	1.339620	0.116684
2.150000	1.500443	0.116754
2.155000	1.493338	0.116835
2.160000	1.385655	0.116783
2.165000	1.306279	0.116705
2.170000	1.274117	0.116686
2.175000	1.401346	0.116718
2.180000	1.310274	0.116827
2.185000	1.307794	0.116820
2.190000	1.418162	0.116792
2.195000	1.470651	0.116744
2.200000	1.482802	0.116930
2.205000	1.272877	0.116738
2.210000	1.296332	0.116720
2.215000	1.317228	0.116714
2.220000	1.354347	0.116727
2.225000	1.424218	0.116743
2.230000	1.478964	0.116776
2.235000	1.364793	0.116766
2.240000	1.326723	0.116822
2.245000	1.356128	0.116820
2.250000	1.380504	0.116807
2.255000	1.545190	0.116823
2.260000	1.436822	0.116860
2.265000	1.388820	0.116859
2.270000	1.355417	0.116835
2.275000	1.457627	0.116811
2.280000	1.277314	0.185737
2.285000	1.277314	0.185737
2.290000	1.436443	0.116898
2.295000	1.413837	0.116829
2.300000	1.566695	0.116890
2.305000	1.552965	0.116918
2.310000	1.277314	0.185737
2.315000	1.487825	0.117034
2.320000	1.429620	0.116854
2.325000	1.478109	0.116983
2.330000	1.408778	0.116893
2.335000	1.422830	0.116927
2.340000	1.501572	0.116954
2.345000	1.473733	0.117141
2.350000	1.277314	0.185737
2.355000	1.431165	0.116947
2.360000	1.277314	0.185737
2.365000	1.587118	0.117080
2.370000	1.489627	0.117057
2.375000	1.319532	0.117097
2.380000	1.277314	0.185737
2.385000	1.446789	0.117001
2.390000	1.277314	0.185737
2.395000	1.608196	0.117154
2.400000	1.557683	0.117069
2.405000	1.277314	0.185737
2.410000	1.525258	0.117210
2.415000	1.277314	0.185737
2.420000	1.277314	0.185737
2.425000	1.506864	0.117004
2.430000	1.277314	0.185737
2.435000	1.277314	0.185737
2.440000	1.277314	0.185737
2.445000	1.425116	0.117276
2.450000	1.393846	0.117341
