0.450000	nan	nan
0.455000	nan	nan
0.460000	nan	nan
0.465000	nan	nan
0.470000	nan	nan
0.475000	nan	nan
0.480000	nan	nan
0.485000	nan	nan
0.490000	nan	nan
0.495000	nan	nan
0.500000	nan	nan
0.505000	nan	nan
0.510000	nan	nan
0.515000	nan	nan
0.520000	nan	nan
0.525000	nan	nan
0.530000	nan	nan
0.535000	nan	nan
0.540000	nan	nan
0.545000	nan	nan
0.550000	nan	nan
0.555000	nan	nan
0.560000	nan	nan
0.565000	nan	nan
0.570000	nan	nan
0.575000	nan	nan
0.580000	nan	nan
0.585000	nan	nan
0.590000	nan	nan
0.595000	nan	nan
0.600000	nan	nan
0.605000	nan	nan
0.610000	nan	nan
0.615000	nan	nan
0.620000	nan	nan
0.625000	nan	nan
0.630000	nan	nan
0.635000	nan	nan
0.640000	nan	nan
0.645000	nan	nan
0.650000	nan	nan
0.655000	nan	nan
0.660000	nan	nan
0.665000	nan	nan
0.670000	nan	nan
0.675000	nan	nan
0.680000	nan	nan
0.685000	nan	nan
0.690000	nan	nan
0.695000	nan	nan
0.700000	nan	nan
0.705000	nan	nan
0.710000	nan	nan
0.715000	nan	nan
0.720000	nan	nan
0.725000	nan	nan
0.730000	nan	nan
0.735000	nan	nan
0.740000	nan	nan
0.745000	nan	nan
0.750000	nan	nan
0.755000	nan	nan
0.760000	nan	nan
0.765000	nan	nan
0.770000	nan	nan
0.775000	nan	nan
0.780000	1.033824	0.062855
0.785000	1.034676	0.062694
0.790000	1.061861	0.062632
0.795000	1.075298	0.062595
0.800000	1.017544	0.062557
0.805000	1.056319	0.062552
0.810000	1.064821	0.062539
0.815000	1.083887	0.062527
0.820000	1.016148	0.062507
0.825000	1.000577	0.062495
0.830000	1.072329	0.085480
0.835000	1.063928	0.062514
0.840000	1.050018	0.062502
0.845000	1.025129	0.062498
0.850000	1.021382	0.062499
0.855000	1.017291	0.062499
0.860000	1.018725	0.062500
0.865000	1.041230	0.062507
0.870000	1.019067	0.062500
0.875000	1.011432	0.062501
0.880000	1.022473	0.062499
0.885000	1.015102	0.062495
0.890000	1.012910	0.062491
0.895000	1.015636	0.062490
0.900000	0.998504	0.062485
0.905000	0.995910	0.062484
0.910000	1.000615	0.062483
0.915000	1.009550	0.062483
0.920000	1.028996	0.062485
0.925000	1.010981	0.062482
0.930000	1.006549	0.062483
0.935000	1.029405	0.062485
0.940000	1.016305	0.062483
0.945000	1.007914	0.062483
0.950000	1.018282	0.062483
0.955000	1.017803	0.062482
0.960000	1.006473	0.062480
0.965000	1.013364	0.062480
0.970000	1.022095	0.062479
0.975000	1.017385	0.062478
0.980000	1.016225	0.062478
0.985000	1.030554	0.062478
0.990000	1.034988	0.062478
0.995000	1.015949	0.062476
1.000000	1.008852	0.062476
1.005000	1.020726	0.062476
1.010000	1.012126	0.062475
1.015000	0.997999	0.062474
1.020000	1.003254	0.062475
1.025000	1.015332	0.062475
1.030000	1.036555	0.062476
1.035000	1.024407	0.062475
1.040000	1.011784	0.062475
1.045000	1.017380	0.062475
1.050000	1.027821	0.062476
1.055000	1.029322	0.062476
1.060000	1.039695	0.062477
1.065000	1.046245	0.062477
1.070000	1.038262	0.062477
1.075000	1.032734	0.062476
1.080000	1.051363	0.062477
1.085000	1.078177	0.062478
1.090000	1.082884	0.062479
1.095000	1.066714	0.062477
1.100000	1.075789	0.062478
1.105000	1.090184	0.062479
1.110000	1.087114	0.062479
1.115000	1.089979	0.062480
1.120000	1.058051	0.062480
1.125000	1.038881	0.062481
1.130000	1.037790	0.062482
1.135000	1.045159	0.062482
1.140000	1.055051	0.062483
1.145000	1.064055	0.062482
1.150000	1.083019	0.062484
1.155000	1.091547	0.062482
1.160000	1.104233	0.062484
1.165000	1.097346	0.062482
1.170000	1.085612	0.062481
1.175000	1.078040	0.062480
1.180000	1.080155	0.062479
1.185000	1.095369	0.062480
1.190000	1.098711	0.062480
1.195000	1.093390	0.062480
1.200000	1.094959	0.062480
1.205000	1.096460	0.062481
1.210000	1.099188	0.062481
1.215000	1.098847	0.062482
1.220000	1.099734	0.062481
1.225000	1.103076	0.062481
1.230000	1.097892	0.062481
1.235000	1.079404	0.062482
1.240000	1.063781	0.062479
1.245000	1.075379	0.062481
1.250000	1.084793	0.062482
1.255000	1.103486	0.062481
1.260000	1.126945	0.062486
1.265000	1.127699	0.062484
1.270000	1.127968	0.062486
1.275000	1.122172	0.062484
1.280000	1.111396	0.062484
1.285000	1.093866	0.062482
1.290000	1.081178	0.062481
1.295000	1.096870	0.062480
1.300000	1.128315	0.062483
1.305000	1.147005	0.062483
1.310000	1.156072	0.062485
1.315000	1.157779	0.062485
1.320000	1.142630	0.062487
1.325000	1.120265	0.062483
1.330000	1.113848	0.062486
1.335000	1.093796	0.062485
1.340000	1.082882	0.062485
1.345000	1.110909	0.062490
1.350000	1.180791	0.062495
1.355000	1.125799	0.062513
1.360000	1.087911	0.062518
1.365000	1.107691	0.062552
1.370000	1.103614	0.062548
1.375000	1.072329	0.085480
1.380000	1.148322	0.062573
1.385000	1.101453	0.062532
1.390000	1.127177	0.062539
1.395000	1.133532	0.062529
1.400000	1.164955	0.062520
1.405000	1.126985	0.062533
1.410000	1.114435	0.062504
1.415000	1.139241	0.062506
1.420000	1.167754	0.062499
1.425000	1.199163	0.062504
1.430000	1.124987	0.062510
1.435000	1.126984	0.062500
1.440000	1.134495	0.062495
1.445000	1.141381	0.062495
1.450000	1.128570	0.062491
1.455000	1.106682	0.062489
1.460000	1.089836	0.062490
1.465000	1.139773	0.062484
1.470000	1.157741	0.062496
1.475000	1.107496	0.062492
1.480000	1.112344	0.062489
1.485000	1.148355	0.062488
1.490000	1.179314	0.062490
1.495000	1.160341	0.062494
1.500000	1.144469	0.062488
1.505000	1.141330	0.062488
1.510000	1.139901	0.062487
1.515000	1.089634	0.062486
1.520000	1.106211	0.062484
1.525000	1.112891	0.062487
1.530000	1.111328	0.062484
1.535000	1.067194	0.062488
1.540000	1.058733	0.062481
1.545000	1.115082	0.062482
1.550000	1.130964	0.062488
1.555000	1.148434	0.062485
1.560000	1.193159	0.062489
1.565000	1.177254	0.062493
1.570000	1.139208	0.062491
1.575000	1.113366	0.062489
1.580000	1.125778	0.062489
1.585000	1.188126	0.062486
1.590000	1.183923	0.062496
1.595000	1.132866	0.062491
1.600000	1.140851	0.062489
1.605000	1.157420	0.062490
1.610000	1.159935	0.062493
1.615000	1.122024	0.062491
1.620000	1.096452	0.062490
1.625000	1.123129	0.062484
1.630000	1.149298	0.062493
1.635000	1.173179	0.062489
1.640000	1.169123	0.062498
1.645000	1.097539	0.062494
1.650000	1.072923	0.062491
1.655000	1.112010	0.062484
1.660000	1.065900	0.062497
1.665000	0.960924	0.062486
1.670000	0.958994	0.062481
1.675000	1.011800	0.062482
1.680000	1.039298	0.062487
1.685000	1.028523	0.062488
1.690000	1.008675	0.062488
1.695000	1.040252	0.062487
1.700000	1.132810	0.062486
1.705000	1.157040	0.062503
1.710000	1.099376	0.062498
1.715000	1.074287	0.062495
1.720000	1.074355	0.062492
1.725000	1.074832	0.062497
1.730000	1.047215	0.062493
1.735000	1.088540	0.062490
1.740000	1.177021	0.062501
1.745000	1.178197	0.062514
1.750000	1.134878	0.062506
1.755000	1.104007	0.062502
1.760000	1.092554	0.062503
1.765000	1.106673	0.062497
1.770000	1.096369	0.062507
1.775000	1.070605	0.062501
1.780000	1.118052	0.062501
1.785000	1.179528	0.062504
1.790000	1.144714	0.062524
1.795000	1.089752	0.062514
1.800000	1.098819	0.062510
1.805000	1.144643	0.062525
1.810000	1.013458	0.062523
1.815000	1.086004	0.062516
1.820000	1.161021	0.062557
1.825000	1.024804	0.062545
1.830000	1.105648	0.062554
1.835000	1.147166	0.062647
1.840000	1.088970	0.062678
1.845000	1.081779	0.062713
1.850000	1.119174	0.062679
1.855000	1.137716	0.062685
1.860000	0.982189	0.062624
1.865000	1.072329	0.085480
1.870000	1.072329	0.085480
1.875000	1.014985	0.062601
1.880000	1.093023	0.062603
1.885000	1.184261	0.062678
1.890000	1.157759	0.062577
1.895000	1.125760	0.062637
1.900000	1.087973	0.062646
1.905000	1.107645	0.062692
1.910000	1.036772	0.062641
1.915000	1.091946	0.062684
1.920000	1.036913	0.062593
1.925000	1.127461	0.062567
1.930000	1.156843	0.062610
1.935000	1.097210	0.062629
1.940000	1.070405	0.062562
1.945000	1.079309	0.062584
1.950000	1.061160	0.062575
1.955000	1.091522	0.062614
1.960000	0.957628	0.062577
1.965000	1.060134	0.062563
1.970000	1.113234	0.062576
1.975000	1.107676	0.062564
1.980000	1.065643	0.062559
1.985000	1.060121	0.062533
1.990000	1.031455	0.062533
1.995000	1.025553	0.062546
2.000000	0.982932	0.062541
2.005000	1.027077	0.062643
2.010000	1.075081	0.062729
2.015000	1.174008	0.062810
2.020000	1.069063	0.062715
2.025000	1.046841	0.062603
2.030000	1.091379	0.062527
2.035000	1.070337	0.062562
2.040000	1.046571	0.062533
2.045000	1.068839	0.062549
2.050000	1.062990	0.062561
2.055000	0.998867	0.062593
2.060000	0.968862	0.062564
2.065000	1.049043	0.062557
2.070000	1.117713	0.062581
2.075000	1.139596	0.062582
2.080000	1.113008	0.062592
2.085000	1.057208	0.062560
2.090000	1.045295	0.062551
2.095000	1.086943	0.062543
2.100000	1.103529	0.062562
2.105000	1.086045	0.062569
2.110000	1.088567	0.062559
2.115000	1.047421	0.062569
2.120000	0.995262	0.062568
2.125000	1.042748	0.062524
2.130000	1.096173	0.062574
2.135000	1.084073	0.062568
2.140000	1.082711	0.062574
2.145000	1.075369	0.062573
2.150000	1.037980	0.062578
2.155000	0.996154	0.062571
2.160000	1.017400	0.062553
2.165000	1.067006	0.062573
2.170000	1.043243	0.062604
2.175000	0.977397	0.062593
2.180000	0.995625	0.062552
2.185000	1.107052	0.062573
2.190000	1.090437	0.062611
2.195000	0.986744	0.062648
2.200000	1.014045	0.062543
2.205000	1.115556	0.062612
2.210000	1.091573	0.062637
2.215000	1.039885	0.062636
2.220000	1.007004	0.062587
2.225000	1.031783	0.062616
2.230000	0.976305	0.062572
2.235000	1.022698	0.062585
2.240000	1.001304	0.062642
2.245000	1.038821	0.062598
2.250000	1.156468	0.062621
2.255000	1.155233	0.062735
2.260000	1.068252	0.062722
2.265000	1.057325	0.062648
2.270000	1.042353	0.062659
2.275000	1.012263	0.062690
2.280000	1.036446	0.062600
2.285000	1.094425	0.062716
2.290000	1.158176	0.062660
2.295000	1.142647	0.062793
2.300000	1.082643	0.062751
2.305000	1.100232	0.062659
2.310000	1.061503	0.062753
2.315000	0.981874	0.062692
2.320000	0.996293	0.062644
2.325000	0.999593	0.062661
2.330000	0.970295	0.062673
2.335000	0.997419	0.062635
2.340000	1.022269	0.062683
2.345000	1.024116	0.062732
2.350000	1.026709	0.062666
2.355000	0.969082	0.062763
2.360000	0.929799	0.062637
2.365000	1.072329	0.085480
2.370000	0.992771	0.063030
2.375000	1.063659	0.062735
2.380000	1.136051	0.062759
2.385000	1.000325	0.062782
2.390000	0.910440	0.062700
2.395000	0.918617	0.062615
2.400000	0.989288	0.062638
2.405000	0.926998	0.062709
2.410000	0.919970	0.062793
2.415000	0.875622	0.062612
2.420000	1.072329	0.085480
2.425000	1.072329	0.085480
2.430000	1.072329	0.085480
2.435000	0.965315	0.062783
2.440000	1.024546	0.062858
2.445000	1.072329	0.085480
2.450000	1.072329	0.085480
