0.450000	nan	nan
0.455000	nan	nan
0.460000	nan	nan
0.465000	nan	nan
0.470000	nan	nan
0.475000	nan	nan
0.480000	nan	nan
0.485000	nan	nan
0.490000	nan	nan
0.495000	nan	nan
0.500000	nan	nan
0.505000	nan	nan
0.510000	nan	nan
0.515000	nan	nan
0.520000	nan	nan
0.525000	nan	nan
0.530000	nan	nan
0.535000	nan	nan
0.540000	nan	nan
0.545000	nan	nan
0.550000	nan	nan
0.555000	nan	nan
0.560000	nan	nan
0.565000	nan	nan
0.570000	nan	nan
0.575000	nan	nan
0.580000	nan	nan
0.585000	nan	nan
0.590000	nan	nan
0.595000	nan	nan
0.600000	nan	nan
0.605000	nan	nan
0.610000	nan	nan
0.615000	nan	nan
0.620000	nan	nan
0.625000	nan	nan
0.630000	nan	nan
0.635000	nan	nan
0.640000	nan	nan
0.645000	nan	nan
0.650000	nan	nan
0.655000	nan	nan
0.660000	nan	nan
0.665000	nan	nan
0.670000	nan	nan
0.675000	nan	nan
0.680000	nan	nan
0.685000	nan	nan
0.690000	nan	nan
0.695000	nan	nan
0.700000	nan	nan
0.705000	nan	nan
0.710000	nan	nan
0.715000	nan	nan
0.720000	nan	nan
0.725000	nan	nan
0.730000	nan	nan
0.735000	nan	nan
0.740000	1.006086	0.022928
0.745000	1.010763	0.022917
0.750000	0.993919	0.022912
0.755000	0.987781	0.022911
0.760000	0.987252	0.022910
0.765000	0.993520	0.022910
0.770000	1.002293	0.022909
0.775000	0.999718	0.022909
0.780000	1.000727	0.022909
0.785000	0.999625	0.022909
0.790000	0.994057	0.022909
0.795000	0.989708	0.022909
0.800000	0.989592	0.022909
0.805000	0.992047	0.022909
0.810000	0.993695	0.022909
0.815000	0.990284	0.022909
0.820000	0.988274	0.022909
0.825000	0.988505	0.022909
0.830000	0.988076	0.022909
0.835000	0.988554	0.022909
0.840000	0.990004	0.022909
0.845000	0.990459	0.023226
0.850000	0.989197	0.022909
0.855000	0.989213	0.022909
0.860000	0.989081	0.022909
0.865000	0.988669	0.022909
0.870000	0.987088	0.022909
0.875000	0.986791	0.022909
0.880000	0.986429	0.022909
0.885000	0.985852	0.022909
0.890000	0.986610	0.022909
0.895000	0.987911	0.022909
0.900000	0.986445	0.022909
0.905000	0.986148	0.022909
0.910000	0.987681	0.022909
0.915000	0.987285	0.022909
0.920000	0.986478	0.022909
0.925000	0.987434	0.022909
0.930000	0.987977	0.022909
0.935000	0.987911	0.022909
0.940000	0.986428	0.022909
0.945000	0.986379	0.022909
0.950000	0.988307	0.022909
0.955000	0.989675	0.022909
0.960000	0.990894	0.022909
0.965000	0.989296	0.022909
0.970000	0.989378	0.022909
0.975000	0.989576	0.022909
0.980000	0.990433	0.022909
0.985000	0.991405	0.022909
0.990000	0.991092	0.022909
0.995000	0.991306	0.022909
1.000000	0.990663	0.022909
1.005000	0.991998	0.022909
1.010000	0.993069	0.022909
1.015000	0.991520	0.022909
1.020000	0.990383	0.022909
1.025000	0.991586	0.022909
1.030000	0.990548	0.022909
1.035000	0.993283	0.022909
1.040000	0.993695	0.022909
1.045000	0.991537	0.022909
1.050000	0.991948	0.022909
1.055000	0.992229	0.022909
1.060000	0.991190	0.022909
1.065000	0.992212	0.022909
1.070000	0.992558	0.022909
1.075000	0.991223	0.022909
1.080000	0.991487	0.022909
1.085000	0.993201	0.022909
1.090000	0.992805	0.022909
1.095000	0.991273	0.022909
1.100000	0.990993	0.022909
1.105000	0.992031	0.022909
1.110000	0.992179	0.022909
1.115000	0.992871	0.022909
1.120000	0.991850	0.022909
1.125000	0.992756	0.022909
1.130000	0.992855	0.022909
1.135000	0.990729	0.022909
1.140000	0.991223	0.022909
1.145000	0.992690	0.022909
1.150000	0.992789	0.022909
1.155000	0.992805	0.022909
1.160000	0.991306	0.022909
1.165000	0.991619	0.022909
1.170000	0.991586	0.022909
1.175000	0.992410	0.022909
1.180000	0.992212	0.022909
1.185000	0.991322	0.022909
1.190000	0.991059	0.022909
1.195000	0.992064	0.022909
1.200000	0.988604	0.022909
1.205000	0.987615	0.022909
1.210000	0.990054	0.022909
1.215000	0.991190	0.022909
1.220000	0.992311	0.022909
1.225000	0.990647	0.022909
1.230000	0.989312	0.022909
1.235000	0.990647	0.022909
1.240000	0.993118	0.022909
1.245000	0.992327	0.022909
1.250000	0.991751	0.022909
1.255000	0.991075	0.022909
1.260000	0.990465	0.022909
1.265000	0.991635	0.022909
1.270000	0.992657	0.022909
1.275000	0.992690	0.022909
1.280000	0.993382	0.022909
1.285000	0.994123	0.022909
1.290000	0.991899	0.022909
1.295000	0.993168	0.022909
1.300000	0.994552	0.022909
1.305000	0.995326	0.022909
1.310000	0.993646	0.022909
1.315000	0.994486	0.022909
1.320000	0.995425	0.022909
1.325000	0.993827	0.022909
1.330000	0.992212	0.022909
1.335000	0.992558	0.022909
1.340000	0.995063	0.022909
1.345000	0.995656	0.022909
1.350000	0.993843	0.022909
1.355000	0.995507	0.022909
1.360000	0.990459	0.023226
1.365000	0.995589	0.022909
1.370000	0.989839	0.022909
1.375000	0.990459	0.023226
1.380000	0.991833	0.022909
1.385000	0.990459	0.023226
1.390000	0.995787	0.022909
1.395000	0.993448	0.022909
1.400000	0.993151	0.022909
1.405000	0.992855	0.022909
1.410000	0.995886	0.022909
1.415000	0.993052	0.022909
1.420000	0.994716	0.022909
1.425000	0.993003	0.022909
1.430000	0.991899	0.022909
1.435000	0.992608	0.022909
1.440000	0.991668	0.022909
1.445000	0.993168	0.022909
1.450000	0.994321	0.022909
1.455000	0.994519	0.022909
1.460000	0.992723	0.022909
1.465000	0.993893	0.022909
1.470000	0.996068	0.022909
1.475000	0.992344	0.022909
1.480000	0.991042	0.022909
1.485000	0.993679	0.022909
1.490000	0.994091	0.022909
1.495000	0.992146	0.022909
1.500000	0.991553	0.022909
1.505000	0.992443	0.022909
1.510000	0.994750	0.022909
1.515000	0.992822	0.022909
1.520000	0.992146	0.022909
1.525000	0.994733	0.022909
1.530000	0.991355	0.022909
1.535000	0.992673	0.022909
1.540000	0.996364	0.022909
1.545000	0.995310	0.022909
1.550000	0.994881	0.022909
1.555000	0.997238	0.022909
1.560000	0.993036	0.022909
1.565000	0.993382	0.022909
1.570000	0.993547	0.022909
1.575000	0.994585	0.022909
1.580000	0.993069	0.022909
1.585000	0.996381	0.022909
1.590000	0.991388	0.022909
1.595000	0.990927	0.022909
1.600000	0.991372	0.022909
1.605000	0.990861	0.022909
1.610000	0.990630	0.022909
1.615000	0.990927	0.022909
1.620000	0.991981	0.022909
1.625000	0.991635	0.022909
1.630000	0.992097	0.022909
1.635000	0.993695	0.022909
1.640000	0.993975	0.022909
1.645000	0.992196	0.022909
1.650000	0.992377	0.022909
1.655000	0.993975	0.022909
1.660000	0.990218	0.022909
1.665000	0.989263	0.022909
1.670000	0.988439	0.022909
1.675000	0.988620	0.022909
1.680000	0.992723	0.022909
1.685000	0.991141	0.022909
1.690000	0.991190	0.022909
1.695000	0.991652	0.022909
1.700000	0.989740	0.022909
1.705000	0.991438	0.022909
1.710000	0.990877	0.022909
1.715000	0.990877	0.022909
1.720000	0.991883	0.022909
1.725000	0.992196	0.022909
1.730000	0.994552	0.022909
1.735000	0.991536	0.022909
1.740000	0.990597	0.022909
1.745000	0.987269	0.022909
1.750000	0.993481	0.022909
1.755000	0.991355	0.022909
1.760000	0.990433	0.022909
1.765000	0.988274	0.022909
1.770000	0.988521	0.022909
1.775000	0.991751	0.022909
1.780000	0.992311	0.022909
1.785000	0.987219	0.022909
1.790000	0.992476	0.022909
1.795000	0.993810	0.022909
1.800000	0.989444	0.022909
1.805000	0.985934	0.022909
1.810000	0.991157	0.022909
1.815000	0.994057	0.022909
1.820000	0.995210	0.022909
1.825000	0.990459	0.023226
1.830000	0.992805	0.022909
1.835000	0.991619	0.022909
1.840000	0.990400	0.022909
1.845000	0.986545	0.022909
1.850000	0.991586	0.022909
1.855000	0.985755	0.022909
1.860000	0.990459	0.023226
1.865000	0.994847	0.022909
1.870000	0.988489	0.022909
1.875000	0.990459	0.023226
1.880000	0.982149	0.022909
1.885000	0.987632	0.022909
1.890000	0.989823	0.022909
1.895000	0.991141	0.022909
1.900000	0.991948	0.022909
1.905000	0.982921	0.022909
1.910000	0.986199	0.022909
1.915000	0.990459	0.023226
1.920000	0.988324	0.022909
1.925000	0.989988	0.022909
1.930000	0.990910	0.022909
1.935000	0.990459	0.023226
1.940000	0.986478	0.022909
1.945000	0.987121	0.022909
1.950000	0.985474	0.022909
1.955000	0.985902	0.022909
1.960000	0.986100	0.022909
1.965000	0.989016	0.022909
1.970000	0.985539	0.022909
1.975000	0.989460	0.022909
1.980000	0.987483	0.022909
1.985000	0.991405	0.022909
1.990000	0.990828	0.022909
1.995000	0.992789	0.022909
2.000000	0.983678	0.022909
2.005000	0.986396	0.022909
2.010000	0.990647	0.022909
2.015000	0.990459	0.023226
2.020000	0.981619	0.022909
2.025000	0.982755	0.022909
2.030000	0.985754	0.022909
2.035000	0.989016	0.022909
2.040000	0.987385	0.022909
2.045000	0.983117	0.022909
2.050000	0.985391	0.022909
2.055000	0.993316	0.022909
2.060000	0.990630	0.022909
2.065000	0.991190	0.022909
2.070000	0.990449	0.022909
2.075000	0.983183	0.022909
2.080000	0.985638	0.022909
2.085000	0.988966	0.022909
2.090000	0.988834	0.022909
2.095000	0.988933	0.022909
2.100000	0.988076	0.022909
2.105000	0.988455	0.022909
2.110000	0.987994	0.022909
2.115000	0.989312	0.022909
2.120000	0.988109	0.022909
2.125000	0.988159	0.022909
2.130000	0.987137	0.022909
2.135000	0.987780	0.022909
2.140000	0.989197	0.022909
2.145000	0.986907	0.022909
2.150000	0.987648	0.022909
2.155000	0.990202	0.022909
2.160000	0.988571	0.022909
2.165000	0.988192	0.022909
2.170000	0.990515	0.022909
2.175000	0.987648	0.022909
2.180000	0.985622	0.022909
2.185000	0.989279	0.022909
2.190000	0.991190	0.022909
2.195000	0.986726	0.022909
2.200000	0.990828	0.022909
2.205000	0.991322	0.022909
2.210000	0.989625	0.022909
2.215000	0.987220	0.022909
2.220000	0.984535	0.022909
2.225000	0.985886	0.022909
2.230000	0.987319	0.022909
2.235000	0.985853	0.022909
2.240000	0.988637	0.022909
2.245000	0.990465	0.022909
2.250000	0.987731	0.022909
2.255000	0.990630	0.022909
2.260000	0.985721	0.022909
2.265000	0.990087	0.022909
2.270000	0.991701	0.022909
2.275000	0.989922	0.022909
2.280000	0.987418	0.022909
2.285000	0.986479	0.022909
2.290000	0.984947	0.022909
2.295000	0.989329	0.022909
2.300000	0.985062	0.022909
2.305000	0.987879	0.022909
2.310000	0.991256	0.022909
2.315000	0.987286	0.022909
2.320000	0.982904	0.022909
2.325000	0.985326	0.022909
2.330000	0.986446	0.022909
2.335000	0.984074	0.022909
2.340000	0.983975	0.022909
2.345000	0.980598	0.022909
2.350000	0.986545	0.022909
2.355000	0.988818	0.022909
2.360000	0.990459	0.023226
2.365000	0.984766	0.022909
2.370000	0.990459	0.023226
2.375000	0.980352	0.022909
2.380000	0.990459	0.023226
2.385000	0.984338	0.022909
2.390000	0.979857	0.022909
2.395000	0.978852	0.022909
2.400000	0.990459	0.023226
2.405000	0.981801	0.022909
2.410000	0.990459	0.023226
2.415000	0.983613	0.022909
2.420000	0.984684	0.022909
2.425000	0.985145	0.022909
2.430000	0.985656	0.022909
2.435000	0.990459	0.023226
2.440000	0.989000	0.022909
2.445000	0.990459	0.023226
2.450000	0.990459	0.023226
