0.450000	nan	nan
0.455000	nan	nan
0.460000	nan	nan
0.465000	nan	nan
0.470000	nan	nan
0.475000	nan	nan
0.480000	nan	nan
0.485000	nan	nan
0.490000	nan	nan
0.495000	nan	nan
0.500000	nan	nan
0.505000	nan	nan
0.510000	nan	nan
0.515000	nan	nan
0.520000	nan	nan
0.525000	nan	nan
0.530000	nan	nan
0.535000	nan	nan
0.540000	nan	nan
0.545000	nan	nan
0.550000	nan	nan
0.555000	nan	nan
0.560000	nan	nan
0.565000	nan	nan
0.570000	nan	nan
0.575000	nan	nan
0.580000	nan	nan
0.585000	nan	nan
0.590000	nan	nan
0.595000	nan	nan
0.600000	nan	nan
0.605000	nan	nan
0.610000	nan	nan
0.615000	nan	nan
0.620000	nan	nan
0.625000	nan	nan
0.630000	nan	nan
0.635000	nan	nan
0.640000	nan	nan
0.645000	nan	nan
0.650000	nan	nan
0.655000	nan	nan
0.660000	nan	nan
0.665000	nan	nan
0.670000	nan	nan
0.675000	nan	nan
0.680000	nan	nan
0.685000	nan	nan
0.690000	nan	nan
0.695000	nan	nan
0.700000	nan	nan
0.705000	1.130970	0.128510
0.710000	1.097838	0.128493
0.715000	1.121829	0.128467
0.720000	1.170163	0.128482
0.725000	1.251009	0.183604
0.730000	1.136043	0.128432
0.735000	1.175871	0.128419
0.740000	1.154128	0.128397
0.745000	1.181063	0.128398
0.750000	1.166724	0.128414
0.755000	1.164017	0.128420
0.760000	1.184723	0.128415
0.765000	1.251009	0.183604
0.770000	1.148602	0.128380
0.775000	1.165835	0.128389
0.780000	1.163476	0.128388
0.785000	1.119807	0.128382
0.790000	1.122662	0.128380
0.795000	1.135225	0.128373
0.800000	1.140523	0.128378
0.805000	1.118942	0.128378
0.810000	1.119649	0.128374
0.815000	1.113158	0.128380
0.820000	1.103584	0.128381
0.825000	1.097801	0.128383
0.830000	1.087340	0.128371
0.835000	1.092273	0.128372
0.840000	1.094117	0.128366
0.845000	1.097897	0.128363
0.850000	1.093481	0.128369
0.855000	1.081253	0.128367
0.860000	1.063451	0.128365
0.865000	1.055163	0.128366
0.870000	1.060347	0.128379
0.875000	1.048896	0.128374
0.880000	1.037920	0.128360
0.885000	1.031274	0.128361
0.890000	1.029181	0.128355
0.895000	1.045656	0.128366
0.900000	1.064240	0.128366
0.905000	1.060009	0.128361
0.910000	1.032212	0.128364
0.915000	1.021048	0.128360
0.920000	1.033334	0.128357
0.925000	1.048167	0.128369
0.930000	1.251009	0.183604
0.935000	1.251009	0.183604
0.940000	1.060886	0.128368
0.945000	1.047169	0.128370
0.950000	1.027516	0.128370
0.955000	1.018845	0.128363
0.960000	1.014256	0.128359
0.965000	1.031131	0.128361
0.970000	1.045487	0.128357
0.975000	1.037478	0.128356
0.980000	1.029047	0.128358
0.985000	1.043540	0.128352
0.990000	1.054285	0.128359
0.995000	1.037681	0.128353
1.000000	1.041044	0.128354
1.005000	1.055547	0.128350
1.010000	1.058997	0.128357
1.015000	1.072006	0.128357
1.020000	1.073707	0.128351
1.025000	1.069845	0.128350
1.030000	1.068632	0.128352
1.035000	1.067416	0.128351
1.040000	1.081070	0.128351
1.045000	1.083937	0.128354
1.050000	1.069353	0.128354
1.055000	1.051407	0.128353
1.060000	1.048826	0.128350
1.065000	1.070440	0.128359
1.070000	1.089574	0.128350
1.075000	1.089790	0.128350
1.080000	1.090512	0.128353
1.085000	1.100380	0.128355
1.090000	1.102532	0.128358
1.095000	1.096237	0.128356
1.100000	1.104393	0.128359
1.105000	1.102748	0.128358
1.110000	1.100452	0.128355
1.115000	1.115343	0.128365
1.120000	1.103985	0.128369
1.125000	1.113083	0.128379
1.130000	1.125080	0.128374
1.135000	1.149105	0.128382
1.140000	1.160564	0.128402
1.145000	1.128169	0.128383
1.150000	1.251009	0.183604
1.155000	1.156886	0.128377
1.160000	1.251009	0.183604
1.165000	1.188469	0.128373
1.170000	1.174104	0.128373
1.175000	1.175597	0.128366
1.180000	1.172447	0.128362
1.185000	1.183596	0.128359
1.190000	1.187962	0.128366
1.195000	1.171228	0.128358
1.200000	1.175021	0.128362
1.205000	1.186391	0.128367
1.210000	1.201062	0.128393
1.215000	1.208840	0.128377
1.220000	1.188181	0.128370
1.225000	1.196686	0.128370
1.230000	1.189180	0.128369
1.235000	1.206050	0.128373
1.240000	1.206188	0.128366
1.245000	1.173743	0.128370
1.250000	1.181960	0.128368
1.255000	1.199615	0.128370
1.260000	1.193615	0.128373
1.265000	1.181902	0.128381
1.270000	1.217133	0.128383
1.275000	1.241213	0.128384
1.280000	1.223416	0.128371
1.285000	1.222202	0.128375
1.290000	1.242213	0.128377
1.295000	1.244643	0.128378
1.300000	1.206912	0.128380
1.305000	1.187250	0.128369
1.310000	1.203192	0.128373
1.315000	1.237496	0.128378
1.320000	1.233852	0.128379
1.325000	1.220919	0.128381
1.330000	1.249002	0.128385
1.335000	1.260505	0.128390
1.340000	1.243428	0.128378
1.345000	1.231858	0.128402
1.350000	1.233078	0.128422
1.355000	1.251009	0.183604
1.360000	1.225612	0.128510
1.365000	1.244618	0.128867
1.370000	1.295754	0.128990
1.375000	1.251009	0.183604
1.380000	1.286728	0.129311
1.385000	1.251009	0.183604
1.390000	1.279462	0.128837
1.395000	1.251009	0.183604
1.400000	1.251009	0.183604
1.405000	1.251009	0.183604
1.410000	1.285018	0.128660
1.415000	1.301792	0.128592
1.420000	1.292333	0.128569
1.425000	1.386304	0.128543
1.430000	1.388155	0.128509
1.435000	1.310589	0.128473
1.440000	1.310311	0.128464
1.445000	1.306604	0.128459
1.450000	1.393989	0.128449
1.455000	1.384671	0.128432
1.460000	1.319408	0.128432
1.465000	1.319212	0.128414
1.470000	1.375088	0.128440
1.475000	1.450604	0.128447
1.480000	1.402850	0.128445
1.485000	1.407454	0.128430
1.490000	1.375127	0.128458
1.495000	1.313149	0.128405
1.500000	1.386567	0.128413
1.505000	1.451033	0.128399
1.510000	1.336171	0.128389
1.515000	1.251009	0.183604
1.520000	1.354152	0.128405
1.525000	1.387808	0.128399
1.530000	1.305159	0.128393
1.535000	1.327738	0.128391
1.540000	1.382075	0.128408
1.545000	1.468169	0.128402
1.550000	1.441765	0.128392
1.555000	1.373176	0.128392
1.560000	1.389613	0.128390
1.565000	1.406703	0.128415
1.570000	1.405250	0.128394
1.575000	1.418402	0.128421
1.580000	1.543188	0.128416
1.585000	1.471893	0.128399
1.590000	1.396801	0.128403
1.595000	1.389804	0.128402
1.600000	1.429646	0.128409
1.605000	1.482963	0.128400
1.610000	1.286149	0.128402
1.615000	1.251009	0.183604
1.620000	1.342699	0.128422
1.625000	1.407325	0.128393
1.630000	1.334221	0.128405
1.635000	1.393261	0.128422
1.640000	1.417945	0.128404
1.645000	1.397991	0.128414
1.650000	1.392380	0.128399
1.655000	1.275935	0.128400
1.660000	1.270647	0.128404
1.665000	1.259074	0.128408
1.670000	1.228286	0.128402
1.675000	1.258861	0.128397
1.680000	1.319218	0.128408
1.685000	1.317803	0.128394
1.690000	1.239290	0.128416
1.695000	1.279217	0.128408
1.700000	1.341007	0.128405
1.705000	1.291581	0.128398
1.710000	1.221710	0.128393
1.715000	1.207500	0.128405
1.720000	1.308425	0.128416
1.725000	1.395542	0.128424
1.730000	1.404659	0.128434
1.735000	1.311637	0.128418
1.740000	1.312469	0.128446
1.745000	1.393404	0.128422
1.750000	1.346502	0.128410
1.755000	1.299930	0.128411
1.760000	1.328259	0.128434
1.765000	1.325140	0.128414
1.770000	1.266500	0.128421
1.775000	1.206788	0.128408
1.780000	1.188096	0.128432
1.785000	1.294130	0.128433
1.790000	1.332152	0.128463
1.795000	1.314159	0.128471
1.800000	1.212322	0.128468
1.805000	1.144015	0.128506
1.810000	1.217913	0.128517
1.815000	1.145193	0.128529
1.820000	1.137340	0.128607
1.825000	1.144718	0.128634
1.830000	1.104703	0.128857
1.835000	1.284719	0.129382
1.840000	1.302190	0.130075
1.845000	1.184373	0.130955
1.850000	1.251009	0.183604
1.855000	1.251009	0.183604
1.860000	1.251009	0.183604
1.865000	1.205647	0.129749
1.870000	1.384931	0.131540
1.875000	1.251009	0.183604
1.880000	1.218095	0.131206
1.885000	1.178486	0.130305
1.890000	1.305810	0.129412
1.895000	1.257063	0.129306
1.900000	1.325535	0.129452
1.905000	1.401105	0.129915
1.910000	1.251009	0.183604
1.915000	1.269804	0.129844
1.920000	1.184477	0.129512
1.925000	1.279159	0.129216
1.930000	1.268314	0.129129
1.935000	1.138460	0.128890
1.940000	1.310390	0.129092
1.945000	1.251009	0.183604
1.950000	1.348560	0.128809
1.955000	1.265134	0.128802
1.960000	1.349098	0.128733
1.965000	1.300276	0.128716
1.970000	1.167605	0.128606
1.975000	1.252925	0.128617
1.980000	1.310857	0.128571
1.985000	1.288867	0.128523
1.990000	1.273614	0.128503
1.995000	1.259561	0.128509
2.000000	1.302198	0.128620
2.005000	1.404619	0.128731
2.010000	1.251009	0.183604
2.015000	1.398392	0.128878
2.020000	1.223652	0.128772
2.025000	1.341010	0.128721
2.030000	1.410238	0.128580
2.035000	1.342064	0.128522
2.040000	1.175797	0.128544
2.045000	1.231537	0.128528
2.050000	1.400517	0.128562
2.055000	1.390866	0.128577
2.060000	1.284699	0.128586
2.065000	1.303653	0.128671
2.070000	1.341202	0.128631
2.075000	1.294974	0.128670
2.080000	1.304672	0.128554
2.085000	1.340678	0.128651
2.090000	1.311488	0.128583
2.095000	1.333247	0.128559
2.100000	1.335608	0.128551
2.105000	1.236256	0.128588
2.110000	1.290743	0.128605
2.115000	1.334882	0.128562
2.120000	1.272164	0.128576
2.125000	1.205316	0.128554
2.130000	1.228112	0.128521
2.135000	1.271956	0.128559
2.140000	1.246014	0.128554
2.145000	1.258980	0.128598
2.150000	1.350974	0.128619
2.155000	1.331345	0.128600
2.160000	1.269156	0.128635
2.165000	1.279425	0.128591
2.170000	1.310003	0.128651
2.175000	1.273149	0.128614
2.180000	1.296731	0.128598
2.185000	1.364022	0.128651
2.190000	1.394625	0.128651
2.195000	1.381543	0.128644
2.200000	1.366011	0.128570
2.205000	1.341306	0.128607
2.210000	1.322888	0.128582
2.215000	1.278917	0.128614
2.220000	1.223733	0.128624
2.225000	1.287225	0.128658
2.230000	1.376937	0.128595
2.235000	1.303041	0.128635
2.240000	1.253351	0.128650
2.245000	1.383307	0.128652
2.250000	1.515586	0.128658
2.255000	1.494299	0.128719
2.260000	1.524142	0.128672
2.265000	1.504727	0.128725
2.270000	1.490246	0.128719
2.275000	1.452054	0.128723
2.280000	1.437284	0.128717
2.285000	1.494205	0.128725
2.290000	1.251009	0.183604
2.295000	1.251009	0.183604
2.300000	1.372177	0.128667
2.305000	1.306212	0.128760
2.310000	1.251009	0.183604
2.315000	1.251009	0.183604
2.320000	1.460889	0.128740
2.325000	1.303264	0.128713
2.330000	1.261608	0.128646
2.335000	1.307743	0.128631
2.340000	1.265636	0.128779
2.345000	1.361084	0.128792
2.350000	1.473487	0.128841
2.355000	1.526893	0.128797
2.360000	1.302508	0.128771
2.365000	1.325870	0.128844
2.370000	1.572132	0.129002
2.375000	1.461160	0.128879
2.380000	1.370571	0.128887
2.385000	1.526213	0.128995
2.390000	1.552087	0.128957
2.395000	1.251009	0.183604
2.400000	1.251009	0.183604
2.405000	1.594230	0.129041
2.410000	1.528081	0.129039
2.415000	1.597478	0.129015
2.420000	nan	nan
2.425000	nan	nan
2.430000	nan	nan
2.435000	nan	nan
2.440000	nan	nan
2.445000	nan	nan
2.450000	nan	nan
