0.450000	nan	nan
0.455000	nan	nan
0.460000	nan	nan
0.465000	nan	nan
0.470000	nan	nan
0.475000	nan	nan
0.480000	nan	nan
0.485000	nan	nan
0.490000	nan	nan
0.495000	nan	nan
0.500000	nan	nan
0.505000	nan	nan
0.510000	nan	nan
0.515000	nan	nan
0.520000	nan	nan
0.525000	nan	nan
0.530000	nan	nan
0.535000	nan	nan
0.540000	nan	nan
0.545000	nan	nan
0.550000	nan	nan
0.555000	nan	nan
0.560000	nan	nan
0.565000	nan	nan
0.570000	nan	nan
0.575000	nan	nan
0.580000	nan	nan
0.585000	nan	nan
0.590000	nan	nan
0.595000	nan	nan
0.600000	nan	nan
0.605000	nan	nan
0.610000	nan	nan
0.615000	nan	nan
0.620000	nan	nan
0.625000	nan	nan
0.630000	nan	nan
0.635000	nan	nan
0.640000	nan	nan
0.645000	nan	nan
0.650000	nan	nan
0.655000	nan	nan
0.660000	nan	nan
0.665000	nan	nan
0.670000	nan	nan
0.675000	nan	nan
0.680000	nan	nan
0.685000	nan	nan
0.690000	nan	nan
0.695000	0.902071	0.008521
0.700000	0.895763	0.008512
0.705000	0.912591	0.008506
0.710000	0.906388	0.008501
0.715000	0.909672	0.008498
0.720000	0.923413	0.008495
0.725000	0.921183	0.008494
0.730000	1.026505	0.033895
0.735000	0.939669	0.008491
0.740000	0.938506	0.008490
0.745000	1.026505	0.033895
0.750000	0.965129	0.008492
0.755000	0.925439	0.008491
0.760000	1.026505	0.033895
0.765000	0.928435	0.008488
0.770000	0.950990	0.008487
0.775000	0.961542	0.008487
0.780000	0.966188	0.008487
0.785000	0.963865	0.008487
0.790000	0.963671	0.008486
0.795000	0.970835	0.008486
0.800000	0.968705	0.008486
0.805000	0.966769	0.008486
0.810000	0.967253	0.008486
0.815000	0.969092	0.008486
0.820000	0.974610	0.008486
0.825000	0.972770	0.008486
0.830000	0.971609	0.008486
0.835000	0.972770	0.008486
0.840000	0.978095	0.008486
0.845000	0.983613	0.008486
0.850000	0.982161	0.008485
0.855000	0.980612	0.008485
0.860000	0.981096	0.008485
0.865000	0.986517	0.008485
0.870000	0.991067	0.008485
0.875000	0.981579	0.008485
0.880000	0.985258	0.008485
0.885000	0.980611	0.008484
0.890000	0.965798	0.008484
0.895000	0.977416	0.008484
0.900000	0.987678	0.008484
0.905000	0.994358	0.008484
0.910000	1.004911	0.008484
0.915000	1.008493	0.008484
0.920000	1.010236	0.008484
0.925000	1.018368	0.008484
0.930000	1.014592	0.008484
0.935000	1.016238	0.008484
0.940000	0.999392	0.008484
0.945000	0.990873	0.008484
0.950000	0.995810	0.008483
0.955000	0.998908	0.008483
0.960000	1.002781	0.008483
0.965000	1.002878	0.008483
0.970000	1.003652	0.008483
0.975000	1.000554	0.008483
0.980000	1.002877	0.008483
0.985000	1.000844	0.008483
0.990000	0.998521	0.008483
0.995000	1.000844	0.008483
1.000000	0.998521	0.008483
1.005000	0.999198	0.008483
1.010000	1.005201	0.008483
1.015000	1.000844	0.008483
1.020000	0.992228	0.008483
1.025000	0.991163	0.008483
1.030000	0.996197	0.008483
1.035000	1.000457	0.008483
1.040000	1.003458	0.008483
1.045000	1.006169	0.008483
1.050000	1.001812	0.008483
1.055000	1.002974	0.008483
1.060000	1.002490	0.008483
1.065000	1.002103	0.008483
1.070000	1.006750	0.008483
1.075000	1.011107	0.008483
1.080000	1.007815	0.008483
1.085000	1.009751	0.008483
1.090000	1.010235	0.008483
1.095000	1.012365	0.008483
1.100000	1.016722	0.008483
1.105000	1.015173	0.008483
1.110000	1.013237	0.008483
1.115000	1.012172	0.008483
1.120000	1.018949	0.008483
1.125000	1.026113	0.008484
1.130000	1.026210	0.008484
1.135000	1.021272	0.008484
1.140000	1.011397	0.008484
1.145000	1.005104	0.008484
1.150000	1.004717	0.008483
1.155000	1.005685	0.008483
1.160000	1.012172	0.008484
1.165000	1.018174	0.008483
1.170000	1.022628	0.008483
1.175000	1.019433	0.008483
1.180000	1.020982	0.008483
1.185000	1.019433	0.008483
1.190000	1.016722	0.008483
1.195000	1.022240	0.008483
1.200000	1.025242	0.008484
1.205000	1.016141	0.008484
1.210000	1.015754	0.008484
1.215000	1.031534	0.008484
1.220000	1.034632	0.008484
1.225000	1.025145	0.008484
1.230000	1.021756	0.008484
1.235000	1.022724	0.008484
1.240000	1.016916	0.008484
1.245000	1.021369	0.008484
1.250000	1.037440	0.008484
1.255000	1.031534	0.008484
1.260000	1.038118	0.008484
1.265000	1.019626	0.008484
1.270000	1.018852	0.008484
1.275000	1.026984	0.008484
1.280000	1.041409	0.008484
1.285000	1.035213	0.008484
1.290000	1.029405	0.008484
1.295000	1.039376	0.008484
1.300000	1.035213	0.008484
1.305000	1.037150	0.008484
1.310000	1.042474	0.008484
1.315000	1.038989	0.008484
1.320000	1.027081	0.008484
1.325000	1.026505	0.033895
1.330000	1.025532	0.008484
1.335000	1.035988	0.008484
1.340000	1.037150	0.008484
1.345000	1.039860	0.008485
1.350000	1.038021	0.008486
1.355000	1.037246	0.008487
1.360000	1.036955	0.008489
1.365000	1.040150	0.008490
1.370000	1.052346	0.008491
1.375000	1.020208	0.008489
1.380000	1.035600	0.008491
1.385000	1.026505	0.033895
1.390000	1.036761	0.008490
1.395000	1.041408	0.008490
1.400000	1.042860	0.008489
1.405000	1.026505	0.033895
1.410000	1.050895	0.008489
1.415000	1.021950	0.008486
1.420000	1.045765	0.008487
1.425000	1.043829	0.008487
1.430000	1.042086	0.008487
1.435000	1.041506	0.008487
1.440000	1.048766	0.008487
1.445000	1.032599	0.008486
1.450000	1.024951	0.008486
1.455000	1.028146	0.008486
1.460000	1.038214	0.008486
1.465000	1.041215	0.008486
1.470000	1.039376	0.008486
1.475000	1.048379	0.008486
1.480000	1.048960	0.008486
1.485000	1.043248	0.008485
1.490000	1.052445	0.008485
1.495000	1.045475	0.008486
1.500000	1.032793	0.008485
1.505000	1.024370	0.008485
1.510000	1.043926	0.008485
1.515000	1.049444	0.008485
1.520000	1.052639	0.008485
1.525000	1.026505	0.033895
1.530000	1.026505	0.033895
1.535000	1.034245	0.008485
1.540000	1.026505	0.033895
1.545000	1.055156	0.008486
1.550000	1.063191	0.008486
1.555000	1.049444	0.008486
1.560000	1.041409	0.008485
1.565000	1.054285	0.008486
1.570000	1.057770	0.008485
1.575000	1.054382	0.008485
1.580000	1.049251	0.008486
1.585000	1.042087	0.008486
1.590000	1.041119	0.008485
1.595000	1.050025	0.008487
1.600000	1.050509	0.008486
1.605000	1.046249	0.008486
1.610000	1.045959	0.008486
1.615000	1.046540	0.008486
1.620000	1.059803	0.008486
1.625000	1.054769	0.008486
1.630000	1.046637	0.008486
1.635000	1.051284	0.008486
1.640000	1.062126	0.008486
1.645000	1.040247	0.008487
1.650000	1.036568	0.008486
1.655000	1.051574	0.008486
1.660000	1.059415	0.008486
1.665000	1.052348	0.008487
1.670000	1.041215	0.008486
1.675000	1.061254	0.008487
1.680000	1.078196	0.008487
1.685000	1.081100	0.008487
1.690000	1.068128	0.008487
1.695000	1.053219	0.008488
1.700000	1.047314	0.008487
1.705000	1.047217	0.008487
1.710000	1.054768	0.008487
1.715000	1.056026	0.008488
1.720000	1.061060	0.008489
1.725000	1.061157	0.008488
1.730000	1.047217	0.008488
1.735000	1.053606	0.008488
1.740000	1.063964	0.008488
1.745000	1.059898	0.008488
1.750000	1.056220	0.008489
1.755000	1.047894	0.008488
1.760000	1.042860	0.008488
1.765000	1.046249	0.008488
1.770000	1.048862	0.008489
1.775000	1.045861	0.008489
1.780000	1.062608	0.008490
1.785000	1.045958	0.008489
1.790000	1.030276	0.008489
1.795000	1.046539	0.008490
1.800000	1.069384	0.008491
1.805000	1.073545	0.008493
1.810000	1.053604	0.008493
1.815000	1.048086	0.008494
1.820000	1.047311	0.008496
1.825000	1.053408	0.008498
1.830000	1.065023	0.008499
1.835000	1.042083	0.008502
1.840000	1.044017	0.008506
1.845000	1.026505	0.033895
1.850000	1.026505	0.033895
1.855000	1.043241	0.008512
1.860000	1.026505	0.033895
1.865000	1.037726	0.008510
1.870000	1.035403	0.008513
1.875000	1.077983	0.008511
1.880000	1.049244	0.008505
1.885000	1.071694	0.008509
1.890000	1.066472	0.008503
1.895000	1.080893	0.008503
1.900000	1.070632	0.008506
1.905000	1.042662	0.008508
1.910000	1.035307	0.008510
1.915000	1.039178	0.008509
1.920000	1.040437	0.008506
1.925000	1.055825	0.008505
1.930000	1.056406	0.008504
1.935000	1.066279	0.008501
1.940000	1.056214	0.008501
1.945000	1.038115	0.008501
1.950000	1.072665	0.008505
1.955000	1.067051	0.008506
1.960000	1.046824	0.008507
1.965000	1.071889	0.008508
1.970000	1.068891	0.008504
1.975000	1.057278	0.008501
1.980000	1.048956	0.008498
1.985000	1.044020	0.008497
1.990000	1.038503	0.008497
1.995000	1.064925	0.008500
2.000000	1.068403	0.008509
2.005000	1.035113	0.008509
2.010000	1.044879	0.008538
2.015000	1.040720	0.008534
2.020000	1.041401	0.008521
2.025000	1.054080	0.008512
2.030000	1.052922	0.008503
2.035000	1.055246	0.008501
2.040000	1.053698	0.008500
2.045000	1.062408	0.008501
2.050000	1.062600	0.008503
2.055000	1.052340	0.008507
2.060000	1.048274	0.008510
2.065000	1.036662	0.008508
2.070000	1.030081	0.008507
2.075000	1.043243	0.008506
2.080000	1.044212	0.008503
2.085000	1.065892	0.008502
2.090000	1.050890	0.008501
2.095000	1.023693	0.008500
2.100000	1.022629	0.008501
2.105000	1.023403	0.008501
2.110000	1.038114	0.008502
2.115000	1.056407	0.008503
2.120000	1.043535	0.008502
2.125000	1.037630	0.008504
2.130000	1.035598	0.008502
2.135000	1.031243	0.008502
2.140000	1.039953	0.008502
2.145000	1.042469	0.008503
2.150000	1.030275	0.008502
2.155000	1.046243	0.008506
2.160000	1.034823	0.008505
2.165000	1.013049	0.008509
2.170000	1.002692	0.008505
2.175000	1.026505	0.033895
2.180000	1.036372	0.008505
2.185000	1.048565	0.008510
2.190000	1.007919	0.008507
2.195000	1.013048	0.008506
2.200000	1.038694	0.008507
2.205000	1.038984	0.008509
2.210000	1.041597	0.008510
2.215000	1.047886	0.008512
2.220000	1.022629	0.008510
2.225000	1.019629	0.008508
2.230000	1.032500	0.008510
2.235000	1.026016	0.008509
2.240000	1.032403	0.008510
2.245000	1.057854	0.008511
2.250000	1.069079	0.008512
2.255000	1.060949	0.008515
2.260000	1.044015	0.008512
2.265000	1.014501	0.008513
2.270000	1.029113	0.008512
2.275000	1.061043	0.008519
2.280000	1.038306	0.008513
2.285000	1.058044	0.008518
2.290000	1.021856	0.008518
2.295000	1.015856	0.008518
2.300000	1.006180	0.008516
2.305000	1.019436	0.008517
2.310000	1.024371	0.008517
2.315000	1.033080	0.008518
2.320000	1.041691	0.008520
2.325000	1.061137	0.008524
2.330000	1.015276	0.008518
2.335000	1.055817	0.008522
2.340000	1.051850	0.008522
2.345000	1.024275	0.008524
2.350000	1.010343	0.008525
2.355000	1.032015	0.008527
2.360000	1.045173	0.008526
2.365000	1.040238	0.008530
2.370000	1.036078	0.008528
2.375000	1.050684	0.008534
2.380000	1.071677	0.008533
2.385000	1.022050	0.008530
2.390000	1.003669	0.008531
2.395000	1.033659	0.008533
2.400000	1.021276	0.008531
2.405000	1.010537	0.008528
2.410000	1.034723	0.008535
2.415000	1.038592	0.008534
2.420000	1.043427	0.008540
2.425000	0.999995	0.008535
2.430000	1.026505	0.033895
2.435000	0.965458	0.008532
2.440000	0.991099	0.008541
2.445000	1.003580	0.008551
2.450000	1.077749	0.008560
