0.450000	0.947897	0.006019
0.455000	0.951699	0.005938
0.460000	0.955399	0.005887
0.465000	0.958986	0.005857
0.470000	0.962452	0.005840
0.475000	0.965790	0.005830
0.480000	0.968995	0.005825
0.485000	0.972065	0.005822
0.490000	0.975000	0.005820
0.495000	0.977801	0.005817
0.500000	0.980473	0.005813
0.505000	0.983022	0.005809
0.510000	0.985455	0.005805
0.515000	0.987780	0.005801
0.520000	0.990009	0.005797
0.525000	0.992153	0.005794
0.530000	0.994223	0.005791
0.535000	0.996233	0.005788
0.540000	0.998195	0.005786
0.545000	1.000124	0.005785
0.550000	1.002032	0.005784
0.555000	1.003932	0.005784
0.560000	1.005837	0.005784
0.565000	1.007758	0.005783
0.570000	1.009705	0.005783
0.575000	1.011690	0.005783
0.580000	1.013718	0.005783
0.585000	1.015799	0.005782
0.590000	1.017936	0.005781
0.595000	1.020134	0.005781
0.600000	1.022394	0.005780
0.605000	1.024718	0.005779
0.610000	1.027103	0.005779
0.615000	1.029546	0.005778
0.620000	1.032043	0.005777
0.625000	1.034588	0.005777
0.630000	1.037173	0.005776
0.635000	1.039790	0.005776
0.640000	1.042427	0.005776
0.645000	1.045075	0.005775
0.650000	1.047720	0.005775
0.655000	1.050352	0.005775
0.660000	1.052956	0.005775
0.665000	1.055521	0.005775
0.670000	1.058032	0.005775
0.675000	1.060478	0.005775
0.680000	1.062845	0.005775
0.685000	1.065124	0.005776
0.690000	1.067302	0.005776
0.695000	1.069370	0.005776
0.700000	1.071321	0.005776
0.705000	1.073147	0.005777
0.710000	1.074843	0.005777
0.715000	1.076404	0.005777
0.720000	1.077830	0.005778
0.725000	1.079119	0.005778
0.730000	1.080273	0.005779
0.735000	1.081296	0.005779
0.740000	1.082192	0.005780
0.745000	1.082969	0.005781
0.750000	1.083634	0.005781
0.755000	1.084198	0.005782
0.760000	1.084672	0.005783
0.765000	1.085069	0.005783
0.770000	1.085402	0.005784
0.775000	1.085687	0.005785
0.780000	1.085938	0.005786
0.785000	1.086171	0.005787
0.790000	1.086403	0.005788
0.795000	1.086650	0.005790
0.800000	1.086929	0.005791
0.805000	1.087254	0.005793
0.810000	1.087643	0.005795
0.815000	1.088108	0.005797
0.820000	1.088665	0.005799
0.825000	1.089326	0.005801
0.830000	1.090102	0.005804
0.835000	1.091003	0.005806
0.840000	1.092039	0.005809
0.845000	1.093216	0.005811
0.850000	1.094539	0.005814
0.855000	1.096014	0.005816
0.860000	1.097641	0.005819
0.865000	1.099422	0.005821
0.870000	1.101355	0.005823
0.875000	1.103438	0.005825
0.880000	1.105666	0.005826
0.885000	1.108034	0.005827
0.890000	1.110534	0.005828
0.895000	1.113160	0.005829
0.900000	1.115901	0.005830
0.905000	1.118749	0.005830
0.910000	1.121691	0.005831
0.915000	1.124718	0.005831
0.920000	1.127817	0.005831
0.925000	1.130976	0.005831
0.930000	1.134185	0.005831
0.935000	1.137431	0.005831
0.940000	1.140703	0.005830
0.945000	1.143991	0.005830
0.950000	1.147283	0.005830
0.955000	1.150571	0.005830
0.960000	1.153846	0.005830
0.965000	1.157099	0.005830
0.970000	1.160325	0.005830
0.975000	1.163517	0.005831
0.980000	1.166671	0.005831
0.985000	1.169783	0.005831
0.990000	1.172850	0.005831
0.995000	1.175872	0.005831
1.000000	1.178847	0.005831
1.005000	1.181776	0.005831
1.010000	1.184661	0.005831
1.015000	1.187504	0.005831
1.020000	1.190309	0.005832
1.025000	1.193078	0.005832
1.030000	1.195816	0.005832
1.035000	1.198528	0.005831
1.040000	1.201219	0.005831
1.045000	1.203895	0.005831
1.050000	1.206559	0.005831
1.055000	1.209219	0.005831
1.060000	1.211878	0.005831
1.065000	1.214542	0.005831
1.070000	1.217215	0.005831
1.075000	1.219902	0.005831
1.080000	1.222605	0.005831
1.085000	1.225329	0.005832
1.090000	1.228076	0.005832
1.095000	1.230848	0.005832
1.100000	1.233645	0.005832
1.105000	1.236468	0.005832
1.110000	1.239318	0.005832
1.115000	1.242194	0.005832
1.120000	1.245093	0.005832
1.125000	1.248015	0.005832
1.130000	1.250957	0.005832
1.135000	1.253915	0.005832
1.140000	1.256886	0.005832
1.145000	1.259866	0.005832
1.150000	1.262852	0.005832
1.155000	1.265839	0.005832
1.160000	1.268823	0.005832
1.165000	1.271799	0.005832
1.170000	1.274763	0.005832
1.175000	1.277710	0.005832
1.180000	1.280637	0.005832
1.185000	1.283539	0.005832
1.190000	1.286413	0.005832
1.195000	1.289255	0.005832
1.200000	1.292063	0.005832
1.205000	1.294834	0.005832
1.210000	1.297567	0.005832
1.215000	1.300259	0.005832
1.220000	1.302910	0.005832
1.225000	1.305519	0.005832
1.230000	1.308086	0.005832
1.235000	1.310612	0.005832
1.240000	1.313097	0.005832
1.245000	1.315542	0.005832
1.250000	1.317949	0.005832
1.255000	1.320321	0.005832
1.260000	1.322659	0.005832
1.265000	1.324965	0.005832
1.270000	1.327242	0.005832
1.275000	1.329494	0.005832
1.280000	1.331722	0.005832
1.285000	1.333931	0.005833
1.290000	1.336122	0.005833
1.295000	1.338298	0.005834
1.300000	1.340462	0.005834
1.305000	1.342617	0.005835
1.310000	1.344764	0.005835
1.315000	1.346907	0.005836
1.320000	1.349046	0.005836
1.325000	1.351184	0.005837
1.330000	1.353321	0.005837
1.335000	1.355459	0.005838
1.340000	1.357599	0.005838
1.345000	1.359741	0.005839
1.350000	1.361885	0.005839
1.355000	1.364032	0.005839
1.360000	1.366180	0.005839
1.365000	1.368330	0.005839
1.370000	1.370481	0.005839
1.375000	1.372632	0.005839
1.380000	1.374782	0.005839
1.385000	1.376930	0.005839
1.390000	1.379076	0.005838
1.395000	1.381217	0.005838
1.400000	1.383353	0.005837
1.405000	1.385483	0.005837
1.410000	1.387605	0.005836
1.415000	1.389719	0.005836
1.420000	1.391824	0.005835
1.425000	1.393919	0.005835
1.430000	1.396004	0.005834
1.435000	1.398078	0.005834
1.440000	1.400141	0.005833
1.445000	1.402192	0.005833
1.450000	1.404232	0.005833
1.455000	1.406261	0.005833
1.460000	1.408278	0.005833
1.465000	1.410285	0.005832
1.470000	1.412283	0.005832
1.475000	1.414270	0.005832
1.480000	1.416249	0.005832
1.485000	1.418221	0.005832
1.490000	1.420185	0.005832
1.495000	1.422142	0.005832
1.500000	1.424094	0.005832
1.505000	1.426042	0.005832
1.510000	1.427985	0.005832
1.515000	1.429925	0.005832
1.520000	1.431863	0.005832
1.525000	1.433798	0.005832
1.530000	1.435731	0.005832
1.535000	1.437663	0.005832
1.540000	1.439593	0.005832
1.545000	1.441522	0.005832
1.550000	1.443449	0.005832
1.555000	1.445374	0.005832
1.560000	1.447297	0.005832
1.565000	1.449218	0.005832
1.570000	1.451135	0.005832
1.575000	1.453048	0.005832
1.580000	1.454957	0.005832
1.585000	1.456860	0.005832
1.590000	1.458756	0.005832
1.595000	1.460646	0.005832
1.600000	1.462527	0.005832
1.605000	1.464399	0.005832
1.610000	1.466260	0.005832
1.615000	1.468111	0.005832
1.620000	1.469951	0.005832
1.625000	1.471777	0.005832
1.630000	1.473591	0.005832
1.635000	1.475392	0.005832
1.640000	1.477178	0.005832
1.645000	1.478951	0.005832
1.650000	1.480709	0.005832
1.655000	1.482453	0.005832
1.660000	1.484183	0.005833
1.665000	1.485899	0.005833
1.670000	1.487601	0.005833
1.675000	1.489290	0.005833
1.680000	1.490967	0.005833
1.685000	1.492633	0.005833
1.690000	1.494287	0.005833
1.695000	1.495932	0.005833
1.700000	1.497567	0.005833
1.705000	1.499195	0.005833
1.710000	1.500816	0.005833
1.715000	1.502430	0.005833
1.720000	1.504040	0.005833
1.725000	1.505646	0.005833
1.730000	1.507249	0.005833
1.735000	1.508851	0.005833
1.740000	1.510451	0.005833
1.745000	1.512052	0.005833
1.750000	1.513653	0.005833
1.755000	1.515256	0.005833
1.760000	1.516860	0.005834
1.765000	1.518468	0.005834
1.770000	1.520078	0.005834
1.775000	1.521692	0.005834
1.780000	1.523310	0.005835
1.785000	1.524932	0.005835
1.790000	1.526558	0.005836
1.795000	1.528187	0.005836
1.800000	1.529821	0.005837
1.805000	1.531459	0.005838
1.810000	1.533100	0.005838
1.815000	1.534745	0.005839
1.820000	1.536393	0.005840
1.825000	1.538044	0.005841
1.830000	1.539698	0.005842
1.835000	1.541354	0.005843
1.840000	1.543013	0.005844
1.845000	1.544673	0.005844
1.850000	1.546335	0.005845
1.855000	1.547998	0.005846
1.860000	1.549662	0.005846
1.865000	1.551327	0.005847
1.870000	1.552993	0.005847
1.875000	1.554659	0.005847
1.880000	1.556326	0.005847
1.885000	1.557993	0.005847
1.890000	1.559660	0.005847
1.895000	1.561328	0.005846
1.900000	1.562995	0.005846
1.905000	1.564663	0.005845
1.910000	1.566330	0.005844
1.915000	1.567997	0.005844
1.920000	1.569664	0.005843
1.925000	1.571331	0.005842
1.930000	1.572997	0.005841
1.935000	1.574663	0.005840
1.940000	1.576329	0.005840
1.945000	1.577993	0.005839
1.950000	1.579656	0.005838
1.955000	1.581318	0.005838
1.960000	1.582979	0.005838
1.965000	1.584637	0.005837
1.970000	1.586294	0.005837
1.975000	1.587947	0.005837
1.980000	1.589598	0.005837
1.985000	1.591245	0.005836
1.990000	1.592889	0.005836
1.995000	1.594528	0.005836
2.000000	1.596163	0.005836
2.005000	1.597792	0.005836
2.010000	1.599417	0.005837
2.015000	1.601036	0.005837
2.020000	1.602649	0.005836
2.025000	1.604256	0.005836
2.030000	1.605858	0.005836
2.035000	1.607453	0.005836
2.040000	1.609042	0.005836
2.045000	1.610625	0.005836
2.050000	1.612203	0.005836
2.055000	1.613775	0.005836
2.060000	1.615342	0.005836
2.065000	1.616905	0.005835
2.070000	1.618463	0.005835
2.075000	1.620018	0.005835
2.080000	1.621570	0.005835
2.085000	1.623121	0.005835
2.090000	1.624669	0.005835
2.095000	1.626217	0.005835
2.100000	1.627765	0.005835
2.105000	1.629315	0.005836
2.110000	1.630865	0.005836
2.115000	1.632418	0.005836
2.120000	1.633974	0.005836
2.125000	1.635532	0.005836
2.130000	1.637095	0.005836
2.135000	1.638662	0.005836
2.140000	1.640233	0.005836
2.145000	1.641808	0.005836
2.150000	1.643388	0.005836
2.155000	1.644971	0.005836
2.160000	1.646558	0.005837
2.165000	1.648148	0.005837
2.170000	1.649740	0.005837
2.175000	1.651334	0.005837
2.180000	1.652928	0.005837
2.185000	1.654521	0.005837
2.190000	1.656112	0.005837
2.195000	1.657700	0.005837
2.200000	1.659282	0.005838
2.205000	1.660859	0.005838
2.210000	1.662428	0.005839
2.215000	1.663987	0.005839
2.220000	1.665535	0.005839
2.225000	1.667071	0.005840
2.230000	1.668594	0.005840
2.235000	1.670101	0.005841
2.240000	1.671593	0.005841
2.245000	1.673067	0.005841
2.250000	1.674524	0.005841
2.255000	1.675963	0.005841
2.260000	1.677383	0.005841
2.265000	1.678784	0.005842
2.270000	1.680167	0.005842
2.275000	1.681533	0.005842
2.280000	1.682881	0.005842
2.285000	1.684213	0.005842
2.290000	1.685531	0.005843
2.295000	1.686835	0.005844
2.300000	1.688127	0.005845
2.305000	1.689411	0.005846
2.310000	1.690686	0.005847
2.315000	1.691957	0.005848
2.320000	1.693224	0.005850
2.325000	1.694491	0.005851
2.330000	1.695760	0.005852
2.335000	1.697032	0.005853
2.340000	1.698311	0.005854
2.345000	1.699598	0.005855
2.350000	1.700895	0.005855
2.355000	1.702203	0.005856
2.360000	1.703523	0.005856
2.365000	1.704856	0.005856
2.370000	1.706201	0.005856
2.375000	1.707560	0.005857
2.380000	1.708929	0.005858
2.385000	1.710308	0.005860
2.390000	1.711694	0.005862
2.395000	1.713084	0.005866
2.400000	1.714474	0.005870
2.405000	1.715859	0.005875
2.410000	1.717235	0.005881
2.415000	1.718593	0.005888
2.420000	1.719929	0.005894
2.425000	1.721232	0.005899
2.430000	1.722496	0.005904
2.435000	1.723710	0.005907
2.440000	1.724865	0.005909
2.445000	1.725949	0.005910
2.450000	1.726952	0.005910
