0.450000	0.843547	0.006556
0.455000	0.851258	0.006484
0.460000	0.859191	0.006447
0.465000	0.867305	0.006430
0.470000	0.875560	0.006423
0.475000	0.883917	0.006419
0.480000	0.892341	0.006416
0.485000	0.900798	0.006411
0.490000	0.909256	0.006406
0.495000	0.917685	0.006400
0.500000	0.926060	0.006393
0.505000	0.934356	0.006388
0.510000	0.942551	0.006384
0.515000	0.950626	0.006380
0.520000	0.958566	0.006378
0.525000	0.966355	0.006377
0.530000	0.973984	0.006376
0.535000	0.981441	0.006376
0.540000	0.988723	0.006375
0.545000	0.995823	0.006375
0.550000	1.002740	0.006375
0.555000	1.009475	0.006374
0.560000	1.016031	0.006373
0.565000	1.022411	0.006372
0.570000	1.028624	0.006370
0.575000	1.034677	0.006369
0.580000	1.040581	0.006368
0.585000	1.046349	0.006368
0.590000	1.051994	0.006367
0.595000	1.057531	0.006367
0.600000	1.062977	0.006366
0.605000	1.068348	0.006366
0.610000	1.073661	0.006366
0.615000	1.078935	0.006366
0.620000	1.084186	0.006366
0.625000	1.089430	0.006366
0.630000	1.094684	0.006366
0.635000	1.099962	0.006366
0.640000	1.105274	0.006365
0.645000	1.110632	0.006365
0.650000	1.116040	0.006365
0.655000	1.121503	0.006365
0.660000	1.127019	0.006365
0.665000	1.132585	0.006364
0.670000	1.138191	0.006364
0.675000	1.143823	0.006364
0.680000	1.149463	0.006364
0.685000	1.155088	0.006364
0.690000	1.160670	0.006364
0.695000	1.166177	0.006364
0.700000	1.171573	0.006364
0.705000	1.176816	0.006365
0.710000	1.181864	0.006365
0.715000	1.186671	0.006366
0.720000	1.191189	0.006368
0.725000	1.195368	0.006369
0.730000	1.199160	0.006371
0.735000	1.202517	0.006372
0.740000	1.205393	0.006374
0.745000	1.207744	0.006376
0.750000	1.209531	0.006377
0.755000	1.210719	0.006378
0.760000	1.211280	0.006379
0.765000	1.211192	0.006379
0.770000	1.210442	0.006379
0.775000	1.209022	0.006379
0.780000	1.206936	0.006379
0.785000	1.204196	0.006379
0.790000	1.200822	0.006380
0.795000	1.196846	0.006380
0.800000	1.192306	0.006382
0.805000	1.187252	0.006384
0.810000	1.181739	0.006386
0.815000	1.175831	0.006390
0.820000	1.169600	0.006394
0.825000	1.163121	0.006398
0.830000	1.156475	0.006404
0.835000	1.149747	0.006409
0.840000	1.143020	0.006415
0.845000	1.136383	0.006421
0.850000	1.129918	0.006426
0.855000	1.123710	0.006431
0.860000	1.117837	0.006436
0.865000	1.112372	0.006439
0.870000	1.107383	0.006443
0.875000	1.102929	0.006445
0.880000	1.099063	0.006447
0.885000	1.095827	0.006448
0.890000	1.093253	0.006449
0.895000	1.091365	0.006449
0.900000	1.090175	0.006449
0.905000	1.089686	0.006449
0.910000	1.089889	0.006449
0.915000	1.090770	0.006449
0.920000	1.092300	0.006449
0.925000	1.094447	0.006449
0.930000	1.097170	0.006449
0.935000	1.100421	0.006449
0.940000	1.104148	0.006449
0.945000	1.108295	0.006450
0.950000	1.112804	0.006450
0.955000	1.117616	0.006450
0.960000	1.122670	0.006451
0.965000	1.127908	0.006451
0.970000	1.133274	0.006451
0.975000	1.138715	0.006451
0.980000	1.144183	0.006451
0.985000	1.149632	0.006451
0.990000	1.155025	0.006451
0.995000	1.160330	0.006451
1.000000	1.165519	0.006451
1.005000	1.170572	0.006451
1.010000	1.175476	0.006451
1.015000	1.180221	0.006451
1.020000	1.184805	0.006451
1.025000	1.189230	0.006451
1.030000	1.193502	0.006451
1.035000	1.197632	0.006451
1.040000	1.201633	0.006451
1.045000	1.205520	0.006451
1.050000	1.209309	0.006451
1.055000	1.213018	0.006451
1.060000	1.216663	0.006451
1.065000	1.220261	0.006451
1.070000	1.223827	0.006451
1.075000	1.227374	0.006451
1.080000	1.230911	0.006451
1.085000	1.234446	0.006451
1.090000	1.237985	0.006451
1.095000	1.241528	0.006451
1.100000	1.245076	0.006451
1.105000	1.248624	0.006451
1.110000	1.252166	0.006451
1.115000	1.255693	0.006452
1.120000	1.259196	0.006452
1.125000	1.262663	0.006452
1.130000	1.266082	0.006452
1.135000	1.269440	0.006452
1.140000	1.272727	0.006452
1.145000	1.275930	0.006452
1.150000	1.279039	0.006452
1.155000	1.282046	0.006452
1.160000	1.284945	0.006452
1.165000	1.287731	0.006452
1.170000	1.290403	0.006452
1.175000	1.292962	0.006452
1.180000	1.295412	0.006452
1.185000	1.297757	0.006452
1.190000	1.300006	0.006452
1.195000	1.302169	0.006452
1.200000	1.304259	0.006452
1.205000	1.306287	0.006452
1.210000	1.308268	0.006452
1.215000	1.310216	0.006452
1.220000	1.312145	0.006452
1.225000	1.314070	0.006452
1.230000	1.316002	0.006452
1.235000	1.317954	0.006452
1.240000	1.319936	0.006452
1.245000	1.321955	0.006452
1.250000	1.324016	0.006452
1.255000	1.326124	0.006452
1.260000	1.328279	0.006452
1.265000	1.330479	0.006452
1.270000	1.332720	0.006452
1.275000	1.334996	0.006452
1.280000	1.337300	0.006452
1.285000	1.339621	0.006452
1.290000	1.341948	0.006452
1.295000	1.344270	0.006452
1.300000	1.346574	0.006452
1.305000	1.348848	0.006452
1.310000	1.351079	0.006452
1.315000	1.353256	0.006452
1.320000	1.355369	0.006452
1.325000	1.357408	0.006452
1.330000	1.359366	0.006452
1.335000	1.361238	0.006452
1.340000	1.363020	0.006453
1.345000	1.364712	0.006453
1.350000	1.366313	0.006453
1.355000	1.367827	0.006453
1.360000	1.369259	0.006453
1.365000	1.370613	0.006453
1.370000	1.371900	0.006453
1.375000	1.373126	0.006453
1.380000	1.374302	0.006453
1.385000	1.375437	0.006453
1.390000	1.376542	0.006453
1.395000	1.377626	0.006453
1.400000	1.378697	0.006453
1.405000	1.379763	0.006453
1.410000	1.380831	0.006453
1.415000	1.381905	0.006453
1.420000	1.382987	0.006453
1.425000	1.384079	0.006453
1.430000	1.385179	0.006453
1.435000	1.386284	0.006452
1.440000	1.387389	0.006452
1.445000	1.388487	0.006452
1.450000	1.389569	0.006452
1.455000	1.390625	0.006452
1.460000	1.391645	0.006452
1.465000	1.392616	0.006452
1.470000	1.393526	0.006452
1.475000	1.394363	0.006452
1.480000	1.395116	0.006452
1.485000	1.395774	0.006452
1.490000	1.396326	0.006452
1.495000	1.396764	0.006452
1.500000	1.397080	0.006452
1.505000	1.397271	0.006452
1.510000	1.397333	0.006452
1.515000	1.397264	0.006452
1.520000	1.397066	0.006452
1.525000	1.396742	0.006452
1.530000	1.396296	0.006452
1.535000	1.395736	0.006452
1.540000	1.395068	0.006452
1.545000	1.394303	0.006452
1.550000	1.393451	0.006452
1.555000	1.392523	0.006452
1.560000	1.391529	0.006452
1.565000	1.390480	0.006452
1.570000	1.389386	0.006452
1.575000	1.388258	0.006452
1.580000	1.387103	0.006452
1.585000	1.385928	0.006452
1.590000	1.384738	0.006452
1.595000	1.383537	0.006452
1.600000	1.382327	0.006452
1.605000	1.381107	0.006452
1.610000	1.379876	0.006452
1.615000	1.378629	0.006452
1.620000	1.377362	0.006452
1.625000	1.376068	0.006452
1.630000	1.374740	0.006452
1.635000	1.373369	0.006452
1.640000	1.371948	0.006452
1.645000	1.370468	0.006452
1.650000	1.368920	0.006452
1.655000	1.367300	0.006452
1.660000	1.365599	0.006452
1.665000	1.363815	0.006452
1.670000	1.361945	0.006452
1.675000	1.359988	0.006452
1.680000	1.357947	0.006452
1.685000	1.355826	0.006452
1.690000	1.353632	0.006452
1.695000	1.351373	0.006452
1.700000	1.349062	0.006452
1.705000	1.346711	0.006452
1.710000	1.344335	0.006452
1.715000	1.341952	0.006452
1.720000	1.339578	0.006452
1.725000	1.337233	0.006452
1.730000	1.334933	0.006452
1.735000	1.332699	0.006453
1.740000	1.330548	0.006453
1.745000	1.328495	0.006453
1.750000	1.326555	0.006453
1.755000	1.324743	0.006453
1.760000	1.323066	0.006453
1.765000	1.321535	0.006453
1.770000	1.320153	0.006453
1.775000	1.318922	0.006453
1.780000	1.317841	0.006453
1.785000	1.316906	0.006453
1.790000	1.316109	0.006453
1.795000	1.315442	0.006453
1.800000	1.314891	0.006453
1.805000	1.314441	0.006454
1.810000	1.314078	0.006454
1.815000	1.313782	0.006455
1.820000	1.313536	0.006456
1.825000	1.313321	0.006457
1.830000	1.313119	0.006458
1.835000	1.312912	0.006460
1.840000	1.312683	0.006461
1.845000	1.312417	0.006463
1.850000	1.312102	0.006464
1.855000	1.311727	0.006466
1.860000	1.311284	0.006467
1.865000	1.310769	0.006468
1.870000	1.310178	0.006468
1.875000	1.309514	0.006469
1.880000	1.308780	0.006469
1.885000	1.307984	0.006468
1.890000	1.307134	0.006467
1.895000	1.306242	0.006466
1.900000	1.305322	0.006465
1.905000	1.304391	0.006464
1.910000	1.303463	0.006462
1.915000	1.302558	0.006460
1.920000	1.301693	0.006459
1.925000	1.300885	0.006458
1.930000	1.300152	0.006457
1.935000	1.299509	0.006456
1.940000	1.298972	0.006456
1.945000	1.298554	0.006456
1.950000	1.298264	0.006456
1.955000	1.298112	0.006457
1.960000	1.298105	0.006458
1.965000	1.298245	0.006459
1.970000	1.298534	0.006461
1.975000	1.298971	0.006462
1.980000	1.299552	0.006463
1.985000	1.300272	0.006465
1.990000	1.301122	0.006466
1.995000	1.302092	0.006466
2.000000	1.303173	0.006467
2.005000	1.304351	0.006467
2.010000	1.305614	0.006467
2.015000	1.306948	0.006466
2.020000	1.308341	0.006465
2.025000	1.309778	0.006464
2.030000	1.311246	0.006463
2.035000	1.312735	0.006462
2.040000	1.314231	0.006461
2.045000	1.315727	0.006459
2.050000	1.317212	0.006458
2.055000	1.318679	0.006457
2.060000	1.320123	0.006456
2.065000	1.321539	0.006455
2.070000	1.322923	0.006455
2.075000	1.324274	0.006454
2.080000	1.325590	0.006454
2.085000	1.326872	0.006454
2.090000	1.328121	0.006454
2.095000	1.329338	0.006454
2.100000	1.330526	0.006454
2.105000	1.331687	0.006454
2.110000	1.332823	0.006454
2.115000	1.333937	0.006454
2.120000	1.335031	0.006454
2.125000	1.336106	0.006454
2.130000	1.337163	0.006454
2.135000	1.338204	0.006454
2.140000	1.339227	0.006454
2.145000	1.340234	0.006454
2.150000	1.341221	0.006454
2.155000	1.342188	0.006454
2.160000	1.343131	0.006454
2.165000	1.344048	0.006454
2.170000	1.344935	0.006454
2.175000	1.345789	0.006455
2.180000	1.346606	0.006455
2.185000	1.347382	0.006455
2.190000	1.348115	0.006455
2.195000	1.348800	0.006456
2.200000	1.349436	0.006456
2.205000	1.350020	0.006456
2.210000	1.350550	0.006456
2.215000	1.351026	0.006456
2.220000	1.351448	0.006456
2.225000	1.351817	0.006457
2.230000	1.352134	0.006457
2.235000	1.352402	0.006457
2.240000	1.352626	0.006457
2.245000	1.352808	0.006457
2.250000	1.352953	0.006457
2.255000	1.353068	0.006457
2.260000	1.353158	0.006458
2.265000	1.353229	0.006458
2.270000	1.353287	0.006459
2.275000	1.353340	0.006459
2.280000	1.353392	0.006460
2.285000	1.353452	0.006461
2.290000	1.353523	0.006461
2.295000	1.353612	0.006461
2.300000	1.353723	0.006462
2.305000	1.353860	0.006462
2.310000	1.354026	0.006462
2.315000	1.354224	0.006462
2.320000	1.354455	0.006462
2.325000	1.354720	0.006463
2.330000	1.355019	0.006463
2.335000	1.355350	0.006464
2.340000	1.355713	0.006466
2.345000	1.356105	0.006467
2.350000	1.356524	0.006469
2.355000	1.356966	0.006471
2.360000	1.357428	0.006473
2.365000	1.357907	0.006474
2.370000	1.358399	0.006476
2.375000	1.358901	0.006476
2.380000	1.359410	0.006477
2.385000	1.359924	0.006477
2.390000	1.360439	0.006478
2.395000	1.360956	0.006478
2.400000	1.361472	0.006480
2.405000	1.361988	0.006484
2.410000	1.362504	0.006489
2.415000	1.363022	0.006497
2.420000	1.363543	0.006507
2.425000	1.364069	0.006518
2.430000	1.364605	0.006530
2.435000	1.365152	0.006543
2.440000	1.365715	0.006554
2.445000	1.366298	0.006562
2.450000	1.366905	0.006569
