0.450000	1.033808	0.054062
0.455000	1.031509	0.054062
0.460000	1.034487	0.054062
0.465000	1.030307	0.054062
0.470000	1.031378	0.054062
0.475000	1.031953	0.054062
0.480000	1.030934	0.054062
0.485000	1.030803	0.054062
0.490000	1.030489	0.054062
0.495000	1.032396	0.054062
0.500000	1.031247	0.054062
0.505000	1.030333	0.054062
0.510000	1.034121	0.054062
0.515000	1.030359	0.054062
0.520000	1.031012	0.054062
0.525000	1.035296	0.054062
0.530000	1.032736	0.054062
0.535000	1.034904	0.054062
0.540000	1.031900	0.054062
0.545000	1.030672	0.054062
0.550000	1.031691	0.054062
0.555000	1.032004	0.054062
0.560000	1.031560	0.054062
0.565000	1.032788	0.054062
0.570000	1.031482	0.054062
0.575000	1.031769	0.054062
0.580000	1.031769	0.054062
0.585000	1.032344	0.054062
0.590000	1.029810	0.054062
0.595000	1.030541	0.054062
0.600000	1.030385	0.054062
0.605000	1.030176	0.054062
0.610000	1.031926	0.054062
0.615000	1.030489	0.054062
0.620000	1.032135	0.054062
0.625000	1.032553	0.054062
0.630000	1.031377	0.054062
0.635000	1.030959	0.054062
0.640000	1.032527	0.054062
0.645000	1.031900	0.054062
0.650000	1.032396	0.054062
0.655000	1.032893	0.054062
0.660000	1.030358	0.054062
0.665000	1.032266	0.054062
0.670000	1.032710	0.054062
0.675000	1.032213	0.054062
0.680000	1.032475	0.054062
0.685000	1.032579	0.054062
0.690000	1.030855	0.054062
0.695000	1.033363	0.054062
0.700000	1.033049	0.054062
0.705000	1.033833	0.054062
0.710000	1.032893	0.054062
0.715000	1.033964	0.054062
0.720000	1.032318	0.054062
0.725000	1.034016	0.054062
0.730000	1.034225	0.054062
0.735000	1.034068	0.054062
0.740000	1.033885	0.054062
0.745000	1.034669	0.054062
0.750000	1.033728	0.054062
0.755000	1.034146	0.054062
0.760000	1.034930	0.054062
0.765000	1.042933	0.056007
0.770000	1.042933	0.056007
0.775000	1.035871	0.054062
0.780000	1.036498	0.054062
0.785000	1.034486	0.054062
0.790000	1.034669	0.054062
0.795000	1.036785	0.054062
0.800000	1.034538	0.054062
0.805000	1.034434	0.054062
0.810000	1.033598	0.054062
0.815000	1.033206	0.054062
0.820000	1.034956	0.054062
0.825000	1.036472	0.054062
0.830000	1.035061	0.054062
0.835000	1.034983	0.054062
0.840000	1.032736	0.054062
0.845000	1.034120	0.054062
0.850000	1.032919	0.054062
0.855000	1.027590	0.054062
0.860000	1.030097	0.054062
0.865000	1.026623	0.054062
0.870000	1.042933	0.056007
0.875000	1.026466	0.054062
0.880000	1.027772	0.054062
0.885000	1.027224	0.054062
0.890000	1.025682	0.054062
0.895000	1.030097	0.054062
0.900000	1.032866	0.054062
0.905000	1.033650	0.054062
0.910000	1.031325	0.054062
0.915000	1.033415	0.054062
0.920000	1.030541	0.054062
0.925000	1.031142	0.054062
0.930000	1.027929	0.054062
0.935000	1.025761	0.054062
0.940000	1.024977	0.054062
0.945000	1.024899	0.054062
0.950000	1.027929	0.054062
0.955000	1.030019	0.054062
0.960000	1.031978	0.054062
0.965000	1.031247	0.054062
0.970000	1.031769	0.054062
0.975000	1.027328	0.054062
0.980000	1.025682	0.054062
0.985000	1.026283	0.054062
0.990000	1.024585	0.054062
0.995000	1.026074	0.054062
1.000000	1.026518	0.054062
1.005000	1.026492	0.054062
1.010000	1.024063	0.054062
1.015000	1.026335	0.054062
1.020000	1.025552	0.054062
1.025000	1.025656	0.054062
1.030000	1.025238	0.054062
1.035000	1.026048	0.054062
1.040000	1.024533	0.054062
1.045000	1.027694	0.054062
1.050000	1.028373	0.054062
1.055000	1.027119	0.054062
1.060000	1.025395	0.054062
1.065000	1.026257	0.054062
1.070000	1.025552	0.054062
1.075000	1.025447	0.054062
1.080000	1.026048	0.054062
1.085000	1.027328	0.054062
1.090000	1.028451	0.054062
1.095000	1.025891	0.054062
1.100000	1.025369	0.054062
1.105000	1.025421	0.054062
1.110000	1.028399	0.054062
1.115000	1.027694	0.054062
1.120000	1.028504	0.054062
1.125000	1.026989	0.054062
1.130000	1.025473	0.054062
1.135000	1.026780	0.054062
1.140000	1.026884	0.054062
1.145000	1.027668	0.054062
1.150000	1.025865	0.054062
1.155000	1.027694	0.054062
1.160000	1.028373	0.054062
1.165000	1.028634	0.054062
1.170000	1.028634	0.054062
1.175000	1.027746	0.054062
1.180000	1.029653	0.054062
1.185000	1.030411	0.054062
1.190000	1.031482	0.054062
1.195000	1.030646	0.054062
1.200000	1.031116	0.054062
1.205000	1.030019	0.054062
1.210000	1.031221	0.054062
1.215000	1.032030	0.054062
1.220000	1.031038	0.054062
1.225000	1.031560	0.054062
1.230000	1.031691	0.054062
1.235000	1.033990	0.054062
1.240000	1.032736	0.054062
1.245000	1.031717	0.054062
1.250000	1.033180	0.054062
1.255000	1.032919	0.054062
1.260000	1.032945	0.054062
1.265000	1.030672	0.054062
1.270000	1.031795	0.054062
1.275000	1.032501	0.054062
1.280000	1.032631	0.054062
1.285000	1.033311	0.054062
1.290000	1.034356	0.054062
1.295000	1.034878	0.054062
1.300000	1.034695	0.054062
1.305000	1.036837	0.054062
1.310000	1.034747	0.054062
1.315000	1.034643	0.054062
1.320000	1.036027	0.054062
1.325000	1.039136	0.054062
1.330000	1.037726	0.054062
1.335000	1.036654	0.054062
1.340000	1.034486	0.054062
1.345000	1.042933	0.056007
1.350000	1.042933	0.056007
1.355000	1.042933	0.056007
1.360000	1.038849	0.054062
1.365000	1.035401	0.054062
1.370000	1.035087	0.054062
1.375000	1.042933	0.056007
1.380000	1.042933	0.056007
1.385000	1.036498	0.054062
1.390000	1.037177	0.054062
1.395000	1.038953	0.054062
1.400000	1.042933	0.056007
1.405000	1.037438	0.054062
1.410000	1.038718	0.054062
1.415000	1.042933	0.056007
1.420000	1.038744	0.054062
1.425000	1.039528	0.054062
1.430000	1.040834	0.054062
1.435000	1.039084	0.054062
1.440000	1.042271	0.054062
1.445000	1.040965	0.054062
1.450000	1.039894	0.054062
1.455000	1.040782	0.054062
1.460000	1.043107	0.054062
1.465000	1.043577	0.054062
1.470000	1.042663	0.054062
1.475000	1.042715	0.054062
1.480000	1.041723	0.054062
1.485000	1.043760	0.054062
1.490000	1.042820	0.054062
1.495000	1.042167	0.054062
1.500000	1.042715	0.054062
1.505000	1.042271	0.054062
1.510000	1.041435	0.054062
1.515000	1.042532	0.054062
1.520000	1.043734	0.054062
1.525000	1.042820	0.054062
1.530000	1.043212	0.054062
1.535000	1.042872	0.054062
1.540000	1.043682	0.054062
1.545000	1.043081	0.054062
1.550000	1.044962	0.054062
1.555000	1.045066	0.054062
1.560000	1.045850	0.054062
1.565000	1.046268	0.054062
1.570000	1.047078	0.054062
1.575000	1.046869	0.054062
1.580000	1.045589	0.054062
1.585000	1.047365	0.054062
1.590000	1.046738	0.054062
1.595000	1.047287	0.054062
1.600000	1.046373	0.054062
1.605000	1.047182	0.054062
1.610000	1.045093	0.054062
1.615000	1.047156	0.054062
1.620000	1.047940	0.054062
1.625000	1.048463	0.054062
1.630000	1.048985	0.054062
1.635000	1.050030	0.054062
1.640000	1.048436	0.054062
1.645000	1.047104	0.054062
1.650000	1.049142	0.054062
1.655000	1.049063	0.054062
1.660000	1.049246	0.054062
1.665000	1.049194	0.054062
1.670000	1.049325	0.054062
1.675000	1.048436	0.054062
1.680000	1.049116	0.054062
1.685000	1.049351	0.054062
1.690000	1.049455	0.054062
1.695000	1.046921	0.054062
1.700000	1.049821	0.054062
1.705000	1.047862	0.054062
1.710000	1.050448	0.054062
1.715000	1.050579	0.054062
1.720000	1.050997	0.054062
1.725000	1.050422	0.054062
1.730000	1.052538	0.054062
1.735000	1.051467	0.054062
1.740000	1.051023	0.054062
1.745000	1.052355	0.054062
1.750000	1.051702	0.054062
1.755000	1.050239	0.054062
1.760000	1.053322	0.054062
1.765000	1.052381	0.054062
1.770000	1.050291	0.054062
1.775000	1.052303	0.054062
1.780000	1.052303	0.054062
1.785000	1.052277	0.054062
1.790000	1.054602	0.054062
1.795000	1.052982	0.054062
1.800000	1.053374	0.054062
1.805000	1.052146	0.054062
1.810000	1.054497	0.054062
1.815000	1.052956	0.054062
1.820000	1.051414	0.054062
1.825000	1.042933	0.056007
1.830000	1.051676	0.054062
1.835000	1.055933	0.054062
1.840000	1.052120	0.054062
1.845000	1.052381	0.054062
1.850000	1.055646	0.054062
1.855000	1.053138	0.054062
1.860000	1.052381	0.054062
1.865000	1.042933	0.056007
1.870000	1.042933	0.056007
1.875000	1.042933	0.056007
1.880000	1.042933	0.056007
1.885000	1.055803	0.054062
1.890000	1.057449	0.054062
1.895000	1.057240	0.054062
1.900000	1.055855	0.054062
1.905000	1.054888	0.054062
1.910000	1.053896	0.054062
1.915000	1.053504	0.054062
1.920000	1.053922	0.054062
1.925000	1.056090	0.054062
1.930000	1.055464	0.054062
1.935000	1.057475	0.054062
1.940000	1.056273	0.054062
1.945000	1.058520	0.054062
1.950000	1.042933	0.056007
1.955000	1.057605	0.054062
1.960000	1.057579	0.054062
1.965000	1.057893	0.054062
1.970000	1.056326	0.054062
1.975000	1.057057	0.054062
1.980000	1.058964	0.054062
1.985000	1.058677	0.054062
1.990000	1.042933	0.056007
1.995000	1.042933	0.056007
2.000000	1.042933	0.056007
2.005000	1.060816	0.054062
2.010000	1.061419	0.054062
2.015000	1.060740	0.054062
2.020000	1.042933	0.056007
2.025000	1.061732	0.054062
2.030000	1.060323	0.054062
2.035000	1.061629	0.054062
2.040000	1.060479	0.054062
2.045000	1.058755	0.054062
2.050000	1.057527	0.054062
2.055000	1.058468	0.054062
2.060000	1.059278	0.054062
2.065000	1.060323	0.054062
2.070000	1.059069	0.054062
2.075000	1.059461	0.054062
2.080000	1.063222	0.054062
2.085000	1.062256	0.054062
2.090000	1.061394	0.054062
2.095000	1.062413	0.054062
2.100000	1.063092	0.054062
2.105000	1.064320	0.054062
2.110000	1.063849	0.054062
2.115000	1.063693	0.054062
2.120000	1.064450	0.054062
2.125000	1.062517	0.054062
2.130000	1.063823	0.054062
2.135000	1.064006	0.054062
2.140000	1.064084	0.054062
2.145000	1.063797	0.054062
2.150000	1.064894	0.054062
2.155000	1.064372	0.054062
2.160000	1.065234	0.054062
2.165000	1.065626	0.054062
2.170000	1.066070	0.054062
2.175000	1.064973	0.054062
2.180000	1.065234	0.054062
2.185000	1.066279	0.054062
2.190000	1.066357	0.054062
2.195000	1.066226	0.054062
2.200000	1.064790	0.054062
2.205000	1.066932	0.054062
2.210000	1.065626	0.054062
2.215000	1.065887	0.054062
2.220000	1.066566	0.054062
2.225000	1.066592	0.054062
2.230000	1.067297	0.054062
2.235000	1.068395	0.054062
2.240000	1.067271	0.054062
2.245000	1.067350	0.054062
2.250000	1.066331	0.054062
2.255000	1.067141	0.054062
2.260000	1.067506	0.054062
2.265000	1.068238	0.054062
2.270000	1.068185	0.054062
2.275000	1.066514	0.054062
2.280000	1.068212	0.054062
2.285000	1.069021	0.054062
2.290000	1.068943	0.054062
2.295000	1.067820	0.054062
2.300000	1.067010	0.054062
2.305000	1.068499	0.054062
2.310000	1.067428	0.054062
2.315000	1.067218	0.054062
2.320000	1.066539	0.054062
2.325000	1.066696	0.054062
2.330000	1.068107	0.054062
2.335000	1.068760	0.054062
2.340000	1.069256	0.054062
2.345000	1.067610	0.054062
2.350000	1.069047	0.054062
2.355000	1.070040	0.054062
2.360000	1.068028	0.054062
2.365000	1.070301	0.054062
2.370000	1.070458	0.054062
2.375000	1.068864	0.054062
2.380000	1.070118	0.054062
2.385000	1.070327	0.054062
2.390000	1.070902	0.054062
2.395000	1.070484	0.054062
2.400000	1.073122	0.054062
2.405000	1.071868	0.054062
2.410000	1.070510	0.054062
2.415000	1.071320	0.054062
2.420000	1.071346	0.054062
2.425000	1.071999	0.054062
2.430000	1.074010	0.054062
2.435000	1.071607	0.054062
2.440000	1.071137	0.054062
2.445000	1.073958	0.054062
2.450000	1.073435	0.054062
