0.450000	0.922687	0.005085
0.455000	0.927513	0.005024
0.460000	0.932299	0.004989
0.465000	0.937026	0.004971
0.470000	0.941677	0.004963
0.475000	0.946237	0.004960
0.480000	0.950695	0.004959
0.485000	0.955038	0.004958
0.490000	0.959259	0.004957
0.495000	0.963351	0.004955
0.500000	0.967312	0.004952
0.505000	0.971137	0.004949
0.510000	0.974830	0.004945
0.515000	0.978391	0.004942
0.520000	0.981826	0.004939
0.525000	0.985140	0.004936
0.530000	0.988343	0.004934
0.535000	0.991444	0.004933
0.540000	0.994455	0.004933
0.545000	0.997387	0.004932
0.550000	1.000254	0.004932
0.555000	1.003070	0.004932
0.560000	1.005851	0.004932
0.565000	1.008609	0.004932
0.570000	1.011362	0.004931
0.575000	1.014123	0.004931
0.580000	1.016906	0.004930
0.585000	1.019725	0.004930
0.590000	1.022592	0.004929
0.595000	1.025519	0.004928
0.600000	1.028515	0.004928
0.605000	1.031589	0.004927
0.610000	1.034748	0.004927
0.615000	1.037997	0.004926
0.620000	1.041338	0.004926
0.625000	1.044774	0.004926
0.630000	1.048302	0.004926
0.635000	1.051921	0.004926
0.640000	1.055626	0.004926
0.645000	1.059409	0.004926
0.650000	1.063263	0.004926
0.655000	1.067177	0.004925
0.660000	1.071141	0.004925
0.665000	1.075140	0.004925
0.670000	1.079161	0.004925
0.675000	1.083190	0.004925
0.680000	1.087210	0.004925
0.685000	1.091205	0.004925
0.690000	1.095159	0.004925
0.695000	1.099057	0.004925
0.700000	1.102882	0.004925
0.705000	1.106619	0.004925
0.710000	1.110254	0.004926
0.715000	1.113774	0.004926
0.720000	1.117167	0.004927
0.725000	1.120422	0.004927
0.730000	1.123531	0.004928
0.735000	1.126488	0.004928
0.740000	1.129286	0.004929
0.745000	1.131924	0.004929
0.750000	1.134400	0.004930
0.755000	1.136716	0.004930
0.760000	1.138875	0.004930
0.765000	1.140882	0.004931
0.770000	1.142744	0.004932
0.775000	1.144471	0.004932
0.780000	1.146072	0.004933
0.785000	1.147560	0.004934
0.790000	1.148949	0.004936
0.795000	1.150253	0.004937
0.800000	1.151486	0.004939
0.805000	1.152664	0.004942
0.810000	1.153804	0.004944
0.815000	1.154921	0.004947
0.820000	1.156031	0.004950
0.825000	1.157148	0.004953
0.830000	1.158289	0.004956
0.835000	1.159465	0.004959
0.840000	1.160690	0.004963
0.845000	1.161973	0.004966
0.850000	1.163325	0.004968
0.855000	1.164754	0.004971
0.860000	1.166264	0.004973
0.865000	1.167861	0.004976
0.870000	1.169547	0.004977
0.875000	1.171322	0.004979
0.880000	1.173184	0.004980
0.885000	1.175132	0.004980
0.890000	1.177160	0.004981
0.895000	1.179262	0.004981
0.900000	1.181430	0.004981
0.905000	1.183656	0.004981
0.910000	1.185930	0.004980
0.915000	1.188242	0.004980
0.920000	1.190580	0.004980
0.925000	1.192935	0.004979
0.930000	1.195293	0.004979
0.935000	1.197644	0.004979
0.940000	1.199978	0.004979
0.945000	1.202284	0.004979
0.950000	1.204552	0.004979
0.955000	1.206775	0.004979
0.960000	1.208945	0.004979
0.965000	1.211055	0.004979
0.970000	1.213101	0.004980
0.975000	1.215079	0.004980
0.980000	1.216988	0.004980
0.985000	1.218827	0.004980
0.990000	1.220596	0.004980
0.995000	1.222298	0.004980
1.000000	1.223937	0.004980
1.005000	1.225516	0.004980
1.010000	1.227042	0.004980
1.015000	1.228522	0.004980
1.020000	1.229962	0.004980
1.025000	1.231371	0.004980
1.030000	1.232756	0.004980
1.035000	1.234126	0.004980
1.040000	1.235490	0.004980
1.045000	1.236856	0.004981
1.050000	1.238231	0.004981
1.055000	1.239623	0.004982
1.060000	1.241038	0.004983
1.065000	1.242482	0.004984
1.070000	1.243959	0.004985
1.075000	1.245473	0.004987
1.080000	1.247027	0.004988
1.085000	1.248621	0.004989
1.090000	1.250256	0.004990
1.095000	1.251930	0.004991
1.100000	1.253641	0.004992
1.105000	1.255386	0.004993
1.110000	1.257159	0.004993
1.115000	1.258957	0.004993
1.120000	1.260771	0.004993
1.125000	1.262597	0.004993
1.130000	1.264425	0.004992
1.135000	1.266249	0.004992
1.140000	1.268061	0.004991
1.145000	1.269853	0.004990
1.150000	1.271617	0.004989
1.155000	1.273345	0.004988
1.160000	1.275033	0.004987
1.165000	1.276672	0.004986
1.170000	1.278258	0.004985
1.175000	1.279786	0.004984
1.180000	1.281253	0.004983
1.185000	1.282657	0.004982
1.190000	1.283997	0.004982
1.195000	1.285272	0.004981
1.200000	1.286483	0.004981
1.205000	1.287633	0.004981
1.210000	1.288726	0.004981
1.215000	1.289764	0.004980
1.220000	1.290755	0.004980
1.225000	1.291704	0.004980
1.230000	1.292618	0.004980
1.235000	1.293505	0.004980
1.240000	1.294372	0.004980
1.245000	1.295228	0.004980
1.250000	1.296080	0.004980
1.255000	1.296939	0.004981
1.260000	1.297811	0.004981
1.265000	1.298705	0.004981
1.270000	1.299628	0.004982
1.275000	1.300587	0.004982
1.280000	1.301588	0.004983
1.285000	1.302637	0.004984
1.290000	1.303738	0.004985
1.295000	1.304895	0.004987
1.300000	1.306110	0.004988
1.305000	1.307385	0.004990
1.310000	1.308720	0.004992
1.315000	1.310116	0.004994
1.320000	1.311570	0.004996
1.325000	1.313080	0.004997
1.330000	1.314644	0.004999
1.335000	1.316257	0.005001
1.340000	1.317915	0.005003
1.345000	1.319613	0.005004
1.350000	1.321345	0.005005
1.355000	1.323106	0.005006
1.360000	1.324888	0.005007
1.365000	1.326687	0.005008
1.370000	1.328496	0.005009
1.375000	1.330308	0.005009
1.380000	1.332120	0.005009
1.385000	1.333924	0.005009
1.390000	1.335716	0.005009
1.395000	1.337491	0.005009
1.400000	1.339247	0.005008
1.405000	1.340979	0.005008
1.410000	1.342684	0.005007
1.415000	1.344361	0.005006
1.420000	1.346008	0.005005
1.425000	1.347625	0.005004
1.430000	1.349211	0.005003
1.435000	1.350767	0.005002
1.440000	1.352293	0.005001
1.445000	1.353790	0.005000
1.450000	1.355261	0.004998
1.455000	1.356706	0.004997
1.460000	1.358128	0.004995
1.465000	1.359530	0.004994
1.470000	1.360913	0.004992
1.475000	1.362280	0.004991
1.480000	1.363631	0.004989
1.485000	1.364971	0.004988
1.490000	1.366299	0.004986
1.495000	1.367618	0.004985
1.500000	1.368928	0.004984
1.505000	1.370230	0.004983
1.510000	1.371525	0.004982
1.515000	1.372811	0.004982
1.520000	1.374090	0.004981
1.525000	1.375360	0.004981
1.530000	1.376620	0.004981
1.535000	1.377869	0.004981
1.540000	1.379104	0.004981
1.545000	1.380325	0.004981
1.550000	1.381530	0.004981
1.555000	1.382716	0.004981
1.560000	1.383882	0.004981
1.565000	1.385025	0.004981
1.570000	1.386144	0.004981
1.575000	1.387237	0.004982
1.580000	1.388304	0.004982
1.585000	1.389342	0.004982
1.590000	1.390352	0.004981
1.595000	1.391332	0.004981
1.600000	1.392283	0.004981
1.605000	1.393206	0.004981
1.610000	1.394101	0.004981
1.615000	1.394969	0.004981
1.620000	1.395813	0.004981
1.625000	1.396634	0.004981
1.630000	1.397435	0.004981
1.635000	1.398218	0.004981
1.640000	1.398988	0.004981
1.645000	1.399746	0.004981
1.650000	1.400497	0.004982
1.655000	1.401244	0.004982
1.660000	1.401991	0.004982
1.665000	1.402741	0.004982
1.670000	1.403498	0.004982
1.675000	1.404266	0.004983
1.680000	1.405047	0.004983
1.685000	1.405846	0.004983
1.690000	1.406663	0.004983
1.695000	1.407503	0.004983
1.700000	1.408367	0.004983
1.705000	1.409256	0.004983
1.710000	1.410173	0.004983
1.715000	1.411118	0.004983
1.720000	1.412091	0.004983
1.725000	1.413094	0.004983
1.730000	1.414125	0.004983
1.735000	1.415183	0.004984
1.740000	1.416269	0.004984
1.745000	1.417380	0.004985
1.750000	1.418516	0.004987
1.755000	1.419673	0.004988
1.760000	1.420851	0.004990
1.765000	1.422047	0.004992
1.770000	1.423258	0.004995
1.775000	1.424482	0.004999
1.780000	1.425717	0.005003
1.785000	1.426961	0.005007
1.790000	1.428210	0.005013
1.795000	1.429462	0.005018
1.800000	1.430715	0.005025
1.805000	1.431967	0.005032
1.810000	1.433215	0.005039
1.815000	1.434458	0.005047
1.820000	1.435694	0.005055
1.825000	1.436921	0.005063
1.830000	1.438137	0.005071
1.835000	1.439341	0.005079
1.840000	1.440532	0.005087
1.845000	1.441709	0.005094
1.850000	1.442871	0.005101
1.855000	1.444016	0.005107
1.860000	1.445146	0.005112
1.865000	1.446258	0.005116
1.870000	1.447353	0.005119
1.875000	1.448429	0.005121
1.880000	1.449488	0.005121
1.885000	1.450528	0.005120
1.890000	1.451550	0.005118
1.895000	1.452553	0.005115
1.900000	1.453538	0.005111
1.905000	1.454505	0.005106
1.910000	1.455454	0.005100
1.915000	1.456384	0.005094
1.920000	1.457297	0.005087
1.925000	1.458193	0.005080
1.930000	1.459072	0.005073
1.935000	1.459935	0.005066
1.940000	1.460782	0.005059
1.945000	1.461614	0.005053
1.950000	1.462431	0.005048
1.955000	1.463235	0.005043
1.960000	1.464026	0.005038
1.965000	1.464805	0.005035
1.970000	1.465574	0.005032
1.975000	1.466332	0.005030
1.980000	1.467083	0.005028
1.985000	1.467825	0.005026
1.990000	1.468562	0.005025
1.995000	1.469293	0.005024
2.000000	1.470021	0.005023
2.005000	1.470746	0.005022
2.010000	1.471469	0.005021
2.015000	1.472192	0.005020
2.020000	1.472916	0.005018
2.025000	1.473641	0.005017
2.030000	1.474368	0.005014
2.035000	1.475099	0.005012
2.040000	1.475833	0.005009
2.045000	1.476572	0.005007
2.050000	1.477315	0.005004
2.055000	1.478063	0.005001
2.060000	1.478816	0.004998
2.065000	1.479574	0.004996
2.070000	1.480337	0.004993
2.075000	1.481104	0.004991
2.080000	1.481875	0.004989
2.085000	1.482649	0.004988
2.090000	1.483426	0.004987
2.095000	1.484205	0.004986
2.100000	1.484985	0.004986
2.105000	1.485765	0.004985
2.110000	1.486544	0.004985
2.115000	1.487321	0.004985
2.120000	1.488095	0.004986
2.125000	1.488865	0.004986
2.130000	1.489630	0.004986
2.135000	1.490389	0.004987
2.140000	1.491141	0.004987
2.145000	1.491886	0.004987
2.150000	1.492621	0.004987
2.155000	1.493347	0.004987
2.160000	1.494063	0.004987
2.165000	1.494767	0.004987
2.170000	1.495460	0.004987
2.175000	1.496141	0.004987
2.180000	1.496810	0.004987
2.185000	1.497466	0.004987
2.190000	1.498109	0.004987
2.195000	1.498739	0.004987
2.200000	1.499355	0.004987
2.205000	1.499959	0.004988
2.210000	1.500549	0.004988
2.215000	1.501126	0.004988
2.220000	1.501690	0.004989
2.225000	1.502242	0.004989
2.230000	1.502782	0.004990
2.235000	1.503310	0.004990
2.240000	1.503828	0.004991
2.245000	1.504335	0.004991
2.250000	1.504832	0.004991
2.255000	1.505321	0.004992
2.260000	1.505802	0.004992
2.265000	1.506276	0.004993
2.270000	1.506745	0.004993
2.275000	1.507211	0.004994
2.280000	1.507673	0.004995
2.285000	1.508135	0.004996
2.290000	1.508597	0.004997
2.295000	1.509062	0.004999
2.300000	1.509532	0.005001
2.305000	1.510008	0.005003
2.310000	1.510492	0.005005
2.315000	1.510988	0.005006
2.320000	1.511497	0.005008
2.325000	1.512020	0.005009
2.330000	1.512562	0.005011
2.335000	1.513123	0.005011
2.340000	1.513705	0.005012
2.345000	1.514311	0.005011
2.350000	1.514942	0.005011
2.355000	1.515600	0.005010
2.360000	1.516285	0.005010
2.365000	1.516999	0.005009
2.370000	1.517742	0.005010
2.375000	1.518515	0.005010
2.380000	1.519316	0.005012
2.385000	1.520146	0.005015
2.390000	1.521002	0.005019
2.395000	1.521882	0.005024
2.400000	1.522784	0.005030
2.405000	1.523705	0.005037
2.410000	1.524641	0.005043
2.415000	1.525586	0.005050
2.420000	1.526537	0.005055
2.425000	1.527486	0.005060
2.430000	1.528428	0.005065
2.435000	1.529354	0.005070
2.440000	1.530258	0.005078
2.445000	1.531132	0.005094
2.450000	1.531965	0.005122
