0.450000	0.735329	0.005169
0.455000	0.748653	0.005049
0.460000	0.762212	0.004992
0.465000	0.775970	0.004965
0.470000	0.789888	0.004951
0.475000	0.803930	0.004940
0.480000	0.818055	0.004930
0.485000	0.832222	0.004920
0.490000	0.846390	0.004910
0.495000	0.860518	0.004901
0.500000	0.874566	0.004894
0.505000	0.888492	0.004889
0.510000	0.902260	0.004886
0.515000	0.915832	0.004884
0.520000	0.929175	0.004883
0.525000	0.942262	0.004882
0.530000	0.955068	0.004881
0.535000	0.967573	0.004880
0.540000	0.979765	0.004878
0.545000	0.991636	0.004876
0.550000	1.003186	0.004875
0.555000	1.014419	0.004873
0.560000	1.025349	0.004871
0.565000	1.035992	0.004870
0.570000	1.046373	0.004869
0.575000	1.056518	0.004869
0.580000	1.066460	0.004869
0.585000	1.076232	0.004869
0.590000	1.085871	0.004868
0.595000	1.095412	0.004868
0.600000	1.104889	0.004868
0.605000	1.114336	0.004867
0.610000	1.123780	0.004867
0.615000	1.133244	0.004866
0.620000	1.142746	0.004866
0.625000	1.152295	0.004865
0.630000	1.161894	0.004865
0.635000	1.171535	0.004865
0.640000	1.181204	0.004864
0.645000	1.190876	0.004864
0.650000	1.200519	0.004864
0.655000	1.210092	0.004864
0.660000	1.219549	0.004864
0.665000	1.228834	0.004864
0.670000	1.237889	0.004864
0.675000	1.246652	0.004864
0.680000	1.255057	0.004864
0.685000	1.263041	0.004863
0.690000	1.270540	0.004863
0.695000	1.277493	0.004863
0.700000	1.283844	0.004863
0.705000	1.289541	0.004863
0.710000	1.294544	0.004863
0.715000	1.298815	0.004864
0.720000	1.302331	0.004864
0.725000	1.305074	0.004865
0.730000	1.307040	0.004866
0.735000	1.308233	0.004867
0.740000	1.308667	0.004867
0.745000	1.308366	0.004868
0.750000	1.307364	0.004869
0.755000	1.305701	0.004869
0.760000	1.303426	0.004869
0.765000	1.300591	0.004869
0.770000	1.297254	0.004869
0.775000	1.293475	0.004869
0.780000	1.289316	0.004868
0.785000	1.284838	0.004868
0.790000	1.280102	0.004867
0.795000	1.275164	0.004866
0.800000	1.270078	0.004866
0.805000	1.264893	0.004865
0.810000	1.259653	0.004865
0.815000	1.254394	0.004865
0.820000	1.249146	0.004864
0.825000	1.243936	0.004864
0.830000	1.238778	0.004864
0.835000	1.233685	0.004864
0.840000	1.228661	0.004864
0.845000	1.223706	0.004864
0.850000	1.218813	0.004865
0.855000	1.213972	0.004865
0.860000	1.209169	0.004866
0.865000	1.204388	0.004868
0.870000	1.199609	0.004870
0.875000	1.194813	0.004872
0.880000	1.189979	0.004875
0.885000	1.185086	0.004879
0.890000	1.180114	0.004883
0.895000	1.175045	0.004888
0.900000	1.169862	0.004893
0.905000	1.164552	0.004898
0.910000	1.159102	0.004904
0.915000	1.153504	0.004909
0.920000	1.147753	0.004914
0.925000	1.141847	0.004919
0.930000	1.135788	0.004923
0.935000	1.129582	0.004926
0.940000	1.123238	0.004929
0.945000	1.116770	0.004931
0.950000	1.110196	0.004933
0.955000	1.103538	0.004934
0.960000	1.096821	0.004935
0.965000	1.090075	0.004935
0.970000	1.083335	0.004935
0.975000	1.076638	0.004935
0.980000	1.070024	0.004935
0.985000	1.063539	0.004935
0.990000	1.057230	0.004935
0.995000	1.051146	0.004935
1.000000	1.045340	0.004935
1.005000	1.039864	0.004936
1.010000	1.034772	0.004936
1.015000	1.030118	0.004936
1.020000	1.025953	0.004936
1.025000	1.022328	0.004937
1.030000	1.019290	0.004937
1.035000	1.016883	0.004937
1.040000	1.015144	0.004937
1.045000	1.014105	0.004937
1.050000	1.013793	0.004937
1.055000	1.014224	0.004937
1.060000	1.015408	0.004937
1.065000	1.017347	0.004937
1.070000	1.020031	0.004937
1.075000	1.023442	0.004937
1.080000	1.027553	0.004937
1.085000	1.032328	0.004937
1.090000	1.037722	0.004937
1.095000	1.043682	0.004937
1.100000	1.050149	0.004937
1.105000	1.057056	0.004938
1.110000	1.064333	0.004938
1.115000	1.071906	0.004938
1.120000	1.079700	0.004938
1.125000	1.087639	0.004938
1.130000	1.095647	0.004937
1.135000	1.103653	0.004937
1.140000	1.111589	0.004937
1.145000	1.119392	0.004938
1.150000	1.127009	0.004938
1.155000	1.134390	0.004938
1.160000	1.141497	0.004938
1.165000	1.148302	0.004938
1.170000	1.154784	0.004938
1.175000	1.160934	0.004938
1.180000	1.166753	0.004938
1.185000	1.172250	0.004938
1.190000	1.177444	0.004938
1.195000	1.182360	0.004938
1.200000	1.187034	0.004938
1.205000	1.191503	0.004938
1.210000	1.195812	0.004938
1.215000	1.200008	0.004938
1.220000	1.204140	0.004938
1.225000	1.208256	0.004938
1.230000	1.212406	0.004938
1.235000	1.216635	0.004939
1.240000	1.220986	0.004939
1.245000	1.225497	0.004939
1.250000	1.230202	0.004939
1.255000	1.235127	0.004939
1.260000	1.240295	0.004939
1.265000	1.245720	0.004939
1.270000	1.251411	0.004939
1.275000	1.257370	0.004938
1.280000	1.263594	0.004938
1.285000	1.270075	0.004938
1.290000	1.276801	0.004938
1.295000	1.283755	0.004939
1.300000	1.290918	0.004941
1.305000	1.298269	0.004943
1.310000	1.305787	0.004946
1.315000	1.313450	0.004949
1.320000	1.321238	0.004953
1.325000	1.329133	0.004958
1.330000	1.337117	0.004962
1.335000	1.345177	0.004967
1.340000	1.353302	0.004971
1.345000	1.361485	0.004974
1.350000	1.369722	0.004977
1.355000	1.378014	0.004979
1.360000	1.386361	0.004979
1.365000	1.394770	0.004978
1.370000	1.403247	0.004977
1.375000	1.411801	0.004974
1.380000	1.420442	0.004970
1.385000	1.429179	0.004966
1.390000	1.438020	0.004962
1.395000	1.446975	0.004957
1.400000	1.456048	0.004953
1.405000	1.465243	0.004949
1.410000	1.474561	0.004946
1.415000	1.483998	0.004944
1.420000	1.493550	0.004942
1.425000	1.503207	0.004941
1.430000	1.512955	0.004940
1.435000	1.522778	0.004940
1.440000	1.532657	0.004940
1.445000	1.542570	0.004940
1.450000	1.552492	0.004940
1.455000	1.562399	0.004941
1.460000	1.572264	0.004941
1.465000	1.582060	0.004941
1.470000	1.591760	0.004941
1.475000	1.601340	0.004941
1.480000	1.610776	0.004940
1.485000	1.620046	0.004940
1.490000	1.629130	0.004940
1.495000	1.638013	0.004940
1.500000	1.646681	0.004939
1.505000	1.655124	0.004939
1.510000	1.663335	0.004939
1.515000	1.671311	0.004940
1.520000	1.679051	0.004940
1.525000	1.686556	0.004940
1.530000	1.693829	0.004940
1.535000	1.700878	0.004940
1.540000	1.707709	0.004940
1.545000	1.714330	0.004940
1.550000	1.720748	0.004940
1.555000	1.726972	0.004940
1.560000	1.733011	0.004940
1.565000	1.738869	0.004940
1.570000	1.744552	0.004940
1.575000	1.750066	0.004940
1.580000	1.755411	0.004940
1.585000	1.760589	0.004940
1.590000	1.765599	0.004940
1.595000	1.770440	0.004940
1.600000	1.775107	0.004940
1.605000	1.779596	0.004940
1.610000	1.783903	0.004940
1.615000	1.788024	0.004940
1.620000	1.791952	0.004941
1.625000	1.795685	0.004941
1.630000	1.799218	0.004941
1.635000	1.802551	0.004941
1.640000	1.805684	0.004941
1.645000	1.808618	0.004941
1.650000	1.811357	0.004941
1.655000	1.813908	0.004941
1.660000	1.816279	0.004941
1.665000	1.818481	0.004941
1.670000	1.820526	0.004941
1.675000	1.822430	0.004941
1.680000	1.824209	0.004941
1.685000	1.825879	0.004941
1.690000	1.827458	0.004942
1.695000	1.828965	0.004942
1.700000	1.830419	0.004942
1.705000	1.831836	0.004942
1.710000	1.833233	0.004942
1.715000	1.834626	0.004942
1.720000	1.836028	0.004942
1.725000	1.837450	0.004943
1.730000	1.838901	0.004943
1.735000	1.840388	0.004943
1.740000	1.841915	0.004943
1.745000	1.843482	0.004943
1.750000	1.845089	0.004943
1.755000	1.846733	0.004943
1.760000	1.848408	0.004944
1.765000	1.850106	0.004944
1.770000	1.851819	0.004945
1.775000	1.853536	0.004945
1.780000	1.855247	0.004946
1.785000	1.856940	0.004947
1.790000	1.858604	0.004948
1.795000	1.860228	0.004949
1.800000	1.861802	0.004951
1.805000	1.863315	0.004954
1.810000	1.864761	0.004957
1.815000	1.866133	0.004960
1.820000	1.867424	0.004965
1.825000	1.868632	0.004971
1.830000	1.869754	0.004978
1.835000	1.870790	0.004986
1.840000	1.871740	0.004996
1.845000	1.872606	0.005006
1.850000	1.873393	0.005018
1.855000	1.874103	0.005030
1.860000	1.874741	0.005042
1.865000	1.875314	0.005053
1.870000	1.875825	0.005064
1.875000	1.876282	0.005073
1.880000	1.876688	0.005081
1.885000	1.877049	0.005086
1.890000	1.877370	0.005088
1.895000	1.877655	0.005087
1.900000	1.877908	0.005084
1.905000	1.878131	0.005078
1.910000	1.878328	0.005069
1.915000	1.878500	0.005058
1.920000	1.878650	0.005046
1.925000	1.878779	0.005033
1.930000	1.878890	0.005019
1.935000	1.878983	0.005007
1.940000	1.879062	0.004996
1.945000	1.879127	0.004986
1.950000	1.879182	0.004978
1.955000	1.879230	0.004973
1.960000	1.879274	0.004970
1.965000	1.879319	0.004968
1.970000	1.879368	0.004968
1.975000	1.879427	0.004970
1.980000	1.879501	0.004972
1.985000	1.879596	0.004974
1.990000	1.879716	0.004976
1.995000	1.879867	0.004978
2.000000	1.880055	0.004979
2.005000	1.880285	0.004978
2.010000	1.880559	0.004977
2.015000	1.880883	0.004975
2.020000	1.881258	0.004972
2.025000	1.881686	0.004969
2.030000	1.882168	0.004966
2.035000	1.882704	0.004962
2.040000	1.883292	0.004959
2.045000	1.883930	0.004956
2.050000	1.884614	0.004953
2.055000	1.885341	0.004952
2.060000	1.886106	0.004950
2.065000	1.886902	0.004949
2.070000	1.887725	0.004949
2.075000	1.888569	0.004949
2.080000	1.889427	0.004949
2.085000	1.890294	0.004949
2.090000	1.891164	0.004949
2.095000	1.892032	0.004949
2.100000	1.892894	0.004949
2.105000	1.893745	0.004949
2.110000	1.894584	0.004949
2.115000	1.895406	0.004949
2.120000	1.896212	0.004949
2.125000	1.897000	0.004949
2.130000	1.897770	0.004949
2.135000	1.898522	0.004949
2.140000	1.899259	0.004949
2.145000	1.899981	0.004950
2.150000	1.900690	0.004950
2.155000	1.901389	0.004950
2.160000	1.902080	0.004950
2.165000	1.902765	0.004950
2.170000	1.903446	0.004951
2.175000	1.904125	0.004951
2.180000	1.904805	0.004952
2.185000	1.905487	0.004953
2.190000	1.906172	0.004954
2.195000	1.906862	0.004956
2.200000	1.907558	0.004957
2.205000	1.908262	0.004959
2.210000	1.908974	0.004961
2.215000	1.909695	0.004963
2.220000	1.910427	0.004965
2.225000	1.911172	0.004967
2.230000	1.911930	0.004968
2.235000	1.912704	0.004968
2.240000	1.913496	0.004969
2.245000	1.914308	0.004968
2.250000	1.915143	0.004968
2.255000	1.916004	0.004967
2.260000	1.916893	0.004965
2.265000	1.917813	0.004964
2.270000	1.918768	0.004963
2.275000	1.919758	0.004963
2.280000	1.920786	0.004963
2.285000	1.921853	0.004963
2.290000	1.922960	0.004963
2.295000	1.924106	0.004964
2.300000	1.925290	0.004965
2.305000	1.926509	0.004965
2.310000	1.927761	0.004966
2.315000	1.929040	0.004966
2.320000	1.930342	0.004967
2.325000	1.931659	0.004968
2.330000	1.932986	0.004969
2.335000	1.934313	0.004971
2.340000	1.935633	0.004974
2.345000	1.936938	0.004978
2.350000	1.938218	0.004983
2.355000	1.939467	0.004990
2.360000	1.940676	0.004997
2.365000	1.941840	0.005005
2.370000	1.942953	0.005012
2.375000	1.944010	0.005018
2.380000	1.945010	0.005022
2.385000	1.945952	0.005025
2.390000	1.946836	0.005026
2.395000	1.947666	0.005026
2.400000	1.948445	0.005026
2.405000	1.949181	0.005027
2.410000	1.949879	0.005031
2.415000	1.950549	0.005038
2.420000	1.951201	0.005049
2.425000	1.951843	0.005063
2.430000	1.952486	0.005078
2.435000	1.953138	0.005092
2.440000	1.953808	0.005102
2.445000	1.954503	0.005105
2.450000	1.955226	0.005103
