0.450000	nan	nan
0.455000	nan	nan
0.460000	nan	nan
0.465000	nan	nan
0.470000	nan	nan
0.475000	nan	nan
0.480000	nan	nan
0.485000	nan	nan
0.490000	0.963816	0.011772
0.495000	0.962425	0.011287
0.500000	0.962593	0.011128
0.505000	0.964089	0.011097
0.510000	0.966669	0.011096
0.515000	0.970091	0.011089
0.520000	0.974133	0.011075
0.525000	0.978606	0.011061
0.530000	0.983369	0.011052
0.535000	0.988325	0.011048
0.540000	0.993424	0.011048
0.545000	0.998656	0.011048
0.550000	1.004042	0.011046
0.555000	1.009614	0.011043
0.560000	1.015410	0.011040
0.565000	1.021459	0.011038
0.570000	1.027768	0.011037
0.575000	1.034326	0.011037
0.580000	1.041096	0.011037
0.585000	1.048025	0.011036
0.590000	1.055051	0.011036
0.595000	1.062115	0.011035
0.600000	1.069169	0.011034
0.605000	1.076187	0.011034
0.610000	1.083169	0.011033
0.615000	1.090143	0.011033
0.620000	1.097156	0.011033
0.625000	1.104271	0.011033
0.630000	1.111545	0.011033
0.635000	1.119021	0.011034
0.640000	1.126712	0.011034
0.645000	1.134587	0.011035
0.650000	1.142573	0.011036
0.655000	1.150550	0.011036
0.660000	1.158367	0.011037
0.665000	1.165851	0.011036
0.670000	1.172836	0.011035
0.675000	1.179184	0.011034
0.680000	1.184804	0.011033
0.685000	1.189680	0.011033
0.690000	1.193872	0.011033
0.695000	1.197525	0.011033
0.700000	1.200852	0.011034
0.705000	1.204121	0.011034
0.710000	1.207620	0.011034
0.715000	1.211620	0.011033
0.720000	1.216343	0.011032
0.725000	1.221923	0.011034
0.730000	1.228382	0.011037
0.735000	1.235613	0.011045
0.740000	1.243381	0.011055
0.745000	1.251335	0.011067
0.750000	1.259041	0.011078
0.755000	1.266020	0.011086
0.760000	1.271794	0.011089
0.765000	1.275941	0.011087
0.770000	1.278139	0.011080
0.775000	1.278199	0.011070
0.780000	1.276095	0.011059
0.785000	1.271963	0.011049
0.790000	1.266095	0.011043
0.795000	1.258908	0.011041
0.800000	1.250905	0.011045
0.805000	1.242622	0.011058
0.810000	1.234579	0.011080
0.815000	1.227230	0.011114
0.820000	1.220922	0.011159
0.825000	1.215866	0.011212
0.830000	1.212130	0.011271
0.835000	1.209637	0.011328
0.840000	1.208192	0.011380
0.845000	1.207506	0.011422
0.850000	1.207242	0.011452
0.855000	1.207054	0.011470
0.860000	1.206631	0.011478
0.865000	1.205725	0.011480
0.870000	1.204179	0.011480
0.875000	1.201939	0.011479
0.880000	1.199052	0.011480
0.885000	1.195653	0.011483
0.890000	1.191950	0.011486
0.895000	1.188190	0.011489
0.900000	1.184637	0.011491
0.905000	1.181541	0.011492
0.910000	1.179116	0.011492
0.915000	1.177522	0.011492
0.920000	1.176854	0.011492
0.925000	1.177142	0.011492
0.930000	1.178353	0.011493
0.935000	1.180400	0.011494
0.940000	1.183156	0.011494
0.945000	1.186470	0.011495
0.950000	1.190177	0.011494
0.955000	1.194116	0.011494
0.960000	1.198138	0.011494
0.965000	1.202113	0.011494
0.970000	1.205934	0.011494
0.975000	1.209523	0.011494
0.980000	1.212827	0.011494
0.985000	1.215819	0.011494
0.990000	1.218494	0.011494
0.995000	1.220868	0.011494
1.000000	1.222977	0.011494
1.005000	1.224871	0.011494
1.010000	1.226614	0.011494
1.015000	1.228281	0.011494
1.020000	1.229953	0.011494
1.025000	1.231717	0.011494
1.030000	1.233655	0.011494
1.035000	1.235849	0.011494
1.040000	1.238366	0.011494
1.045000	1.241262	0.011494
1.050000	1.244574	0.011494
1.055000	1.248322	0.011494
1.060000	1.252504	0.011494
1.065000	1.257101	0.011494
1.070000	1.262079	0.011494
1.075000	1.267392	0.011494
1.080000	1.272989	0.011494
1.085000	1.278815	0.011494
1.090000	1.284819	0.011494
1.095000	1.290956	0.011494
1.100000	1.297186	0.011494
1.105000	1.303476	0.011494
1.110000	1.309800	0.011494
1.115000	1.316133	0.011494
1.120000	1.322449	0.011494
1.125000	1.328720	0.011495
1.130000	1.334912	0.011495
1.135000	1.340985	0.011495
1.140000	1.346895	0.011495
1.145000	1.352595	0.011495
1.150000	1.358042	0.011495
1.155000	1.363199	0.011494
1.160000	1.368044	0.011494
1.165000	1.372572	0.011494
1.170000	1.376800	0.011494
1.175000	1.380764	0.011494
1.180000	1.384520	0.011494
1.185000	1.388139	0.011494
1.190000	1.391700	0.011494
1.195000	1.395278	0.011494
1.200000	1.398940	0.011494
1.205000	1.402732	0.011494
1.210000	1.406674	0.011494
1.215000	1.410759	0.011494
1.220000	1.414946	0.011494
1.225000	1.419170	0.011494
1.230000	1.423344	0.011495
1.235000	1.427373	0.011495
1.240000	1.431164	0.011495
1.245000	1.434636	0.011495
1.250000	1.437737	0.011495
1.255000	1.440445	0.011495
1.260000	1.442780	0.011495
1.265000	1.444802	0.011495
1.270000	1.446603	0.011495
1.275000	1.448309	0.011495
1.280000	1.450057	0.011495
1.285000	1.451988	0.011495
1.290000	1.454231	0.011495
1.295000	1.456887	0.011495
1.300000	1.460020	0.011495
1.305000	1.463649	0.011496
1.310000	1.467746	0.011497
1.315000	1.472234	0.011498
1.320000	1.477000	0.011497
1.325000	1.481905	0.011496
1.330000	1.486795	0.011496
1.335000	1.491518	0.011496
1.340000	1.495942	0.011500
1.345000	1.499964	0.011507
1.350000	1.503523	0.011519
1.355000	1.506604	0.011534
1.360000	1.509236	0.011550
1.365000	1.511493	0.011565
1.370000	1.513480	0.011575
1.375000	1.515325	0.011579
1.380000	1.517162	0.011575
1.385000	1.519120	0.011565
1.390000	1.521308	0.011550
1.395000	1.523806	0.011534
1.400000	1.526656	0.011519
1.405000	1.529865	0.011508
1.410000	1.533396	0.011501
1.415000	1.537184	0.011497
1.420000	1.541135	0.011497
1.425000	1.545142	0.011498
1.430000	1.549089	0.011499
1.435000	1.552868	0.011499
1.440000	1.556381	0.011499
1.445000	1.559553	0.011499
1.450000	1.562332	0.011498
1.455000	1.564694	0.011497
1.460000	1.566640	0.011497
1.465000	1.568198	0.011497
1.470000	1.569414	0.011498
1.475000	1.570351	0.011498
1.480000	1.571084	0.011498
1.485000	1.571692	0.011497
1.490000	1.572252	0.011497
1.495000	1.572839	0.011497
1.500000	1.573514	0.011497
1.505000	1.574328	0.011497
1.510000	1.575312	0.011497
1.515000	1.576478	0.011497
1.520000	1.577817	0.011497
1.525000	1.579299	0.011497
1.530000	1.580874	0.011497
1.535000	1.582477	0.011496
1.540000	1.584029	0.011496
1.545000	1.585442	0.011496
1.550000	1.586633	0.011497
1.555000	1.587522	0.011497
1.560000	1.588044	0.011497
1.565000	1.588154	0.011497
1.570000	1.587830	0.011497
1.575000	1.587078	0.011497
1.580000	1.585928	0.011497
1.585000	1.584432	0.011497
1.590000	1.582659	0.011497
1.595000	1.580687	0.011497
1.600000	1.578594	0.011497
1.605000	1.576452	0.011497
1.610000	1.574314	0.011497
1.615000	1.572215	0.011497
1.620000	1.570166	0.011497
1.625000	1.568156	0.011497
1.630000	1.566154	0.011497
1.635000	1.564119	0.011497
1.640000	1.562006	0.011497
1.645000	1.559776	0.011497
1.650000	1.557406	0.011497
1.655000	1.554889	0.011497
1.660000	1.552245	0.011497
1.665000	1.549516	0.011497
1.670000	1.546759	0.011497
1.675000	1.544043	0.011497
1.680000	1.541437	0.011497
1.685000	1.538994	0.011498
1.690000	1.536748	0.011498
1.695000	1.534700	0.011498
1.700000	1.532819	0.011498
1.705000	1.531040	0.011498
1.710000	1.529270	0.011498
1.715000	1.527405	0.011498
1.720000	1.525338	0.011498
1.725000	1.522982	0.011498
1.730000	1.520283	0.011499
1.735000	1.517233	0.011499
1.740000	1.513880	0.011499
1.745000	1.510330	0.011500
1.750000	1.506738	0.011500
1.755000	1.503294	0.011500
1.760000	1.500208	0.011501
1.765000	1.497679	0.011501
1.770000	1.495872	0.011501
1.775000	1.494895	0.011500
1.780000	1.494778	0.011500
1.785000	1.495465	0.011500
1.790000	1.496806	0.011500
1.795000	1.498573	0.011500
1.800000	1.500475	0.011500
1.805000	1.502188	0.011501
1.810000	1.503385	0.011501
1.815000	1.503775	0.011502
1.820000	1.503134	0.011503
1.825000	1.501333	0.011504
1.830000	1.498359	0.011505
1.835000	1.494315	0.011507
1.840000	1.489424	0.011508
1.845000	1.484001	0.011509
1.850000	1.478429	0.011510
1.855000	1.473122	0.011511
1.860000	1.468482	0.011511
1.865000	1.464859	0.011511
1.870000	1.462514	0.011511
1.875000	1.461595	0.011511
1.880000	1.462117	0.011510
1.885000	1.463965	0.011509
1.890000	1.466897	0.011509
1.895000	1.470578	0.011509
1.900000	1.474603	0.011509
1.905000	1.478544	0.011509
1.910000	1.481988	0.011509
1.915000	1.484580	0.011509
1.920000	1.486052	0.011509
1.925000	1.486250	0.011508
1.930000	1.485146	0.011507
1.935000	1.482834	0.011507
1.940000	1.479517	0.011507
1.945000	1.475485	0.011508
1.950000	1.471082	0.011508
1.955000	1.466666	0.011509
1.960000	1.462577	0.011510
1.965000	1.459102	0.011509
1.970000	1.456447	0.011508
1.975000	1.454726	0.011507
1.980000	1.453951	0.011508
1.985000	1.454043	0.011512
1.990000	1.454844	0.011520
1.995000	1.456144	0.011533
2.000000	1.457710	0.011548
2.005000	1.459316	0.011565
2.010000	1.460770	0.011580
2.015000	1.461938	0.011590
2.020000	1.462755	0.011593
2.025000	1.463232	0.011589
2.030000	1.463451	0.011577
2.035000	1.463551	0.011562
2.040000	1.463703	0.011546
2.045000	1.464089	0.011531
2.050000	1.464878	0.011519
2.055000	1.466194	0.011513
2.060000	1.468107	0.011510
2.065000	1.470614	0.011509
2.070000	1.473643	0.011510
2.075000	1.477055	0.011511
2.080000	1.480659	0.011511
2.085000	1.484233	0.011510
2.090000	1.487547	0.011509
2.095000	1.490391	0.011507
2.100000	1.492595	0.011506
2.105000	1.494046	0.011506
2.110000	1.494703	0.011506
2.115000	1.494600	0.011507
2.120000	1.493841	0.011507
2.125000	1.492591	0.011507
2.130000	1.491056	0.011507
2.135000	1.489462	0.011507
2.140000	1.488037	0.011507
2.145000	1.486981	0.011507
2.150000	1.486454	0.011508
2.155000	1.486560	0.011508
2.160000	1.487336	0.011508
2.165000	1.488755	0.011509
2.170000	1.490729	0.011509
2.175000	1.493121	0.011509
2.180000	1.495760	0.011509
2.185000	1.498461	0.011510
2.190000	1.501043	0.011510
2.195000	1.503348	0.011511
2.200000	1.505254	0.011511
2.205000	1.506689	0.011512
2.210000	1.507634	0.011512
2.215000	1.508122	0.011512
2.220000	1.508234	0.011512
2.225000	1.508085	0.011513
2.230000	1.507810	0.011513
2.235000	1.507549	0.011514
2.240000	1.507428	0.011515
2.245000	1.507544	0.011515
2.250000	1.507954	0.011516
2.255000	1.508667	0.011516
2.260000	1.509645	0.011516
2.265000	1.510807	0.011517
2.270000	1.512037	0.011518
2.275000	1.513202	0.011519
2.280000	1.514170	0.011521
2.285000	1.514823	0.011523
2.290000	1.515078	0.011524
2.295000	1.514902	0.011525
2.300000	1.514314	0.011525
2.305000	1.513392	0.011526
2.310000	1.512265	0.011527
2.315000	1.511103	0.011531
2.320000	1.510099	0.011537
2.325000	1.509450	0.011548
2.330000	1.509331	0.011563
2.335000	1.509880	0.011580
2.340000	1.511178	0.011598
2.345000	1.513236	0.011613
2.350000	1.515997	0.011623
2.355000	1.519332	0.011624
2.360000	1.523059	0.011615
2.365000	1.526957	0.011599
2.370000	1.530790	0.011580
2.375000	1.534331	0.011563
2.380000	1.537388	0.011557
2.385000	1.539823	0.011567
2.390000	1.541570	0.011593
2.395000	1.542639	0.011634
2.400000	1.543117	0.011683
2.405000	1.543161	0.011731
2.410000	1.542975	0.011772
2.415000	1.542795	0.011800
2.420000	1.542855	0.011817
2.425000	1.543367	0.011826
2.430000	1.544491	0.011827
2.435000	1.546317	0.011818
2.440000	1.548850	0.011792
2.445000	1.552006	0.011756
2.450000	1.555609	0.011747
