0.450000	0.896828	0.009289
0.455000	0.903507	0.009143
0.460000	0.909978	0.009047
0.465000	0.916244	0.008987
0.470000	0.922305	0.008953
0.475000	0.928169	0.008934
0.480000	0.933841	0.008925
0.485000	0.939331	0.008922
0.490000	0.944650	0.008921
0.495000	0.949809	0.008920
0.500000	0.954821	0.008919
0.505000	0.959701	0.008916
0.510000	0.964463	0.008913
0.515000	0.969123	0.008909
0.520000	0.973697	0.008904
0.525000	0.978200	0.008898
0.530000	0.982648	0.008893
0.535000	0.987056	0.008888
0.540000	0.991439	0.008883
0.545000	0.995811	0.008878
0.550000	1.000185	0.008874
0.555000	1.004572	0.008871
0.560000	1.008984	0.008868
0.565000	1.013429	0.008865
0.570000	1.017916	0.008863
0.575000	1.022450	0.008861
0.580000	1.027037	0.008859
0.585000	1.031678	0.008858
0.590000	1.036376	0.008856
0.595000	1.041130	0.008854
0.600000	1.045938	0.008853
0.605000	1.050797	0.008852
0.610000	1.055701	0.008850
0.615000	1.060645	0.008849
0.620000	1.065620	0.008848
0.625000	1.070618	0.008848
0.630000	1.075630	0.008847
0.635000	1.080644	0.008847
0.640000	1.085650	0.008847
0.645000	1.090636	0.008847
0.650000	1.095591	0.008848
0.655000	1.100503	0.008848
0.660000	1.105359	0.008849
0.665000	1.110149	0.008850
0.670000	1.114862	0.008850
0.675000	1.119488	0.008851
0.680000	1.124016	0.008852
0.685000	1.128440	0.008852
0.690000	1.132751	0.008853
0.695000	1.136944	0.008853
0.700000	1.141014	0.008854
0.705000	1.144958	0.008854
0.710000	1.148775	0.008854
0.715000	1.152463	0.008854
0.720000	1.156026	0.008854
0.725000	1.159464	0.008854
0.730000	1.162785	0.008854
0.735000	1.165992	0.008854
0.740000	1.169094	0.008854
0.745000	1.172099	0.008854
0.750000	1.175018	0.008854
0.755000	1.177861	0.008855
0.760000	1.180642	0.008855
0.765000	1.183371	0.008856
0.770000	1.186064	0.008857
0.775000	1.188734	0.008858
0.780000	1.191396	0.008859
0.785000	1.194064	0.008861
0.790000	1.196753	0.008863
0.795000	1.199476	0.008865
0.800000	1.202249	0.008868
0.805000	1.205083	0.008870
0.810000	1.207992	0.008874
0.815000	1.210988	0.008877
0.820000	1.214081	0.008881
0.825000	1.217280	0.008884
0.830000	1.220595	0.008888
0.835000	1.224032	0.008892
0.840000	1.227597	0.008897
0.845000	1.231294	0.008901
0.850000	1.235127	0.008905
0.855000	1.239095	0.008909
0.860000	1.243200	0.008913
0.865000	1.247440	0.008917
0.870000	1.251811	0.008920
0.875000	1.256310	0.008923
0.880000	1.260931	0.008926
0.885000	1.265668	0.008929
0.890000	1.270513	0.008931
0.895000	1.275457	0.008933
0.900000	1.280491	0.008934
0.905000	1.285606	0.008935
0.910000	1.290791	0.008936
0.915000	1.296035	0.008936
0.920000	1.301328	0.008936
0.925000	1.306659	0.008936
0.930000	1.312017	0.008936
0.935000	1.317391	0.008935
0.940000	1.322772	0.008934
0.945000	1.328150	0.008934
0.950000	1.333517	0.008933
0.955000	1.338863	0.008932
0.960000	1.344182	0.008931
0.965000	1.349468	0.008930
0.970000	1.354714	0.008930
0.975000	1.359916	0.008929
0.980000	1.365072	0.008928
0.985000	1.370177	0.008928
0.990000	1.375232	0.008928
0.995000	1.380235	0.008927
1.000000	1.385187	0.008927
1.005000	1.390089	0.008927
1.010000	1.394944	0.008927
1.015000	1.399754	0.008927
1.020000	1.404523	0.008927
1.025000	1.409256	0.008928
1.030000	1.413956	0.008928
1.035000	1.418629	0.008928
1.040000	1.423280	0.008928
1.045000	1.427915	0.008928
1.050000	1.432539	0.008928
1.055000	1.437157	0.008928
1.060000	1.441774	0.008928
1.065000	1.446396	0.008928
1.070000	1.451026	0.008928
1.075000	1.455668	0.008928
1.080000	1.460326	0.008928
1.085000	1.465004	0.008928
1.090000	1.469702	0.008928
1.095000	1.474422	0.008928
1.100000	1.479165	0.008928
1.105000	1.483931	0.008928
1.110000	1.488720	0.008928
1.115000	1.493529	0.008928
1.120000	1.498357	0.008928
1.125000	1.503200	0.008928
1.130000	1.508055	0.008928
1.135000	1.512918	0.008928
1.140000	1.517785	0.008928
1.145000	1.522649	0.008929
1.150000	1.527506	0.008929
1.155000	1.532351	0.008929
1.160000	1.537176	0.008929
1.165000	1.541976	0.008930
1.170000	1.546746	0.008930
1.175000	1.551478	0.008930
1.180000	1.556168	0.008930
1.185000	1.560809	0.008930
1.190000	1.565396	0.008930
1.195000	1.569925	0.008930
1.200000	1.574391	0.008930
1.205000	1.578789	0.008930
1.210000	1.583118	0.008929
1.215000	1.587372	0.008929
1.220000	1.591552	0.008929
1.225000	1.595654	0.008929
1.230000	1.599678	0.008928
1.235000	1.603624	0.008928
1.240000	1.607492	0.008928
1.245000	1.611283	0.008929
1.250000	1.614998	0.008929
1.255000	1.618640	0.008930
1.260000	1.622211	0.008932
1.265000	1.625713	0.008934
1.270000	1.629151	0.008936
1.275000	1.632528	0.008939
1.280000	1.635848	0.008942
1.285000	1.639116	0.008945
1.290000	1.642334	0.008949
1.295000	1.645508	0.008954
1.300000	1.648642	0.008959
1.305000	1.651739	0.008964
1.310000	1.654805	0.008969
1.315000	1.657843	0.008974
1.320000	1.660855	0.008979
1.325000	1.663847	0.008984
1.330000	1.666819	0.008988
1.335000	1.669775	0.008992
1.340000	1.672718	0.008996
1.345000	1.675647	0.008999
1.350000	1.678565	0.009001
1.355000	1.681472	0.009003
1.360000	1.684369	0.009004
1.365000	1.687255	0.009005
1.370000	1.690129	0.009004
1.375000	1.692991	0.009003
1.380000	1.695838	0.009001
1.385000	1.698670	0.008999
1.390000	1.701484	0.008996
1.395000	1.704278	0.008993
1.400000	1.707049	0.008989
1.405000	1.709794	0.008985
1.410000	1.712512	0.008981
1.415000	1.715198	0.008978
1.420000	1.717851	0.008974
1.425000	1.720467	0.008970
1.430000	1.723044	0.008967
1.435000	1.725579	0.008964
1.440000	1.728070	0.008961
1.445000	1.730515	0.008959
1.450000	1.732912	0.008957
1.455000	1.735260	0.008955
1.460000	1.737557	0.008953
1.465000	1.739804	0.008952
1.470000	1.741998	0.008951
1.475000	1.744142	0.008951
1.480000	1.746233	0.008950
1.485000	1.748275	0.008950
1.490000	1.750266	0.008949
1.495000	1.752210	0.008949
1.500000	1.754107	0.008948
1.505000	1.755959	0.008948
1.510000	1.757770	0.008947
1.515000	1.759540	0.008947
1.520000	1.761274	0.008946
1.525000	1.762974	0.008945
1.530000	1.764642	0.008944
1.535000	1.766282	0.008943
1.540000	1.767896	0.008942
1.545000	1.769489	0.008941
1.550000	1.771062	0.008940
1.555000	1.772619	0.008939
1.560000	1.774162	0.008938
1.565000	1.775694	0.008937
1.570000	1.777217	0.008936
1.575000	1.778733	0.008935
1.580000	1.780244	0.008935
1.585000	1.781752	0.008934
1.590000	1.783258	0.008934
1.595000	1.784763	0.008934
1.600000	1.786268	0.008934
1.605000	1.787773	0.008934
1.610000	1.789278	0.008934
1.615000	1.790783	0.008934
1.620000	1.792288	0.008934
1.625000	1.793791	0.008934
1.630000	1.795293	0.008934
1.635000	1.796792	0.008935
1.640000	1.798286	0.008935
1.645000	1.799774	0.008935
1.650000	1.801256	0.008935
1.655000	1.802728	0.008936
1.660000	1.804190	0.008936
1.665000	1.805640	0.008936
1.670000	1.807077	0.008936
1.675000	1.808498	0.008937
1.680000	1.809903	0.008937
1.685000	1.811290	0.008937
1.690000	1.812658	0.008937
1.695000	1.814007	0.008937
1.700000	1.815336	0.008937
1.705000	1.816643	0.008937
1.710000	1.817930	0.008937
1.715000	1.819196	0.008937
1.720000	1.820442	0.008937
1.725000	1.821668	0.008937
1.730000	1.822875	0.008937
1.735000	1.824065	0.008937
1.740000	1.825238	0.008938
1.745000	1.826398	0.008938
1.750000	1.827545	0.008939
1.755000	1.828683	0.008940
1.760000	1.829813	0.008941
1.765000	1.830938	0.008942
1.770000	1.832061	0.008944
1.775000	1.833185	0.008947
1.780000	1.834313	0.008949
1.785000	1.835448	0.008952
1.790000	1.836593	0.008956
1.795000	1.837751	0.008959
1.800000	1.838925	0.008963
1.805000	1.840118	0.008967
1.810000	1.841333	0.008972
1.815000	1.842573	0.008976
1.820000	1.843839	0.008980
1.825000	1.845136	0.008984
1.830000	1.846463	0.008988
1.835000	1.847825	0.008991
1.840000	1.849221	0.008994
1.845000	1.850654	0.008997
1.850000	1.852124	0.008999
1.855000	1.853632	0.009000
1.860000	1.855178	0.009001
1.865000	1.856764	0.009001
1.870000	1.858387	0.009001
1.875000	1.860048	0.009000
1.880000	1.861746	0.008999
1.885000	1.863480	0.008998
1.890000	1.865248	0.008996
1.895000	1.867048	0.008995
1.900000	1.868878	0.008993
1.905000	1.870736	0.008992
1.910000	1.872620	0.008991
1.915000	1.874527	0.008991
1.920000	1.876453	0.008990
1.925000	1.878396	0.008991
1.930000	1.880353	0.008992
1.935000	1.882320	0.008993
1.940000	1.884293	0.008995
1.945000	1.886270	0.008998
1.950000	1.888247	0.009001
1.955000	1.890221	0.009004
1.960000	1.892187	0.009008
1.965000	1.894144	0.009011
1.970000	1.896086	0.009015
1.975000	1.898013	0.009018
1.980000	1.899920	0.009021
1.985000	1.901804	0.009024
1.990000	1.903664	0.009026
1.995000	1.905496	0.009027
2.000000	1.907299	0.009028
2.005000	1.909070	0.009028
2.010000	1.910807	0.009027
2.015000	1.912511	0.009025
2.020000	1.914178	0.009022
2.025000	1.915809	0.009019
2.030000	1.917402	0.009015
2.035000	1.918958	0.009011
2.040000	1.920476	0.009007
2.045000	1.921957	0.009002
2.050000	1.923402	0.008997
2.055000	1.924811	0.008992
2.060000	1.926185	0.008987
2.065000	1.927526	0.008982
2.070000	1.928835	0.008978
2.075000	1.930115	0.008974
2.080000	1.931367	0.008970
2.085000	1.932594	0.008967
2.090000	1.933799	0.008964
2.095000	1.934983	0.008962
2.100000	1.936150	0.008961
2.105000	1.937302	0.008960
2.110000	1.938443	0.008959
2.115000	1.939575	0.008959
2.120000	1.940702	0.008959
2.125000	1.941826	0.008959
2.130000	1.942950	0.008960
2.135000	1.944077	0.008961
2.140000	1.945210	0.008962
2.145000	1.946351	0.008963
2.150000	1.947504	0.008964
2.155000	1.948669	0.008965
2.160000	1.949849	0.008966
2.165000	1.951046	0.008967
2.170000	1.952261	0.008968
2.175000	1.953496	0.008969
2.180000	1.954751	0.008970
2.185000	1.956026	0.008971
2.190000	1.957323	0.008972
2.195000	1.958641	0.008972
2.200000	1.959980	0.008973
2.205000	1.961338	0.008974
2.210000	1.962715	0.008974
2.215000	1.964110	0.008975
2.220000	1.965519	0.008975
2.225000	1.966943	0.008976
2.230000	1.968377	0.008977
2.235000	1.969820	0.008978
2.240000	1.971269	0.008979
2.245000	1.972720	0.008980
2.250000	1.974171	0.008982
2.255000	1.975618	0.008984
2.260000	1.977058	0.008986
2.265000	1.978487	0.008988
2.270000	1.979903	0.008991
2.275000	1.981301	0.008994
2.280000	1.982679	0.008997
2.285000	1.984032	0.009000
2.290000	1.985359	0.009004
2.295000	1.986657	0.009007
2.300000	1.987923	0.009011
2.305000	1.989155	0.009015
2.310000	1.990351	0.009019
2.315000	1.991509	0.009023
2.320000	1.992630	0.009028
2.325000	1.993711	0.009033
2.330000	1.994753	0.009038
2.335000	1.995757	0.009044
2.340000	1.996722	0.009051
2.345000	1.997651	0.009059
2.350000	1.998545	0.009068
2.355000	1.999406	0.009078
2.360000	2.000238	0.009089
2.365000	2.001042	0.009101
2.370000	2.001823	0.009113
2.375000	2.002585	0.009126
2.380000	2.003332	0.009140
2.385000	2.004068	0.009153
2.390000	2.004798	0.009165
2.395000	2.005527	0.009175
2.400000	2.006260	0.009183
2.405000	2.007003	0.009189
2.410000	2.007761	0.009192
2.415000	2.008537	0.009194
2.420000	2.009339	0.009196
2.425000	2.010169	0.009200
2.430000	2.011033	0.009210
2.435000	2.011934	0.009233
2.440000	2.012877	0.009278
2.445000	2.013864	0.009354
2.450000	2.014898	0.009478
