0.450000	1.047780	0.071927
0.455000	1.049770	0.071927
0.460000	1.049345	0.071927
0.465000	1.049162	0.071927
0.470000	1.050399	0.071927
0.475000	1.050772	0.071927
0.480000	1.050765	0.071927
0.485000	1.049813	0.071927
0.490000	1.053254	0.071927
0.495000	1.051768	0.071927
0.500000	1.051526	0.071927
0.505000	1.052983	0.071927
0.510000	1.051321	0.071927
0.515000	1.052426	0.071927
0.520000	1.051885	0.071927
0.525000	1.052880	0.071927
0.530000	1.052404	0.071927
0.535000	1.052214	0.071927
0.540000	1.053217	0.071927
0.545000	1.053576	0.071927
0.550000	1.052412	0.071927
0.555000	1.053935	0.071927
0.560000	1.052866	0.071927
0.565000	1.054469	0.071927
0.570000	1.053525	0.071927
0.575000	1.053612	0.071927
0.580000	1.052338	0.071927
0.585000	1.052975	0.071927
0.590000	1.052390	0.071927
0.595000	1.053979	0.071927
0.600000	1.052522	0.071927
0.605000	1.052273	0.071927
0.610000	1.052163	0.071927
0.615000	1.052404	0.071927
0.620000	1.052851	0.071927
0.625000	1.051899	0.071927
0.630000	1.052068	0.071927
0.635000	1.052375	0.071927
0.640000	1.052302	0.071927
0.645000	1.052368	0.071927
0.650000	1.052104	0.071927
0.655000	1.052375	0.071927
0.660000	1.053320	0.071927
0.665000	1.051379	0.071927
0.670000	1.051797	0.071927
0.675000	1.051936	0.071927
0.680000	1.051438	0.071927
0.685000	1.051540	0.071927
0.690000	1.052946	0.071927
0.695000	1.051482	0.071927
0.700000	1.051972	0.071927
0.705000	1.051870	0.071927
0.710000	1.051958	0.071927
0.715000	1.051745	0.071927
0.720000	1.052016	0.071927
0.725000	1.051262	0.071927
0.730000	1.051694	0.071927
0.735000	1.051723	0.071927
0.740000	1.052097	0.071927
0.745000	1.052243	0.071927
0.750000	1.052265	0.071927
0.755000	1.052324	0.071927
0.760000	1.057177	0.072121
0.765000	1.052412	0.071927
0.770000	1.051006	0.071927
0.775000	1.052024	0.071927
0.780000	1.052697	0.071927
0.785000	1.052111	0.071927
0.790000	1.052141	0.071927
0.795000	1.052258	0.071927
0.800000	1.052207	0.071927
0.805000	1.052133	0.071927
0.810000	1.052997	0.071927
0.815000	1.052536	0.071927
0.820000	1.053525	0.071927
0.825000	1.052647	0.071927
0.830000	1.052925	0.071927
0.835000	1.053079	0.071927
0.840000	1.053137	0.071927
0.845000	1.052061	0.071927
0.850000	1.051775	0.071927
0.855000	1.052683	0.071927
0.860000	1.052493	0.071927
0.865000	1.052515	0.071927
0.870000	1.052427	0.071927
0.875000	1.052676	0.071927
0.880000	1.052859	0.071927
0.885000	1.052654	0.071927
0.890000	1.052815	0.071927
0.895000	1.052222	0.071927
0.900000	1.051402	0.071927
0.905000	1.052083	0.071927
0.910000	1.052705	0.071927
0.915000	1.052668	0.071927
0.920000	1.052083	0.071927
0.925000	1.052222	0.071927
0.930000	1.051841	0.071927
0.935000	1.051863	0.071927
0.940000	1.052646	0.071927
0.945000	1.052749	0.071927
0.950000	1.052756	0.071927
0.955000	1.052661	0.071927
0.960000	1.052983	0.071927
0.965000	1.054250	0.071927
0.970000	1.054045	0.071927
0.975000	1.053635	0.071927
0.980000	1.053920	0.071927
0.985000	1.053972	0.071927
0.990000	1.053313	0.071927
0.995000	1.053627	0.071927
1.000000	1.053898	0.071927
1.005000	1.054945	0.071927
1.010000	1.055062	0.071927
1.015000	1.054791	0.071927
1.020000	1.054250	0.071927
1.025000	1.054294	0.071927
1.030000	1.053869	0.071927
1.035000	1.054045	0.071927
1.040000	1.053562	0.071927
1.045000	1.054140	0.071927
1.050000	1.054367	0.071927
1.055000	1.054030	0.071927
1.060000	1.054477	0.071927
1.065000	1.054425	0.071927
1.070000	1.053715	0.071927
1.075000	1.054652	0.071927
1.080000	1.056395	0.071927
1.085000	1.054477	0.071927
1.090000	1.054220	0.071927
1.095000	1.054257	0.071927
1.100000	1.054711	0.071927
1.105000	1.054843	0.071927
1.110000	1.054477	0.071927
1.115000	1.053254	0.071927
1.120000	1.057177	0.072121
1.125000	1.054989	0.071927
1.130000	1.054799	0.071927
1.135000	1.055487	0.071927
1.140000	1.055348	0.071927
1.145000	1.055201	0.071927
1.150000	1.054762	0.071927
1.155000	1.054345	0.071927
1.160000	1.055040	0.071927
1.165000	1.056168	0.071927
1.170000	1.056446	0.071927
1.175000	1.055450	0.071927
1.180000	1.056190	0.071927
1.185000	1.056292	0.071927
1.190000	1.055553	0.071927
1.195000	1.055758	0.071927
1.200000	1.055758	0.071927
1.205000	1.055985	0.071927
1.210000	1.056300	0.071927
1.215000	1.056600	0.071927
1.220000	1.055904	0.071927
1.225000	1.055443	0.071927
1.230000	1.056051	0.071927
1.235000	1.056065	0.071927
1.240000	1.055809	0.071927
1.245000	1.056292	0.071927
1.250000	1.057171	0.071927
1.255000	1.056534	0.071927
1.260000	1.056929	0.071927
1.265000	1.057017	0.071927
1.270000	1.057229	0.071927
1.275000	1.056929	0.071927
1.280000	1.056263	0.071927
1.285000	1.057032	0.071927
1.290000	1.056761	0.071927
1.295000	1.056358	0.071927
1.300000	1.057127	0.071927
1.305000	1.056424	0.071927
1.310000	1.056256	0.071927
1.315000	1.057354	0.071927
1.320000	1.056856	0.071927
1.325000	1.057281	0.071927
1.330000	1.057515	0.071927
1.335000	1.057054	0.071927
1.340000	1.057544	0.071927
1.345000	1.057266	0.071927
1.350000	1.057090	0.071927
1.355000	1.057310	0.071927
1.360000	1.057815	0.071927
1.365000	1.056659	0.071927
1.370000	1.058225	0.071927
1.375000	1.058950	0.071927
1.380000	1.057654	0.071927
1.385000	1.058269	0.071927
1.390000	1.058650	0.071927
1.395000	1.057859	0.071927
1.400000	1.057420	0.071927
1.405000	1.057625	0.071927
1.410000	1.058284	0.071927
1.415000	1.058547	0.071927
1.420000	1.059235	0.071927
1.425000	1.058862	0.071927
1.430000	1.059184	0.071927
1.435000	1.057177	0.072121
1.440000	1.059748	0.071927
1.445000	1.059008	0.071927
1.450000	1.058657	0.071927
1.455000	1.058869	0.071927
1.460000	1.058342	0.071927
1.465000	1.058276	0.071927
1.470000	1.059206	0.071927
1.475000	1.057177	0.072121
1.480000	1.057177	0.072121
1.485000	1.059287	0.071927
1.490000	1.058049	0.071927
1.495000	1.058877	0.071927
1.500000	1.058760	0.071927
1.505000	1.058957	0.071927
1.510000	1.059689	0.071927
1.515000	1.059711	0.071927
1.520000	1.060173	0.071927
1.525000	1.057735	0.071927
1.530000	1.057844	0.071927
1.535000	1.060092	0.071927
1.540000	1.060422	0.071927
1.545000	1.060729	0.071927
1.550000	1.059916	0.071927
1.555000	1.059755	0.071927
1.560000	1.059397	0.071927
1.565000	1.060524	0.071927
1.570000	1.059946	0.071927
1.575000	1.058620	0.071927
1.580000	1.057793	0.071927
1.585000	1.057669	0.071927
1.590000	1.058891	0.071927
1.595000	1.059858	0.071927
1.600000	1.060531	0.071927
1.605000	1.059653	0.071927
1.610000	1.059616	0.071927
1.615000	1.060216	0.071927
1.620000	1.059126	0.071927
1.625000	1.059719	0.071927
1.630000	1.060553	0.071927
1.635000	1.059880	0.071927
1.640000	1.060238	0.071927
1.645000	1.060509	0.071927
1.650000	1.060993	0.071927
1.655000	1.061132	0.071927
1.660000	1.060158	0.071927
1.665000	1.059799	0.071927
1.670000	1.059338	0.071927
1.675000	1.060019	0.071927
1.680000	1.061241	0.071927
1.685000	1.060282	0.071927
1.690000	1.060004	0.071927
1.695000	1.059902	0.071927
1.700000	1.059887	0.071927
1.705000	1.059741	0.071927
1.710000	1.060268	0.071927
1.715000	1.060722	0.071927
1.720000	1.060597	0.071927
1.725000	1.061805	0.071927
1.730000	1.061820	0.071927
1.735000	1.061571	0.071927
1.740000	1.061124	0.071927
1.745000	1.061183	0.071927
1.750000	1.062486	0.071927
1.755000	1.061563	0.071927
1.760000	1.059997	0.071927
1.765000	1.060992	0.071927
1.770000	1.063137	0.071927
1.775000	1.063196	0.071927
1.780000	1.061929	0.071927
1.785000	1.061644	0.071927
1.790000	1.060751	0.071927
1.795000	1.060150	0.071927
1.800000	1.059550	0.071927
1.805000	1.061153	0.071927
1.810000	1.060414	0.071927
1.815000	1.060794	0.071927
1.820000	1.061906	0.071927
1.825000	1.060523	0.071927
1.830000	1.062066	0.071927
1.835000	1.062301	0.071927
1.840000	1.062154	0.071927
1.845000	1.060690	0.071927
1.850000	1.057177	0.072121
1.855000	1.060998	0.071927
1.860000	1.061774	0.071927
1.865000	1.062723	0.071927
1.870000	1.061253	0.071927
1.875000	1.063070	0.071927
1.880000	1.062985	0.071927
1.885000	1.061635	0.071927
1.890000	1.062221	0.071927
1.895000	1.061020	0.071927
1.900000	1.063888	0.071927
1.905000	1.064664	0.071927
1.910000	1.062256	0.071927
1.915000	1.062644	0.071927
1.920000	1.062967	0.071927
1.925000	1.062543	0.071927
1.930000	1.061833	0.071927
1.935000	1.062090	0.071927
1.940000	1.062975	0.071927
1.945000	1.063275	0.071927
1.950000	1.064065	0.071927
1.955000	1.064256	0.071927
1.960000	1.061738	0.071927
1.965000	1.062418	0.071927
1.970000	1.062163	0.071927
1.975000	1.064292	0.071927
1.980000	1.064403	0.071927
1.985000	1.064483	0.071927
1.990000	1.064681	0.071927
1.995000	1.062463	0.071927
2.000000	1.057177	0.072121
2.005000	1.057177	0.072121
2.010000	1.063662	0.071927
2.015000	1.061415	0.071927
2.020000	1.062308	0.071927
2.025000	1.061548	0.071927
2.030000	1.063714	0.071927
2.035000	1.064681	0.071927
2.040000	1.064096	0.071927
2.045000	1.065127	0.071927
2.050000	1.064095	0.071927
2.055000	1.066428	0.071927
2.060000	1.065471	0.071927
2.065000	1.065449	0.071927
2.070000	1.063539	0.071927
2.075000	1.062331	0.071927
2.080000	1.063056	0.071927
2.085000	1.063012	0.071927
2.090000	1.062749	0.071927
2.095000	1.062405	0.071927
2.100000	1.063115	0.071927
2.105000	1.063422	0.071927
2.110000	1.063803	0.071927
2.115000	1.064601	0.071927
2.120000	1.063246	0.071927
2.125000	1.062324	0.071927
2.130000	1.062441	0.071927
2.135000	1.062046	0.071927
2.140000	1.064440	0.071927
2.145000	1.064783	0.071927
2.150000	1.064190	0.071927
2.155000	1.063765	0.071927
2.160000	1.064051	0.071927
2.165000	1.064710	0.071927
2.170000	1.064819	0.071927
2.175000	1.063766	0.071927
2.180000	1.063121	0.071927
2.185000	1.063912	0.071927
2.190000	1.065683	0.071927
2.195000	1.066642	0.071927
2.200000	1.065997	0.071927
2.205000	1.064929	0.071927
2.210000	1.065991	0.071927
2.215000	1.065741	0.071927
2.220000	1.066019	0.071927
2.225000	1.066560	0.071927
2.230000	1.066751	0.071927
2.235000	1.066619	0.071927
2.240000	1.064080	0.071927
2.245000	1.065851	0.071927
2.250000	1.064753	0.071927
2.255000	1.065324	0.071927
2.260000	1.066831	0.071927
2.265000	1.067285	0.071927
2.270000	1.066978	0.071927
2.275000	1.066317	0.071927
2.280000	1.065015	0.071927
2.285000	1.066705	0.071927
2.290000	1.067138	0.071927
2.295000	1.065807	0.071927
2.300000	1.065023	0.071927
2.305000	1.065864	0.071927
2.310000	1.066092	0.071927
2.315000	1.066663	0.071927
2.320000	1.066281	0.071927
2.325000	1.066106	0.071927
2.330000	1.065286	0.071927
2.335000	1.065163	0.071927
2.340000	1.068973	0.071927
2.345000	1.067863	0.071927
2.350000	1.066353	0.071927
2.355000	1.065535	0.071927
2.360000	1.064993	0.071927
2.365000	1.068117	0.071927
2.370000	1.068533	0.071927
2.375000	1.065688	0.071927
2.380000	1.066112	0.071927
2.385000	1.066383	0.071927
2.390000	1.065718	0.071927
2.395000	1.066830	0.071927
2.400000	1.068695	0.071927
2.405000	1.067714	0.071927
2.410000	1.066749	0.071927
2.415000	1.068095	0.071927
2.420000	nan	nan
2.425000	nan	nan
2.430000	nan	nan
2.435000	nan	nan
2.440000	nan	nan
2.445000	nan	nan
2.450000	nan	nan
