0.450000	1.145590	0.156431
0.455000	1.115483	0.156424
0.460000	1.137567	0.156423
0.465000	1.140330	0.156421
0.470000	1.164275	0.156421
0.475000	1.170843	0.156420
0.480000	1.139853	0.156419
0.485000	1.135952	0.156419
0.490000	1.158030	0.156418
0.495000	1.149851	0.156418
0.500000	1.149096	0.156418
0.505000	1.162847	0.156418
0.510000	1.161813	0.156418
0.515000	1.162946	0.156418
0.520000	1.169834	0.156417
0.525000	1.154635	0.156417
0.530000	1.172413	0.156417
0.535000	1.172903	0.156417
0.540000	1.168051	0.156417
0.545000	1.175353	0.156417
0.550000	1.173778	0.156417
0.555000	1.173597	0.156417
0.560000	1.176203	0.156417
0.565000	1.177210	0.156417
0.570000	1.178422	0.156417
0.575000	1.181312	0.156417
0.580000	1.188873	0.156417
0.585000	1.190912	0.156417
0.590000	1.192202	0.156417
0.595000	1.191918	0.156417
0.600000	1.193389	0.156417
0.605000	1.197131	0.156417
0.610000	1.206473	0.156417
0.615000	1.196073	0.156417
0.620000	1.205131	0.156417
0.625000	1.205028	0.156417
0.630000	1.206628	0.156417
0.635000	1.205570	0.156417
0.640000	1.206808	0.156417
0.645000	1.209234	0.156417
0.650000	1.219712	0.156417
0.655000	1.211841	0.156417
0.660000	1.223351	0.156417
0.665000	1.216460	0.156417
0.670000	1.221621	0.156417
0.675000	1.215221	0.156417
0.680000	1.222370	0.156417
0.685000	1.218654	0.156417
0.690000	1.216434	0.156417
0.695000	1.224357	0.156417
0.700000	1.219428	0.156417
0.705000	1.223660	0.156417
0.710000	1.220150	0.156417
0.715000	1.221363	0.156417
0.720000	1.224486	0.156417
0.725000	1.227557	0.156417
0.730000	1.222138	0.156417
0.735000	1.224718	0.156417
0.740000	1.221002	0.156417
0.745000	1.226835	0.156417
0.750000	1.227325	0.156417
0.755000	1.229725	0.156417
0.760000	1.235786	0.161901
0.765000	1.236770	0.156417
0.770000	1.221028	0.156417
0.775000	1.210344	0.156417
0.780000	1.218035	0.156417
0.785000	1.217544	0.156417
0.790000	1.211686	0.156417
0.795000	1.221235	0.156417
0.800000	1.211686	0.156417
0.805000	1.210293	0.156417
0.810000	1.212357	0.156417
0.815000	1.213622	0.156417
0.820000	1.214009	0.156417
0.825000	1.208979	0.156417
0.830000	1.207972	0.156417
0.835000	1.204540	0.156417
0.840000	1.204720	0.156417
0.845000	1.203997	0.156417
0.850000	1.202656	0.156417
0.855000	1.198888	0.156417
0.860000	1.196643	0.156417
0.865000	1.191921	0.156417
0.870000	1.192696	0.156417
0.875000	1.194761	0.156417
0.880000	1.196618	0.156417
0.885000	1.195921	0.156417
0.890000	1.191223	0.156417
0.895000	1.192849	0.156417
0.900000	1.189906	0.156417
0.905000	1.193003	0.156417
0.910000	1.194474	0.156417
0.915000	1.192177	0.156417
0.920000	1.193804	0.156417
0.925000	1.190861	0.156417
0.930000	1.190165	0.156417
0.935000	1.190578	0.156417
0.940000	1.191300	0.156417
0.945000	1.191403	0.156417
0.950000	1.194061	0.156417
0.955000	1.196641	0.156417
0.960000	1.196435	0.156417
0.965000	1.198628	0.156417
0.970000	1.199532	0.156417
0.975000	1.200641	0.156417
0.980000	1.198164	0.156417
0.985000	1.201364	0.156417
0.990000	1.201442	0.156417
0.995000	1.203015	0.156417
1.000000	1.204125	0.156417
1.005000	1.203222	0.156417
1.010000	1.204047	0.156417
1.015000	1.207247	0.156417
1.020000	1.207635	0.156417
1.025000	1.207093	0.156417
1.030000	1.206371	0.156417
1.035000	1.207816	0.156417
1.040000	1.209545	0.156417
1.045000	1.211196	0.156417
1.050000	1.210577	0.156417
1.055000	1.213880	0.156417
1.060000	1.213777	0.156417
1.065000	1.214654	0.156417
1.070000	1.216667	0.156417
1.075000	1.218267	0.156417
1.080000	1.216925	0.156417
1.085000	1.219532	0.156417
1.090000	1.221725	0.156417
1.095000	1.222215	0.156417
1.100000	1.223996	0.156417
1.105000	1.226086	0.156417
1.110000	1.226628	0.156417
1.115000	1.229106	0.156417
1.120000	1.228538	0.156417
1.125000	1.230319	0.156417
1.130000	1.234732	0.156417
1.135000	1.232719	0.156417
1.140000	1.234628	0.156417
1.145000	1.234009	0.156417
1.150000	1.234757	0.156417
1.155000	1.238809	0.156417
1.160000	1.238628	0.156417
1.165000	1.238344	0.156417
1.170000	1.239686	0.156417
1.175000	1.241338	0.156417
1.180000	1.243377	0.156417
1.185000	1.242422	0.156417
1.190000	1.244048	0.156417
1.195000	1.242912	0.156417
1.200000	1.245261	0.156417
1.205000	1.248590	0.156417
1.210000	1.248667	0.156417
1.215000	1.248383	0.156417
1.220000	1.248074	0.156417
1.225000	1.250241	0.156417
1.230000	1.252590	0.156417
1.235000	1.251506	0.156417
1.240000	1.251119	0.156417
1.245000	1.250319	0.156417
1.250000	1.252744	0.156417
1.255000	1.255712	0.156417
1.260000	1.253983	0.156417
1.265000	1.254267	0.156417
1.270000	1.255738	0.156417
1.275000	1.256280	0.156417
1.280000	1.255893	0.156417
1.285000	1.257312	0.156417
1.290000	1.258267	0.156417
1.295000	1.258577	0.156417
1.300000	1.259686	0.156417
1.305000	1.261983	0.156417
1.310000	1.258370	0.156417
1.315000	1.258396	0.156417
1.320000	1.261906	0.156417
1.325000	1.264616	0.156417
1.330000	1.267067	0.156417
1.335000	1.267945	0.156417
1.340000	1.269983	0.156417
1.345000	1.273337	0.156417
1.350000	1.276511	0.156417
1.355000	1.270886	0.156417
1.360000	1.235786	0.161901
1.365000	1.264764	0.156418
1.370000	1.272150	0.156417
1.375000	1.270802	0.156418
1.380000	1.270698	0.156418
1.385000	1.272716	0.156417
1.390000	1.276174	0.156417
1.395000	1.272226	0.156417
1.400000	1.277360	0.156417
1.405000	1.281231	0.156417
1.410000	1.276122	0.156417
1.415000	1.276819	0.156417
1.420000	1.283193	0.156417
1.425000	1.279814	0.156417
1.430000	1.280873	0.156417
1.435000	1.281620	0.156417
1.440000	1.280201	0.156417
1.445000	1.284898	0.156417
1.450000	1.279220	0.156417
1.455000	1.277620	0.156417
1.460000	1.281672	0.156417
1.465000	1.282806	0.156417
1.470000	1.281542	0.156417
1.475000	1.284844	0.156417
1.480000	1.284304	0.156417
1.485000	1.285260	0.156417
1.490000	1.286059	0.156417
1.495000	1.285723	0.156417
1.500000	1.283943	0.156417
1.505000	1.288999	0.156417
1.510000	1.286419	0.156417
1.515000	1.284510	0.156417
1.520000	1.284072	0.156417
1.525000	1.280278	0.156417
1.530000	1.280614	0.156417
1.535000	1.278704	0.156417
1.540000	1.283710	0.156417
1.545000	1.292790	0.156418
1.550000	1.288639	0.156417
1.555000	1.282472	0.156417
1.560000	1.282833	0.156417
1.565000	1.283324	0.156417
1.570000	1.286885	0.156417
1.575000	1.283940	0.156417
1.580000	1.287889	0.156417
1.585000	1.284715	0.156417
1.590000	1.277903	0.156417
1.595000	1.284896	0.156417
1.600000	1.279891	0.156417
1.605000	1.281310	0.156417
1.610000	1.276665	0.156417
1.615000	1.284070	0.156417
1.620000	1.280820	0.156417
1.625000	1.276795	0.156417
1.630000	1.271737	0.156417
1.635000	1.282728	0.156417
1.640000	1.283091	0.156417
1.645000	1.275632	0.156417
1.650000	1.268381	0.156417
1.655000	1.268098	0.156417
1.660000	1.274703	0.156417
1.665000	1.270497	0.156417
1.670000	1.268251	0.156417
1.675000	1.274471	0.156417
1.680000	1.274623	0.156418
1.685000	1.271865	0.156417
1.690000	1.273979	0.156417
1.695000	1.271014	0.156417
1.700000	1.270110	0.156417
1.705000	1.270110	0.156417
1.710000	1.266549	0.156417
1.715000	1.268252	0.156417
1.720000	1.270342	0.156417
1.725000	1.269618	0.156418
1.730000	1.269954	0.156417
1.735000	1.271658	0.156417
1.740000	1.268999	0.156417
1.745000	1.270729	0.156417
1.750000	1.275709	0.156417
1.755000	1.271580	0.156417
1.760000	1.268793	0.156417
1.765000	1.258059	0.156417
1.770000	1.265620	0.156417
1.775000	1.268664	0.156417
1.780000	1.264742	0.156417
1.785000	1.268922	0.156417
1.790000	1.257928	0.156418
1.795000	1.262368	0.156417
1.800000	1.258754	0.156418
1.805000	1.265695	0.156418
1.810000	1.269280	0.156418
1.815000	1.267345	0.156418
1.820000	1.258753	0.156418
1.825000	1.265925	0.156418
1.830000	1.264887	0.156419
1.835000	1.263474	0.156418
1.840000	1.265682	0.156420
1.845000	1.235786	0.161901
1.850000	1.259572	0.156420
1.855000	1.260710	0.156419
1.860000	1.257872	0.156419
1.865000	1.260632	0.156419
1.870000	1.268024	0.156421
1.875000	1.267797	0.156420
1.880000	1.253789	0.156421
1.885000	1.265711	0.156419
1.890000	1.253952	0.156419
1.895000	1.235786	0.161901
1.900000	1.259392	0.156419
1.905000	1.267337	0.156419
1.910000	1.264444	0.156420
1.915000	1.264834	0.156420
1.920000	1.257587	0.156419
1.925000	1.258800	0.156419
1.930000	1.263908	0.156419
1.935000	1.253643	0.156418
1.940000	1.255861	0.156419
1.945000	1.259319	0.156418
1.950000	1.263781	0.156419
1.955000	1.257488	0.156418
1.960000	1.253974	0.156420
1.965000	1.257925	0.156419
1.970000	1.255965	0.156418
1.975000	1.266236	0.156418
1.980000	1.264093	0.156418
1.985000	1.263424	0.156418
1.990000	1.262417	0.156418
1.995000	1.264839	0.156419
2.000000	1.258690	0.156421
2.005000	1.257400	0.156421
2.010000	1.268002	0.156420
2.015000	1.258928	0.156419
2.020000	1.264270	0.156419
2.025000	1.268837	0.156419
2.030000	1.263113	0.156418
2.035000	1.268116	0.156418
2.040000	1.266620	0.156418
2.045000	1.265226	0.156419
2.050000	1.263497	0.156419
2.055000	1.259680	0.156418
2.060000	1.264759	0.156419
2.065000	1.269793	0.156419
2.070000	1.267111	0.156418
2.075000	1.264968	0.156419
2.080000	1.271963	0.156418
2.085000	1.265487	0.156418
2.090000	1.264970	0.156418
2.095000	1.266235	0.156418
2.100000	1.264944	0.156418
2.105000	1.262079	0.156418
2.110000	1.265640	0.156418
2.115000	1.269612	0.156418
2.120000	1.267138	0.156418
2.125000	1.261280	0.156418
2.130000	1.266232	0.156419
2.135000	1.267912	0.156418
2.140000	1.266621	0.156418
2.145000	1.269328	0.156419
2.150000	1.267884	0.156419
2.155000	1.272089	0.156418
2.160000	1.276605	0.156418
2.165000	1.267625	0.156419
2.170000	1.266854	0.156418
2.175000	1.278790	0.156419
2.180000	1.276602	0.156419
2.185000	1.276396	0.156419
2.190000	1.267649	0.156419
2.195000	1.266309	0.156419
2.200000	1.271883	0.156418
2.205000	1.265330	0.156418
2.210000	1.265842	0.156419
2.215000	1.274436	0.156419
2.220000	1.271133	0.156419
2.225000	1.266360	0.156419
2.230000	1.265872	0.156418
2.235000	1.273608	0.156419
2.240000	1.268450	0.156419
2.245000	1.277079	0.156421
2.250000	1.265973	0.156419
2.255000	1.273247	0.156419
2.260000	1.268548	0.156420
2.265000	1.271671	0.156419
2.270000	1.272705	0.156419
2.275000	1.274177	0.156419
2.280000	1.270797	0.156419
2.285000	1.266921	0.156420
2.290000	1.269140	0.156420
2.295000	1.273212	0.156420
2.300000	1.277807	0.156420
2.305000	1.277084	0.156420
2.310000	1.267105	0.156419
2.315000	1.268343	0.156419
2.320000	1.267285	0.156419
2.325000	1.270685	0.156420
2.330000	1.272158	0.156420
2.335000	1.271896	0.156420
2.340000	1.279843	0.156420
2.345000	1.272802	0.156420
2.350000	1.284173	0.156420
2.355000	1.273676	0.156420
2.360000	1.272485	0.156421
2.365000	1.277673	0.156420
2.370000	1.285232	0.156420
2.375000	1.284472	0.156421
2.380000	1.283010	0.156421
2.385000	1.277426	0.156422
2.390000	1.235786	0.161901
2.395000	1.284584	0.156421
2.400000	1.282889	0.156420
2.405000	1.276437	0.156420
2.410000	1.285334	0.156420
2.415000	1.285535	0.156421
2.420000	1.282653	0.156420
2.425000	1.280752	0.156422
2.430000	1.279295	0.156421
2.435000	1.285867	0.156421
2.440000	1.235786	0.161901
2.445000	1.235786	0.161901
2.450000	1.278205	0.156422
