0.450000	nan	nan
0.455000	nan	nan
0.460000	nan	nan
0.465000	nan	nan
0.470000	nan	nan
0.475000	nan	nan
0.480000	nan	nan
0.485000	nan	nan
0.490000	nan	nan
0.495000	nan	nan
0.500000	nan	nan
0.505000	nan	nan
0.510000	nan	nan
0.515000	nan	nan
0.520000	nan	nan
0.525000	nan	nan
0.530000	nan	nan
0.535000	1.198374	0.162400
0.540000	1.193098	0.162401
0.545000	1.200582	0.162403
0.550000	1.171619	0.162445
0.555000	1.199916	0.162400
0.560000	1.191966	0.162404
0.565000	1.197932	0.162403
0.570000	1.198048	0.162402
0.575000	1.194896	0.162403
0.580000	1.202417	0.162403
0.585000	1.187259	0.162400
0.590000	1.209649	0.162403
0.595000	1.198758	0.162414
0.600000	1.198920	0.162404
0.605000	1.201860	0.162406
0.610000	1.206689	0.162405
0.615000	1.264516	0.168462
0.620000	1.207904	0.162404
0.625000	1.208911	0.162407
0.630000	1.208326	0.162404
0.635000	1.264516	0.168462
0.640000	1.206904	0.162400
0.645000	1.197955	0.162403
0.650000	1.264516	0.168462
0.655000	1.188330	0.162413
0.660000	1.220061	0.162458
0.665000	1.217725	0.162473
0.670000	1.215399	0.162408
0.675000	1.218306	0.162417
0.680000	1.219087	0.162408
0.685000	1.208012	0.162413
0.690000	1.228301	0.162408
0.695000	1.224644	0.162409
0.700000	1.222832	0.162412
0.705000	1.228049	0.162410
0.710000	1.227430	0.162413
0.715000	1.219365	0.162435
0.720000	1.238681	0.162408
0.725000	1.225970	0.162413
0.730000	1.239399	0.162408
0.735000	1.230378	0.162404
0.740000	1.235966	0.162407
0.745000	1.216481	0.162411
0.750000	1.228907	0.162403
0.755000	1.264516	0.168462
0.760000	1.264516	0.168462
0.765000	1.264516	0.168462
0.770000	1.231464	0.162399
0.775000	1.224882	0.162405
0.780000	1.230021	0.162402
0.785000	1.229679	0.162408
0.790000	1.222553	0.162402
0.795000	1.231951	0.162405
0.800000	1.220281	0.162404
0.805000	1.225004	0.162403
0.810000	1.222596	0.162405
0.815000	1.205791	0.162406
0.820000	1.222932	0.162399
0.825000	1.219395	0.162399
0.830000	1.215939	0.162399
0.835000	1.213919	0.162399
0.840000	1.214371	0.162399
0.845000	1.214027	0.162399
0.850000	1.210250	0.162399
0.855000	1.202595	0.162399
0.860000	1.204429	0.162399
0.865000	1.202593	0.162399
0.870000	1.202460	0.162399
0.875000	1.203736	0.162399
0.880000	1.197913	0.162399
0.885000	1.201342	0.162399
0.890000	1.202193	0.162399
0.895000	1.196984	0.162399
0.900000	1.196690	0.162399
0.905000	1.199666	0.162399
0.910000	1.199321	0.162399
0.915000	1.197300	0.162399
0.920000	1.200703	0.162399
0.925000	1.194482	0.162399
0.930000	1.195599	0.162399
0.935000	1.194748	0.162399
0.940000	1.198417	0.162399
0.945000	1.201129	0.162399
0.950000	1.197566	0.162399
0.955000	1.200810	0.162399
0.960000	1.205436	0.162399
0.965000	1.200729	0.162399
0.970000	1.204638	0.162399
0.975000	1.205781	0.162399
0.980000	1.210036	0.162399
0.985000	1.211232	0.162399
0.990000	1.205940	0.162399
0.995000	1.207350	0.162399
1.000000	1.210886	0.162399
1.005000	1.208440	0.162399
1.010000	1.214023	0.162399
1.015000	1.216788	0.162399
1.020000	1.217319	0.162399
1.025000	1.215830	0.162399
1.030000	1.220696	0.162399
1.035000	1.218436	0.162399
1.040000	1.218197	0.162399
1.045000	1.220802	0.162399
1.050000	1.222344	0.162399
1.055000	1.223168	0.162399
1.060000	1.221733	0.162399
1.065000	1.225907	0.162399
1.070000	1.225748	0.162399
1.075000	1.227156	0.162399
1.080000	1.229549	0.162399
1.085000	1.231623	0.162399
1.090000	1.232181	0.162399
1.095000	1.233564	0.162399
1.100000	1.239573	0.162399
1.105000	1.243216	0.162399
1.110000	1.239679	0.162399
1.115000	1.245316	0.162399
1.120000	1.245475	0.162399
1.125000	1.248373	0.162399
1.130000	1.250288	0.162399
1.135000	1.248586	0.162399
1.140000	1.250660	0.162399
1.145000	1.251564	0.162399
1.150000	1.258849	0.162399
1.155000	1.259487	0.162399
1.160000	1.258477	0.162399
1.165000	1.256642	0.162399
1.170000	1.259806	0.162399
1.175000	1.262863	0.162399
1.180000	1.262199	0.162399
1.185000	1.261667	0.162399
1.190000	1.263289	0.162399
1.195000	1.261162	0.162399
1.200000	1.262651	0.162399
1.205000	1.268660	0.162399
1.210000	1.264778	0.162399
1.215000	1.267968	0.162399
1.220000	1.271930	0.162399
1.225000	1.274695	0.162399
1.230000	1.269218	0.162399
1.235000	1.270441	0.162399
1.240000	1.278603	0.162399
1.245000	1.276902	0.162399
1.250000	1.276902	0.162399
1.255000	1.276848	0.162399
1.260000	1.276901	0.162399
1.265000	1.280039	0.162399
1.270000	1.278364	0.162399
1.275000	1.281581	0.162399
1.280000	1.278816	0.162399
1.285000	1.281661	0.162399
1.290000	1.282644	0.162399
1.295000	1.280730	0.162399
1.300000	1.281926	0.162399
1.305000	1.278390	0.162399
1.310000	1.286127	0.162399
1.315000	1.286101	0.162399
1.320000	1.289105	0.162399
1.325000	1.289930	0.162399
1.330000	1.291073	0.162399
1.335000	1.294635	0.162399
1.340000	1.293492	0.162399
1.345000	1.296336	0.162399
1.350000	1.302423	0.162399
1.355000	1.264516	0.168462
1.360000	1.264516	0.168462
1.365000	1.300908	0.162399
1.370000	1.293675	0.162399
1.375000	1.264516	0.168462
1.380000	1.264516	0.168462
1.385000	1.302850	0.162399
1.390000	1.299154	0.162399
1.395000	1.310877	0.162399
1.400000	1.264516	0.168462
1.405000	1.303620	0.162399
1.410000	1.306571	0.162399
1.415000	1.308378	0.162399
1.420000	1.264516	0.168462
1.425000	1.315825	0.162399
1.430000	1.316329	0.162399
1.435000	1.314734	0.162399
1.440000	1.314814	0.162399
1.445000	1.310853	0.162399
1.450000	1.316649	0.162399
1.455000	1.319334	0.162399
1.460000	1.320663	0.162399
1.465000	1.316275	0.162399
1.470000	1.322231	0.162399
1.475000	1.316250	0.162399
1.480000	1.318750	0.162399
1.485000	1.317260	0.162399
1.490000	1.316302	0.162399
1.495000	1.318005	0.162399
1.500000	1.317951	0.162399
1.505000	1.324359	0.162399
1.510000	1.318856	0.162399
1.515000	1.316410	0.162399
1.520000	1.323322	0.162399
1.525000	1.325980	0.162399
1.530000	1.319865	0.162399
1.535000	1.324092	0.162399
1.540000	1.329355	0.162399
1.545000	1.328027	0.162399
1.550000	1.324969	0.162399
1.555000	1.322763	0.162399
1.560000	1.317099	0.162399
1.565000	1.322391	0.162399
1.570000	1.321460	0.162399
1.575000	1.327255	0.162399
1.580000	1.318801	0.162399
1.585000	1.324093	0.162399
1.590000	1.323721	0.162399
1.595000	1.323002	0.162399
1.600000	1.319891	0.162399
1.605000	1.318136	0.162399
1.610000	1.314600	0.162399
1.615000	1.320370	0.162399
1.620000	1.322044	0.162399
1.625000	1.313614	0.162399
1.630000	1.313909	0.162399
1.635000	1.313403	0.162399
1.640000	1.308298	0.162399
1.645000	1.313564	0.162399
1.650000	1.317232	0.162399
1.655000	1.313590	0.162399
1.660000	1.317125	0.162399
1.665000	1.309360	0.162400
1.670000	1.309094	0.162400
1.675000	1.314521	0.162399
1.680000	1.308565	0.162399
1.685000	1.308033	0.162399
1.690000	1.305826	0.162399
1.695000	1.313375	0.162399
1.700000	1.305667	0.162399
1.705000	1.307021	0.162399
1.710000	1.303858	0.162399
1.715000	1.304390	0.162399
1.720000	1.316324	0.162400
1.725000	1.312472	0.162399
1.730000	1.303807	0.162399
1.735000	1.303566	0.162399
1.740000	1.302450	0.162399
1.745000	1.306039	0.162399
1.750000	1.303565	0.162399
1.755000	1.297557	0.162399
1.760000	1.292798	0.162399
1.765000	1.264516	0.168462
1.770000	1.292294	0.162399
1.775000	1.296707	0.162399
1.780000	1.297372	0.162399
1.785000	1.303991	0.162399
1.790000	1.301678	0.162399
1.795000	1.297663	0.162399
1.800000	1.295510	0.162399
1.805000	1.298886	0.162399
1.810000	1.297185	0.162399
1.815000	1.307580	0.162399
1.820000	1.300987	0.162399
1.825000	1.304601	0.162400
1.830000	1.264516	0.168462
1.835000	1.305317	0.162400
1.840000	1.294578	0.162400
1.845000	1.283997	0.162400
1.850000	1.287451	0.162400
1.855000	1.285432	0.162400
1.860000	1.284607	0.162400
1.865000	1.291413	0.162400
1.870000	1.264516	0.168462
1.875000	1.264516	0.168462
1.880000	1.302415	0.162400
1.885000	1.295428	0.162400
1.890000	1.298937	0.162400
1.895000	1.264516	0.168462
1.900000	1.282694	0.162400
1.905000	1.296383	0.162400
1.910000	1.264516	0.168462
1.915000	1.301672	0.162400
1.920000	1.289845	0.162400
1.925000	1.264516	0.168462
1.930000	1.301407	0.162400
1.935000	1.297209	0.162400
1.940000	1.293913	0.162400
1.945000	1.289739	0.162400
1.950000	1.287373	0.162400
1.955000	1.287319	0.162400
1.960000	1.295744	0.162400
1.965000	1.293168	0.162400
1.970000	1.288143	0.162400
1.975000	1.287268	0.162400
1.980000	1.300528	0.162401
1.985000	1.291016	0.162400
1.990000	1.264516	0.168462
1.995000	1.264516	0.168462
2.000000	1.264516	0.168462
2.005000	1.264516	0.168462
2.010000	1.295156	0.162401
2.015000	1.297816	0.162401
2.020000	1.264516	0.168462
2.025000	1.264516	0.168462
2.030000	1.290750	0.162400
2.035000	1.299970	0.162401
2.040000	1.295243	0.162400
2.045000	1.285325	0.162400
2.050000	1.288064	0.162400
2.055000	1.283784	0.162400
2.060000	1.287265	0.162400
2.065000	1.284394	0.162400
2.070000	1.293646	0.162400
2.075000	1.264516	0.168462
2.080000	1.301648	0.162400
2.085000	1.296784	0.162400
2.090000	1.289845	0.162400
2.095000	1.291122	0.162400
2.100000	1.293647	0.162400
2.105000	1.290192	0.162400
2.110000	1.286895	0.162400
2.115000	1.292291	0.162400
2.120000	1.299866	0.162400
2.125000	1.301406	0.162400
2.130000	1.293939	0.162400
2.135000	1.289871	0.162400
2.140000	1.291519	0.162400
2.145000	1.297341	0.162400
2.150000	1.293857	0.162400
2.155000	1.288808	0.162400
2.160000	1.296886	0.162401
2.165000	1.289071	0.162401
2.170000	1.291888	0.162401
2.175000	1.292792	0.162401
2.180000	1.299042	0.162400
2.185000	1.299042	0.162400
2.190000	1.292421	0.162400
2.195000	1.297472	0.162400
2.200000	1.299278	0.162401
2.205000	1.289233	0.162400
2.210000	1.295822	0.162401
2.215000	1.294522	0.162400
2.220000	1.300184	0.162400
2.225000	1.308927	0.162401
2.230000	1.303452	0.162401
2.235000	1.303870	0.162402
2.240000	1.304249	0.162401
2.245000	1.308234	0.162401
2.250000	1.297310	0.162401
2.255000	1.307674	0.162401
2.260000	1.309292	0.162402
2.265000	1.298428	0.162401
2.270000	1.300076	0.162401
2.275000	1.311128	0.162401
2.280000	1.308867	0.162402
2.285000	1.296724	0.162401
2.290000	1.300846	0.162401
2.295000	1.301640	0.162401
2.300000	1.307889	0.162401
2.305000	1.306268	0.162401
2.310000	1.299038	0.162401
2.315000	1.306293	0.162401
2.320000	1.301295	0.162401
2.325000	1.300439	0.162402
2.330000	1.292632	0.162401
2.335000	1.292551	0.162401
2.340000	1.293875	0.162402
2.345000	1.296776	0.162401
2.350000	1.294174	0.162401
2.355000	1.302864	0.162401
2.360000	1.313707	0.162401
2.365000	1.300152	0.162401
2.370000	1.307006	0.162402
2.375000	1.315985	0.162402
2.380000	1.305382	0.162402
2.385000	1.311975	0.162402
2.390000	1.305754	0.162402
2.395000	1.307722	0.162402
2.400000	1.311473	0.162401
2.405000	1.264516	0.168462
2.410000	1.300705	0.162402
2.415000	1.307346	0.162402
2.420000	1.314150	0.162402
2.425000	1.307139	0.162402
2.430000	1.318139	0.162402
2.435000	1.317397	0.162402
2.440000	1.311204	0.162402
2.445000	1.310670	0.162402
2.450000	1.302854	0.162403
