 0.4500	 1.0000	 0.1000
 0.4686	 1.0000	 0.1000
 0.6166	 1.2874	 0.1000
 0.7480	 1.3968	 0.1000
 0.8932	 0.9651	 0.1000
 	 	 
 0.8500	 1.0264	 0.0086
 0.8550	 1.0272	 0.0088
 0.8600	 1.0174	 0.0089
 0.8650	 0.9916	 0.0088
 0.8700	 0.9803	 0.0086
 0.8750	 0.9779	 0.0084
 0.8800	 0.9794	 0.0080
 0.8850	 0.9749	 0.0077
 0.8900	 0.9660	 0.0074
 0.8950	 0.9657	 0.0072
 0.9000	 0.9645	 0.0071
 0.9050	 0.9544	 0.0069
 0.9100	 0.9541	 0.0069
 0.9150	 0.9445	 0.0068
 0.9200	 0.9516	 0.0069
 0.9250	 0.9530	 0.0071
 0.9300	 0.9542	 0.0073
 0.9350	 0.9533	 0.0075
 0.9400	 0.9494	 0.0075
 0.9450	 0.9588	 0.0074
 0.9500	 0.9664	 0.0072
 0.9550	 0.9737	 0.0069
 0.9600	 0.9850	 0.0075
 0.9650	 0.9821	 0.0068
 0.9700	 0.9831	 0.0062
 0.9750	 0.9874	 0.0061
 0.9800	 0.9987	 0.0061
 0.9850	 1.0029	 0.0060
 0.9900	 1.0240	 0.0060
 0.9950	 1.0376	 0.0059
 1.0000	 1.0441	 0.0059
 1.0050	 1.0437	 0.0058
 1.0100	 1.0593	 0.0058
 1.0150	 1.0714	 0.0058
 1.0200	 1.0719	 0.0057
 1.0250	 1.0732	 0.0057
 1.0300	 1.0835	 0.0057
 1.0350	 1.0988	 0.0058
 1.0400	 1.1105	 0.0058
 1.0450	 1.1077	 0.0057
 1.0500	 1.1165	 0.0057
 1.0550	 1.1202	 0.0057
 1.0600	 1.1292	 0.0057
 1.0650	 1.1345	 0.0057
 1.0700	 1.1387	 0.0057
 1.0750	 1.1453	 0.0057
 1.0800	 1.1460	 0.0056
 1.0850	 1.1496	 0.0056
 1.0900	 1.1663	 0.0056
 1.0950	 1.1680	 0.0056
 1.1000	 1.1699	 0.0056
 1.1050	 1.1813	 0.0057
 1.1100	 1.1905	 0.0059
 1.1150	 1.2022	 0.0063
 1.1200	 1.1860	 0.0065
 1.1250	 1.1928	 0.0068
 1.1300	 1.2055	 0.0069
 1.1350	 1.2096	 0.0068
 1.1400	 1.2273	 0.0067
 1.1450	 1.2097	 0.0064
 1.1500	 1.2139	 0.0062
 1.1550	 1.2239	 0.0060
 1.1600	 1.2317	 0.0057
 1.1650	 1.2375	 0.0056
 1.1700	 1.2499	 0.0055
 1.1750	 1.2501	 0.0054
 1.1800	 1.2481	 0.0054
 1.1850	 1.2420	 0.0053
 1.1900	 1.2547	 0.0054
 1.1950	 1.2581	 0.0054
 1.2000	 1.2560	 0.0053
 1.2050	 1.2586	 0.0054
 1.2100	 1.2504	 0.0053
 1.2150	 1.2652	 0.0054
 1.2200	 1.2635	 0.0053
 1.2250	 1.2617	 0.0053
 1.2300	 1.2698	 0.0053
 1.2350	 1.2685	 0.0053
 1.2400	 1.2790	 0.0054
 1.2450	 1.2725	 0.0054
 1.2500	 1.2770	 0.0054
 1.2550	 1.2901	 0.0055
 1.2600	 1.2882	 0.0056
 1.2650	 1.2793	 0.0055
 1.2700	 1.2788	 0.0055
 1.2750	 1.2863	 0.0055
 1.2800	 1.2989	 0.0055
 1.2850	 1.3026	 0.0054
 1.2900	 1.3085	 0.0054
 1.2950	 1.3033	 0.0054
 1.3000	 1.3083	 0.0055
 1.3050	 1.3161	 0.0056
 1.3100	 1.3130	 0.0057
 1.3150	 1.3266	 0.0058
 1.3200	 1.3243	 0.0059
 1.3250	 1.3316	 0.0061
 1.3300	 1.3265	 0.0063
 1.3350	 1.3337	 0.0067
 1.3400	 1.3626	 0.0066
 1.3450	 1.3541	 0.0106
 1.3500	 1.3302	 0.0149
 1.3650	 1.3442	 0.0235
 1.3700	 1.3340	 0.0215
 1.3800	 1.3598	 0.0176
 1.3850	 1.3548	 0.0165
 1.3900	 1.3734	 0.0157
 1.3950	 1.3527	 0.0146
 1.4000	 1.3621	 0.0132
 1.4050	 1.3557	 0.0122
 1.4100	 1.3560	 0.0111
 1.4150	 1.3694	 0.0101
 1.4200	 1.3735	 0.0096
 1.4250	 1.3823	 0.0094
 1.4300	 1.3675	 0.0089
 1.4350	 1.3817	 0.0087
 1.4400	 1.3861	 0.0085
 1.4450	 1.3802	 0.0079
 1.4500	 1.3798	 0.0076
 1.4600	 1.3997	 0.0081
 1.4650	 1.3714	 0.0077
 1.4700	 1.3635	 0.0077
 1.4750	 1.3762	 0.0077
 1.4800	 1.3695	 0.0073
 1.4850	 1.3779	 0.0072
 1.4900	 1.3831	 0.0071
 1.4950	 1.3716	 0.0071
 1.5000	 1.3731	 0.0072
 1.5050	 1.3787	 0.0069
 1.5100	 1.3823	 0.0068
 1.5150	 1.3834	 0.0068
 1.5200	 1.3902	 0.0068
 1.5250	 1.3831	 0.0069
 1.5300	 1.3691	 0.0068
 1.5350	 1.3796	 0.0069
 1.5400	 1.3873	 0.0069
 1.5450	 1.3840	 0.0069
 1.5500	 1.3863	 0.0069
 1.5550	 1.3646	 0.0069
 1.5600	 1.3697	 0.0070
 1.5650	 1.3769	 0.0071
 1.5700	 1.3569	 0.0071
 1.5750	 1.3611	 0.0071
 1.5800	 1.3742	 0.0072
 1.5850	 1.3788	 0.0072
 1.5900	 1.3780	 0.0072
 1.5950	 1.3638	 0.0072
 1.6000	 1.3499	 0.0072
 1.6050	 1.3424	 0.0075
 1.6100	 1.3480	 0.0076
 1.6150	 1.3544	 0.0073
 1.6200	 1.3481	 0.0072
 1.6250	 1.3686	 0.0074
 1.6300	 1.3616	 0.0075
 1.6350	 1.3425	 0.0074
 1.6400	 1.3381	 0.0076
 1.6450	 1.3438	 0.0076
 1.6500	 1.3384	 0.0076
 1.6550	 1.3295	 0.0076
 1.6600	 1.3308	 0.0077
 1.6650	 1.3252	 0.0077
 1.6700	 1.3221	 0.0078
 1.6750	 1.3164	 0.0079
 1.6800	 1.3180	 0.0079
 1.6850	 1.3185	 0.0079
 1.6900	 1.3314	 0.0081
 1.6950	 1.2995	 0.0080
 1.7000	 1.2815	 0.0080
 1.7050	 1.2874	 0.0081
 1.7100	 1.2965	 0.0081
 1.7150	 1.3042	 0.0082
 1.7200	 1.3123	 0.0084
 1.7250	 1.3102	 0.0085
 1.7300	 1.3028	 0.0085
 1.7350	 1.3001	 0.0087
 1.7400	 1.2926	 0.0086
 1.7450	 1.3092	 0.0087
 1.7500	 1.3011	 0.0087
 1.7550	 1.2927	 0.0087
 1.7600	 1.2892	 0.0088
 1.7650	 1.2832	 0.0089
 1.7700	 1.2833	 0.0090
 1.7750	 1.2869	 0.0092
 1.7800	 1.2903	 0.0095
 1.7850	 1.2834	 0.0097
 1.7900	 1.2852	 0.0101
 1.7950	 1.2945	 0.0108
 1.8000	 1.2821	 0.0117
 1.8050	 1.2655	 0.0131
 1.8100	 1.2818	 0.0147
 1.8150	 1.2824	 0.0160
 1.8200	 1.2695	 0.0180
 1.8250	 1.2837	 0.0187
 1.8300	 1.3138	 0.0228
 1.8350	 1.2751	 0.0341
 1.8450	 1.2788	 0.0449
 1.8500	 1.2889	 0.0431
 1.8550	 1.2618	 0.0396
 1.8600	 1.2833	 0.0396
 1.8650	 1.3025	 0.0395
 1.8700	 1.3040	 0.0441
 1.8800	 1.2964	 0.0353
 1.9000	 1.2847	 0.0344
 1.9100	 1.2784	 0.0396
 1.9150	 1.2652	 0.0342
 1.9300	 1.2781	 0.0230
 1.9350	 1.2596	 0.0213
 1.9400	 1.2692	 0.0202
 1.9450	 1.2833	 0.0194
 1.9550	 1.2771	 0.0195
 1.9650	 1.2436	 0.0177
 1.9700	 1.2674	 0.0159
 1.9750	 1.2583	 0.0143
 1.9800	 1.2782	 0.0134
 1.9850	 1.2964	 0.0131
 1.9900	 1.2968	 0.0132
 1.9950	 1.3003	 0.0144
 2.0000	 1.2762	 0.0169
 2.0100	 1.2603	 0.0244
 2.0150	 1.2872	 0.0217
 2.0200	 1.2778	 0.0185
 2.0250	 1.2974	 0.0162
 2.0300	 1.3197	 0.0145
 2.0350	 1.3132	 0.0135
 2.0400	 1.3063	 0.0134
 2.0450	 1.2907	 0.0138
 2.0500	 1.2975	 0.0148
 2.0550	 1.2887	 0.0155
 2.0600	 1.2928	 0.0160
 2.0650	 1.2890	 0.0158
 2.0700	 1.2950	 0.0154
 2.0750	 1.2985	 0.0149
 2.0800	 1.3003	 0.0143
 2.0850	 1.2927	 0.0138
 2.0900	 1.3121	 0.0139
 2.0950	 1.3202	 0.0139
 2.1000	 1.3271	 0.0140
 2.1050	 1.3381	 0.0142
 2.1100	 1.3228	 0.0141
 2.1150	 1.3295	 0.0143
 2.1200	 1.3111	 0.0142
 2.1250	 1.3197	 0.0144
 2.1300	 1.3325	 0.0145
 2.1350	 1.3448	 0.0147
 2.1400	 1.3471	 0.0149
 2.1450	 1.3294	 0.0150
 2.1500	 1.3123	 0.0147
 2.1550	 1.3038	 0.0152
 2.1600	 1.3304	 0.0158
 2.1650	 1.3274	 0.0160
 2.1700	 1.3522	 0.0163
 2.1750	 1.3691	 0.0165
 2.1800	 1.3468	 0.0163
 2.1850	 1.3643	 0.0166
 2.1900	 1.3716	 0.0169
 2.1950	 1.3642	 0.0172
 2.2000	 1.3694	 0.0176
 2.2050	 1.3626	 0.0176
 2.2100	 1.3501	 0.0174
 2.2150	 1.3564	 0.0176
 2.2200	 1.3549	 0.0177
 2.2250	 1.3800	 0.0183
 2.2300	 1.3558	 0.0182
 2.2350	 1.3661	 0.0185
 2.2400	 1.3825	 0.0190
 2.2450	 1.3784	 0.0192
 2.2500	 1.3917	 0.0197
 2.2550	 1.3849	 0.0199
 2.2600	 1.3844	 0.0202
 2.2650	 1.3789	 0.0203
 2.2700	 1.3957	 0.0208
 2.2750	 1.3953	 0.0210
 2.2800	 1.3930	 0.0210
 2.2850	 1.4076	 0.0215
 2.2900	 1.3970	 0.0218
 2.2950	 1.4069	 0.0223
 2.3000	 1.3766	 0.0217
 2.3050	 1.3902	 0.0221
 2.3100	 1.4076	 0.0226
 2.3150	 1.4114	 0.0230
 2.3200	 1.4202	 0.0232
 2.3250	 1.3943	 0.0226
 2.3300	 1.4084	 0.0232
 2.3350	 1.3945	 0.0235
 2.3400	 1.3989	 0.0245
 2.3500	 1.4273	 0.0252
 2.3550	 1.4452	 0.0248
 2.3600	 1.4462	 0.0255
 2.3650	 1.4233	 0.0260
 2.3700	 1.4245	 0.0262
 2.3750	 1.4309	 0.0262
 2.3800	 1.4298	 0.0263
 2.3850	 1.4283	 0.0264
 2.3950	 1.4162	 0.0261
 2.4000	 1.4359	 0.0266
 2.4050	 1.4155	 0.0271
 2.4100	 1.4099	 0.0281
 2.4200	 1.4025	 0.0262
 2.4300	 1.4089	 0.0301
 2.4500	 1.4188	 0.1000
 	 	 
