 0.4500	 0.8668	 0.0000
 0.4910	 0.8668	 0.0000
 0.4930	 0.9144	 0.0000
 0.4950	 0.9227	 0.0000
 0.4970	 0.8792	 0.0000
 0.5000	 0.8997	 0.0000
 0.5020	 0.9307	 0.0000
 0.5040	 0.9283	 0.0000
 0.5060	 0.9113	 0.0000
 0.5080	 0.9252	 0.0000
 0.5110	 0.8954	 0.0000
 0.5130	 0.9098	 0.0000
 0.5150	 0.9032	 0.0000
 0.5170	 0.8447	 0.0000
 0.5190	 0.9084	 0.0000
 0.5210	 0.9185	 0.0000
 0.5240	 0.9434	 0.0000
 0.5260	 0.9447	 0.0000
 0.5280	 0.9323	 0.0000
 0.5300	 0.9481	 0.0000
 0.5320	 0.9698	 0.0000
 0.5350	 0.9600	 0.0000
 0.5370	 0.9524	 0.0000
 0.5390	 0.9584	 0.0000
 0.5410	 0.9539	 0.0000
 0.5430	 0.9455	 0.0000
 0.5450	 0.9264	 0.0000
 0.5480	 0.9300	 0.0000
 0.5500	 1.0000	 0.0000
 0.5520	 0.9476	 0.0000
 0.5540	 0.9456	 0.0000
 0.5560	 0.9815	 0.0000
 0.5590	 0.9710	 0.0000
 0.5610	 1.0178	 0.0000
 0.5630	 0.9867	 0.0000
 0.5650	 1.0127	 0.0000
 0.5670	 1.0089	 0.0000
 0.5690	 1.0287	 0.0000
 0.5720	 0.9952	 0.0000
 0.5740	 0.9856	 0.0000
 0.5760	 1.0152	 0.0000
 0.5780	 1.0294	 0.0000
 0.5800	 1.0137	 0.0000
 0.5830	 1.0547	 0.0000
 0.5850	 1.0257	 0.0000
 0.5870	 1.0126	 0.0000
 0.5890	 1.0332	 0.0000
 0.5910	 1.0127	 0.0000
 0.5930	 1.0392	 0.0000
 0.5960	 1.0799	 0.0000
 0.5980	 1.0479	 0.0000
 0.6000	 1.0404	 0.0000
 0.6020	 1.0148	 0.0000
 0.6040	 1.0196	 0.0000
 0.6070	 1.0568	 0.0000
 0.6090	 1.0363	 0.0000
 0.6110	 1.0471	 0.0000
 0.6130	 1.0052	 0.0000
 0.6150	 1.0378	 0.0000
 0.6170	 1.0703	 0.0000
 0.6200	 1.0573	 0.0000
 0.6220	 1.0494	 0.0000
 0.6240	 1.1151	 0.0000
 0.6260	 1.0611	 0.0000
 0.6280	 1.0439	 0.0000
 0.6310	 1.1596	 0.0000
 0.6330	 1.0830	 0.0000
 0.6350	 1.1083	 0.0000
 0.6370	 1.1294	 0.0000
 0.6390	 1.0281	 0.0000
 0.6410	 1.0797	 0.0000
 0.6440	 1.0895	 0.0000
 0.6460	 1.0689	 0.0000
 0.6480	 1.0621	 0.0000
 0.6500	 1.0691	 0.0000
 0.6520	 1.0825	 0.0000
 0.6550	 1.0436	 0.0000
 0.6570	 1.1055	 0.0000
 0.6590	 1.0820	 0.0000
 0.6610	 1.1173	 0.0000
 0.6630	 1.0930	 0.0000
 0.6650	 1.1022	 0.0000
 0.6680	 1.1079	 0.0000
 0.6700	 1.0662	 0.0000
 0.6720	 1.1482	 0.0000
 0.6740	 1.0972	 0.0000
 0.6760	 1.0601	 0.0000
 0.6790	 1.0811	 0.0000
 0.6810	 1.0816	 0.0000
 0.6830	 1.1365	 0.0000
 0.6850	 1.0852	 0.0000
 0.6870	 1.1578	 0.0000
 0.6890	 1.1220	 0.0000
 0.6920	 1.1089	 0.0000
 0.6940	 1.1465	 0.0000
 0.6960	 1.1394	 0.0000
 0.6980	 1.1377	 0.0000
 0.7000	 1.0853	 0.0000
 0.7030	 1.1317	 0.0000
 0.7050	 1.1131	 0.0000
 0.7070	 1.1449	 0.0000
 0.7090	 1.1697	 0.0000
 0.7110	 1.1451	 0.0000
 0.7130	 1.1143	 0.0000
 0.7160	 1.0683	 0.0000
 0.7180	 1.1377	 0.0000
 0.7200	 1.1677	 0.0000
 0.7220	 1.0753	 0.0000
 0.7240	 1.2680	 0.0000
 0.7270	 1.1564	 0.0000
 0.7290	 1.2706	 0.0000
 0.7310	 1.1654	 0.0000
 0.7330	 1.1608	 0.0000
 0.7350	 1.2163	 0.0000
 0.7370	 1.2364	 0.0000
 0.7400	 1.1920	 0.0000
 0.7420	 1.0816	 0.0000
 0.7440	 1.1823	 0.0000
 0.7460	 1.1813	 0.0000
 0.7480	 1.1609	 0.0000
 0.7510	 1.1751	 0.0000
 0.7530	 1.3130	 0.0000
 0.7550	 1.1220	 0.0000
 0.7570	 1.1291	 0.0000
 0.7590	 0.9935	 0.0000
 0.7610	 1.2897	 0.0000
 0.7640	 1.3842	 0.0000
 0.7660	 1.2328	 0.0000
 0.7680	 1.2161	 0.0000
 0.7700	 1.0599	 0.0000
 0.7720	 1.2816	 0.0000
 0.7750	 1.0697	 0.0000
 0.7770	 1.1837	 0.0000
 0.7790	 1.1870	 0.0000
 0.7810	 1.1697	 0.0000
 0.7830	 1.2133	 0.0000
 0.7850	 1.2240	 0.0000
 0.7880	 1.2245	 0.0000
 0.7900	 1.1959	 0.0000
 0.7920	 1.3439	 0.0000
 0.7940	 1.2845	 0.0000
 0.7960	 1.2504	 0.0000
 0.7990	 1.3224	 0.0000
 0.8010	 1.1789	 0.0000
 0.8030	 1.2081	 0.0000
 0.8050	 1.0484	 0.0000
 0.8070	 1.1646	 0.0000
 0.8100	 1.2721	 0.0000
 0.8120	 1.1482	 0.0000
 0.8140	 1.1405	 0.0000
 0.8160	 1.0902	 0.0000
 0.8180	 1.0882	 0.0000
 0.8200	 1.2586	 0.0000
 0.8230	 1.0974	 0.0000
 0.8250	 1.1562	 0.0000
 0.8270	 1.0214	 0.0000
 0.8290	 1.2981	 0.0000
 0.8310	 1.3942	 0.0000
 0.8340	 1.2169	 0.0000
 0.8360	 1.2948	 0.0000
 0.8380	 1.0713	 0.0000
 0.8400	 1.0391	 0.0000
 0.8410	 1.0751	 0.0000
 0.8420	 1.2231	 0.0000
 0.8440	 1.1958	 0.0000
 0.8470	 1.1508	 0.0000
 0.8510	 1.2570	 0.0000
 0.8540	 1.1234	 0.0000
 0.8580	 1.2425	 0.0000
 0.8610	 1.2409	 0.0000
 0.8650	 1.1105	 0.0000
 0.8680	 1.0848	 0.0000
 0.8720	 1.2795	 0.0000
 0.8750	 0.9126	 0.0000
 0.8790	 1.1685	 0.0000
 0.8830	 1.1781	 0.0000
 0.8870	 1.2361	 0.0000
 0.8900	 1.2972	 0.0000
 0.8940	 1.0461	 0.0000
 0.8980	 1.0268	 0.0000
 0.9020	 1.0365	 0.0000
 0.9060	 1.2103	 0.0000
 0.9100	 1.1894	 0.0000
 0.9140	 1.1041	 0.0000
 0.9180	 1.1830	 0.0000
 0.9230	 1.2522	 0.0000
 0.9270	 1.0478	 0.0000
 0.9310	 1.1105	 0.0000
 0.9350	 1.1266	 0.0000
 0.9400	 1.1878	 0.0000
 0.9440	 1.1765	 0.0000
 0.9490	 1.1025	 0.0000
 0.9530	 1.1813	 0.0000
 0.9580	 1.0783	 0.0000
 0.9630	 1.2280	 0.0000
 0.9670	 1.2876	 0.0000
 0.9720	 1.2667	 0.0000
 0.9770	 1.1958	 0.0000
 0.9820	 1.2763	 0.0000
 0.9870	 1.2135	 0.0000
 0.9920	 1.1749	 0.0000
 0.9970	 1.1057	 0.0000
 1.0020	 1.1813	 0.0000
 1.0070	 1.1315	 0.0000
 1.0130	 1.1701	 0.0000
 1.0180	 1.2699	 0.0000
 1.0240	 1.2409	 0.0000
 1.0290	 1.1637	 0.0000
 1.0340	 1.2264	 0.0000
 1.0400	 1.2490	 0.0000
 1.0460	 1.1121	 0.0000
 1.0520	 1.1813	 0.0000
 1.0570	 1.2409	 0.0000
 1.0630	 1.1121	 0.0000
 1.0690	 1.2667	 0.0000
 1.0750	 1.2135	 0.0000
 1.0810	 1.2087	 0.0000
 1.0880	 1.3310	 0.0000
 1.0940	 1.2039	 0.0000
 1.1000	 1.2473	 0.0000
 1.1070	 1.1974	 0.0000
 1.1130	 1.3439	 0.0000
 1.1200	 1.0703	 0.0000
 1.1260	 1.2393	 0.0000
 1.1330	 1.1830	 0.0000
 1.1400	 1.1701	 0.0000
 1.1460	 1.2554	 0.0000
 1.1530	 1.3584	 0.0000
 1.1600	 1.3519	 0.0000
 1.1670	 1.3777	 0.0000
 1.1740	 1.3149	 0.0000
 1.1820	 1.3342	 0.0000
 1.1890	 1.1411	 0.0000
 1.1960	 1.2522	 0.0000
 1.2040	 1.3342	 0.0000
 1.2110	 1.2940	 0.0000
 1.2190	 1.4373	 0.0000
 1.2260	 1.4920	 0.0000
 1.2340	 1.2876	 0.0000
 1.2420	 1.3005	 0.0000
 1.2500	 1.4823	 0.0000
 1.2580	 1.3938	 0.0000
 1.2660	 1.3890	 0.0000
 1.2740	 1.4469	 0.0000
 1.2820	 1.4952	 0.0000
 1.2900	 1.5483	 0.0000
 1.2990	 1.4694	 0.0000
 1.3070	 1.4662	 0.0000
 1.3160	 1.3858	 0.0000
 1.3240	 1.5596	 0.0000
 1.3330	 1.4759	 0.0000
 1.3420	 1.5274	 0.0000
 1.3510	 1.6384	 0.0000
 1.3590	 1.5182	 0.0000
 1.3680	 1.4560	 0.0000
 1.3770	 1.5354	 0.0000
 1.3860	 1.6011	 0.0000
 1.3950	 1.4974	 0.0000
 1.4050	 1.4324	 0.0000
 1.4140	 1.3326	 0.0000
 1.4230	 1.5773	 0.0000
 1.4330	 1.3037	 0.0000
 1.4420	 1.6787	 0.0000
 1.4520	 1.5998	 0.0000
 1.4610	 1.4147	 0.0000
 1.4710	 1.6030	 0.0000
 1.4800	 1.7624	 0.0000
 1.4900	 1.5145	 0.0000
 1.5000	 1.6030	 0.0000
 1.5100	 1.6207	 0.0000
 1.5200	 1.5403	 0.0000
 1.5300	 1.5580	 0.0000
 1.5390	 1.5548	 0.0000
 1.5490	 1.7141	 0.0000
 1.5590	 1.3471	 0.0000
 1.5690	 1.4196	 0.0000
 1.5800	 1.7093	 0.0000
 1.5900	 1.6272	 0.0000
 1.6000	 1.7237	 0.0000
 1.6100	 1.7302	 0.0000
 1.6200	 1.5644	 0.0000
 1.6310	 1.4485	 0.0000
 1.6410	 1.6529	 0.0000
 1.6510	 1.7109	 0.0000
 1.6610	 1.5628	 0.0000
 1.6720	 1.8042	 0.0000
 1.6820	 1.7543	 0.0000
 1.6920	 1.5370	 0.0000
 1.7030	 1.4904	 0.0000
 1.7130	 1.7012	 0.0000
 1.7230	 1.9619	 0.0000
 1.7340	 1.6835	 0.0000
 1.7440	 1.5853	 0.0000
 1.7550	 1.6433	 0.0000
 1.7650	 1.9732	 0.0000
 1.7750	 1.7044	 0.0000
 1.7860	 1.8155	 0.0000
 1.7960	 1.4984	 0.0000
 1.8070	 1.3246	 0.0000
 1.8170	 1.7720	 0.0000
 1.8280	 1.9845	 0.0000
 1.8380	 2.1712	 0.0000
 1.8480	 1.6931	 0.0000
 1.8590	 1.8951	 0.0000
 1.8690	 1.5165	 0.0000
 1.8800	 2.2742	 0.0000
 1.8900	 2.1567	 0.0000
 1.9010	 1.4566	 0.0000
 1.9110	 2.3144	 0.0000
 1.9210	 1.8435	 0.0000
 1.9310	 2.1974	 0.0000
 1.9420	 1.6964	 0.0000
 1.9520	 1.9941	 0.0000
 1.9620	 1.4646	 0.0000
 1.9730	 1.6787	 0.0000
 1.9830	 1.0783	 0.0000
 1.9930	 1.4662	 0.0000
 2.0030	 1.7044	 0.0000
 2.0130	 0.9850	 0.0000
 2.0240	 1.7559	 0.0000
 2.0340	 1.4115	 0.0000
 2.0440	 1.4759	 0.0000
 2.0540	 1.3697	 0.0000
 2.0640	 1.7044	 0.0000
 2.0740	 1.1025	 0.0000
 2.0840	 1.8251	 0.0000
 2.0940	 1.6352	 0.0000
 2.1040	 1.5467	 0.0000
 2.1140	 1.5869	 0.0000
 2.1240	 1.2940	 0.0000
 2.1340	 1.1653	 0.0000
 2.1440	 1.0703	 0.0000
 2.1540	 1.6207	 0.0000
 2.1640	 1.2448	 0.0000
 2.1730	 1.7107	 0.0000
 2.1830	 1.1072	 0.0000
 2.1930	 1.5360	 0.0000
 2.2030	 1.4936	 0.0000
 2.2120	 2.0488	 0.0000
 2.2220	 1.1218	 0.0000
 2.2320	 1.8016	 0.0000
 2.2410	 1.6336	 0.0000
 2.2510	 1.2972	 0.0000
 2.2600	 1.8477	 0.0000
 2.2700	 1.7720	 0.0000
 2.2800	 0.8820	 0.0000
 2.2890	 1.7636	 0.0000
 2.2990	 1.9595	 0.0000
 2.3080	 1.5995	 0.0000
 2.3180	 1.2820	 0.0000
 2.3270	 1.3401	 0.0000
 2.3360	 1.5232	 0.0000
 2.3460	 0.9221	 0.0000
 2.3550	 0.9541	 0.0000
 2.3640	 0.9947	 0.0000
 2.3740	 1.6720	 0.0000
 2.3830	 1.9060	 0.0000
 2.3920	 1.6560	 0.0000
 2.4010	 0.8423	 0.0000
 2.4100	 1.3157	 0.0000
 2.4200	 1.4114	 0.0000
 2.4290	 1.4487	 0.0000
 2.4380	 1.7305	 0.0000
 2.4470	 1.6560	 0.0000
 2.4560	 0.9221	 0.0000
 2.4650	 1.1455	 0.0000
 2.4740	 1.2200	 0.0000
 2.4830	 1.1773	 0.0000
 2.4910	 1.4114	 0.0000
