 0.3621	 0.8333	 0.0012
 0.3623	 0.8388	 0.0026
 0.3625	 0.8376	 0.0042
 0.3627	 0.8370	 0.0044
 0.3630	 0.8327	 0.0041
 0.3632	 0.8484	 0.0028
 0.3634	 0.8554	 0.0031
 0.3636	 0.8517	 0.0035
 0.3638	 0.8538	 0.0064
 0.3640	 0.8651	 0.0081
 0.3642	 0.8464	 0.0087
 0.3645	 0.8459	 0.0075
 0.3647	 0.8798	 0.0017
 0.3649	 0.8843	 0.0025
 0.3651	 0.8807	 0.0030
 0.3653	 0.8864	 0.0036
 0.3655	 0.8891	 0.0033
 0.3657	 0.8746	 0.0029
 0.3660	 0.8748	 0.0028
 0.3662	 0.8706	 0.0024
 0.3664	 0.8730	 0.0027
 0.3666	 0.8590	 0.0024
 0.3668	 0.8668	 0.0040
 0.3670	 0.8687	 0.0037
 0.3673	 0.8594	 0.0031
 0.3675	 0.8567	 0.0043
 0.3677	 0.8461	 0.0044
 0.3679	 0.8539	 0.0045
 0.3681	 0.8645	 0.0052
 0.3683	 0.8706	 0.0047
 0.3685	 0.8649	 0.0045
 0.3688	 0.8817	 0.0045
 0.3690	 0.8911	 0.0066
 0.3692	 0.8838	 0.0060
 0.3694	 0.8730	 0.0040
 0.3696	 0.8650	 0.0037
 0.3698	 0.8538	 0.0040
 0.3700	 0.8517	 0.0047
 0.3703	 0.8552	 0.0037
 0.3705	 0.8707	 0.0058
 0.3707	 0.8688	 0.0065
 0.3709	 0.8762	 0.0066
 0.3711	 0.8608	 0.0054
 0.3713	 0.8428	 0.0035
 0.3715	 0.8453	 0.0036
 0.3718	 0.8427	 0.0038
 0.3720	 0.8268	 0.0034
 0.3722	 0.8459	 0.0064
 0.3724	 0.8364	 0.0051
 0.3726	 0.8284	 0.0050
 0.3728	 0.8332	 0.0057
 0.3730	 0.8072	 0.0052
 0.3733	 0.8298	 0.0038
 0.3735	 0.8352	 0.0039
 0.3737	 0.8127	 0.0044
 0.3739	 0.8238	 0.0065
 0.3741	 0.8299	 0.0090
 0.3743	 0.8302	 0.0085
 0.3746	 0.8394	 0.0064
 0.3748	 0.8610	 0.0055
 0.3750	 0.8749	 0.0064
 0.3752	 0.8678	 0.0044
 0.3754	 0.8492	 0.0021
 0.3756	 0.8460	 0.0030
 0.3758	 0.8430	 0.0064
 0.3761	 0.8539	 0.0061
 0.3763	 0.8535	 0.0064
 0.3765	 0.8599	 0.0051
 0.3767	 0.8816	 0.0019
 0.3769	 0.8790	 0.0052
 0.3771	 0.8855	 0.0065
 0.3773	 0.8890	 0.0075
 0.3776	 0.8795	 0.0085
 0.3778	 0.8592	 0.0067
 0.3780	 0.8584	 0.0060
 0.3782	 0.8482	 0.0038
 0.3784	 0.8273	 0.0037
 0.3786	 0.8308	 0.0055
 0.3788	 0.8310	 0.0064
 0.3791	 0.8400	 0.0050
 0.3793	 0.8475	 0.0032
 0.3795	 0.8598	 0.0022
 0.3797	 0.8658	 0.0040
 0.3799	 0.8638	 0.0075
 0.3801	 0.8566	 0.0086
 0.3804	 0.8542	 0.0101
 0.3806	 0.8430	 0.0089
 0.3808	 0.8206	 0.0056
 0.3810	 0.8145	 0.0052
 0.3812	 0.7978	 0.0039
 0.3814	 0.7936	 0.0032
 0.3816	 0.7939	 0.0040
 0.3819	 0.7822	 0.0040
 0.3821	 0.7773	 0.0049
 0.3823	 0.7856	 0.0066
 0.3825	 0.7993	 0.0075
 0.3827	 0.7941	 0.0104
 0.3829	 0.8047	 0.0109
 0.3831	 0.8252	 0.0097
 0.3834	 0.8324	 0.0076
 0.3836	 0.8530	 0.0058
 0.3838	 0.8670	 0.0084
 0.3840	 0.8759	 0.0092
 0.3842	 0.8464	 0.0088
 0.3844	 0.8473	 0.0084
 0.3846	 0.8284	 0.0055
 0.3849	 0.8240	 0.0040
 0.3851	 0.7991	 0.0030
 0.3853	 0.8078	 0.0036
 0.3855	 0.8083	 0.0036
 0.3857	 0.8080	 0.0034
 0.3859	 0.8183	 0.0028
 0.3862	 0.8257	 0.0028
 0.3864	 0.8086	 0.0025
 0.3866	 0.8202	 0.0024
 0.3868	 0.8178	 0.0023
 0.3870	 0.8202	 0.0023
 0.3872	 0.8226	 0.0032
 0.3874	 0.8314	 0.0060
 0.3877	 0.8248	 0.0098
 0.3879	 0.8311	 0.0109
 0.3881	 0.8413	 0.0110
 0.3883	 0.8593	 0.0074
 0.3885	 0.8787	 0.0044
 0.3887	 0.8887	 0.0050
 0.3889	 0.9036	 0.0075
 0.3892	 0.8914	 0.0071
 0.3894	 0.9005	 0.0066
 0.3896	 0.8750	 0.0044
 0.3898	 0.8643	 0.0054
 0.3900	 0.8663	 0.0047
 0.3902	 0.8698	 0.0036
 0.3904	 0.8890	 0.0028
 0.3907	 0.8877	 0.0037
 0.3909	 0.8835	 0.0046
 0.3911	 0.8887	 0.0082
 0.3913	 0.8744	 0.0088
 0.3915	 0.8702	 0.0092
 0.3917	 0.8626	 0.0087
 0.3920	 0.8388	 0.0050
 0.3922	 0.8300	 0.0057
 0.3924	 0.8233	 0.0164
 0.3926	 0.8105	 0.0238
 0.3928	 0.8161	 0.0267
 0.3930	 0.8434	 0.0202
 0.3932	 0.9005	 0.0100
 0.3935	 0.9313	 0.0048
 0.3937	 0.9594	 0.0057
 0.3939	 0.9400	 0.0074
 0.3941	 0.9477	 0.0081
 0.3943	 0.9378	 0.0084
 0.3945	 0.9246	 0.0077
 0.3947	 0.9058	 0.0084
 0.3950	 0.9087	 0.0108
 0.3952	 0.8887	 0.0102
 0.3954	 0.8814	 0.0092
 0.3956	 0.8626	 0.0060
 0.3958	 0.8458	 0.0137
 0.3960	 0.8352	 0.0214
 0.3962	 0.8318	 0.0252
 0.3965	 0.8571	 0.0220
 0.3967	 0.9073	 0.0124
 0.3969	 0.9407	 0.0064
 0.3971	 0.9667	 0.0074
 0.3973	 0.9787	 0.0088
 0.3975	 0.9566	 0.0069
 0.3977	 0.9525	 0.0061
 0.3980	 0.9340	 0.0038
 0.3982	 0.9293	 0.0030
 0.3984	 0.9205	 0.0018
 0.3986	 0.9186	 0.0015
 0.3988	 0.9126	 0.0007
 0.3990	 0.9137	 0.0017
 0.3993	 0.9115	 0.0017
 0.3995	 0.9101	 0.0015
 0.3997	 0.9097	 0.0017
 0.3999	 0.9032	 0.0017
 0.4001	 0.9043	 0.0025
 0.4003	 0.9044	 0.0022
 0.4005	 0.9117	 0.0018
 0.4008	 0.9099	 0.0018
 0.4010	 0.9177	 0.0017
 0.4012	 0.9091	 0.0019
 0.4014	 0.9165	 0.0020
 0.4016	 0.9115	 0.0016
 0.4018	 0.9102	 0.0015
 0.4020	 0.9047	 0.0016
 0.4023	 0.9068	 0.0016
 0.4025	 0.9028	 0.0022
 0.4027	 0.9016	 0.0026
 0.4029	 0.8974	 0.0027
 0.4031	 0.9046	 0.0030
 0.4033	 0.9112	 0.0033
 0.4035	 0.8972	 0.0010
 0.4038	 0.8982	 0.0016
 0.4040	 0.8941	 0.0027
 0.4042	 0.8926	 0.0026
 0.4044	 0.8967	 0.0019
 0.4046	 0.9017	 0.0009
 0.4048	 0.9072	 0.0005
 0.4051	 0.9043	 0.0016
 0.4053	 0.9061	 0.0025
 0.4055	 0.9043	 0.0023
 0.4057	 0.9057	 0.0020
 0.4059	 0.8972	 0.0012
 0.4061	 0.8935	 0.0014
 0.4063	 0.8986	 0.0007
 0.4066	 0.8976	 0.0017
 0.4068	 0.9006	 0.0033
 0.4070	 0.9016	 0.0037
 0.4072	 0.8999	 0.0039
 0.4074	 0.9075	 0.0035
 0.4076	 0.9176	 0.0027
 0.4078	 0.9165	 0.0024
 0.4081	 0.9213	 0.0019
 0.4083	 0.9288	 0.0032
 0.4085	 0.9291	 0.0037
 0.4087	 0.9247	 0.0030
 0.4089	 0.9195	 0.0024
 0.4091	 0.9124	 0.0041
 0.4093	 0.9095	 0.0056
 0.4096	 0.9093	 0.0053
 0.4098	 0.9200	 0.0049
 0.4100	 0.9311	 0.0059
 0.4102	 0.9369	 0.0065
 0.4104	 0.9128	 0.0063
 0.4106	 0.9128	 0.0054
 0.4109	 0.9403	 0.0037
 0.4111	 0.9408	 0.0037
 0.4113	 0.9324	 0.0030
 0.4115	 0.9230	 0.0023
 0.4117	 0.9252	 0.0022
 0.4119	 0.9206	 0.0015
 0.4121	 0.9140	 0.0011
 0.4124	 0.9138	 0.0011
 0.4126	 0.9197	 0.0011
 0.4128	 0.9146	 0.0008
 0.4130	 0.9166	 0.0009
 0.4132	 0.9136	 0.0015
 0.4134	 0.9180	 0.0019
 0.4136	 0.9149	 0.0021
 0.4139	 0.9136	 0.0016
 0.4141	 0.9088	 0.0012
 0.4143	 0.9078	 0.0013
 0.4145	 0.9034	 0.0019
 0.4147	 0.9084	 0.0022
 0.4149	 0.9107	 0.0026
 0.4151	 0.9102	 0.0023
 0.4154	 0.9150	 0.0014
 0.4156	 0.9205	 0.0011
 0.4158	 0.9234	 0.0027
 0.4160	 0.9171	 0.0026
 0.4162	 0.9186	 0.0025
 0.4164	 0.9181	 0.0022
 0.4167	 0.9070	 0.0023
 0.4169	 0.9074	 0.0025
 0.4171	 0.9115	 0.0018
 0.4173	 0.9155	 0.0012
 0.4175	 0.9190	 0.0015
 0.4177	 0.9209	 0.0017
 0.4179	 0.9213	 0.0014
 0.4182	 0.9163	 0.0007
 0.4184	 0.9133	 0.0007
 0.4186	 0.9139	 0.0013
 0.4188	 0.9149	 0.0015
 0.4190	 0.9169	 0.0014
 0.4192	 0.9131	 0.0026
 0.4194	 0.9088	 0.0034
 0.4197	 0.9105	 0.0040
 0.4199	 0.9120	 0.0032
 0.4201	 0.9234	 0.0015
 0.4203	 0.9249	 0.0021
 0.4205	 0.9317	 0.0034
 0.4207	 0.9250	 0.0032
 0.4209	 0.9287	 0.0030
 0.4212	 0.9194	 0.0017
 0.4214	 0.9128	 0.0019
 0.4216	 0.9126	 0.0018
 0.4218	 0.9156	 0.0022
 0.4220	 0.9093	 0.0038
 0.4222	 0.9045	 0.0045
 0.4224	 0.9100	 0.0035
 0.4227	 0.9165	 0.0023
 0.4229	 0.9267	 0.0006
 0.4231	 0.9272	 0.0005
 0.4233	 0.9272	 0.0004
 0.4235	 0.9293	 0.0011
 0.4237	 0.9298	 0.0016
 0.4240	 0.9285	 0.0020
 0.4242	 0.9287	 0.0017
 0.4244	 0.9238	 0.0012
 0.4246	 0.9214	 0.0013
 0.4248	 0.9183	 0.0013
 0.4250	 0.9240	 0.0007
 0.4252	 0.9252	 0.0010
 0.4255	 0.9249	 0.0010
 0.4257	 0.9220	 0.0015
 0.4259	 0.9223	 0.0022
 0.4261	 0.9272	 0.0028
 0.4263	 0.9232	 0.0022
 0.4265	 0.9176	 0.0020
 0.4267	 0.9149	 0.0043
 0.4270	 0.9115	 0.0048
 0.4272	 0.9111	 0.0040
 0.4274	 0.9217	 0.0025
 0.4276	 0.9339	 0.0025
 0.4278	 0.9315	 0.0019
 0.4280	 0.9254	 0.0008
 0.4282	 0.9222	 0.0012
 0.4285	 0.9215	 0.0016
 0.4287	 0.9220	 0.0038
 0.4289	 0.9244	 0.0038
 0.4291	 0.9168	 0.0040
 0.4293	 0.9160	 0.0033
 0.4295	 0.9025	 0.0023
 0.4298	 0.9078	 0.0040
 0.4300	 0.8957	 0.0086
 0.4302	 0.9033	 0.0113
 0.4304	 0.9084	 0.0125
 0.4306	 0.9203	 0.0102
 0.4308	 0.9449	 0.0054
 0.4310	 0.9631	 0.0050
 0.4313	 0.9747	 0.0081
 0.4315	 0.9725	 0.0083
 0.4317	 0.9565	 0.0054
 0.4319	 0.9481	 0.0041
 0.4321	 0.9307	 0.0041
 0.4323	 0.9280	 0.0036
 0.4325	 0.9372	 0.0020
 0.4328	 0.9466	 0.0014
 0.4330	 0.9481	 0.0013
 0.4332	 0.9422	 0.0031
 0.4334	 0.9410	 0.0054
 0.4336	 0.9427	 0.0062
 0.4338	 0.9454	 0.0050
 0.4340	 0.9580	 0.0029
 0.4343	 0.9696	 0.0040
 0.4345	 0.9736	 0.0040
 0.4347	 0.9661	 0.0027
 0.4349	 0.9603	 0.0015
 0.4351	 0.9509	 0.0009
 0.4353	 0.9550	 0.0011
 0.4356	 0.9544	 0.0017
 0.4358	 0.9562	 0.0021
 0.4360	 0.9552	 0.0024
 0.4362	 0.9498	 0.0016
 0.4364	 0.9471	 0.0017
 0.4366	 0.9462	 0.0023
 0.4368	 0.9405	 0.0027
 0.4371	 0.9437	 0.0032
 0.4373	 0.9379	 0.0024
 0.4375	 0.9327	 0.0014
 0.4377	 0.9284	 0.0028
 0.4379	 0.9259	 0.0048
 0.4381	 0.9245	 0.0049
 0.4383	 0.9294	 0.0044
 0.4386	 0.9406	 0.0026
 0.4388	 0.9496	 0.0014
 0.4390	 0.9475	 0.0017
 0.4392	 0.9546	 0.0029
 0.4394	 0.9542	 0.0031
 0.4396	 0.9509	 0.0023
 0.4398	 0.9461	 0.0018
 0.4401	 0.9393	 0.0027
 0.4403	 0.9384	 0.0030
 0.4405	 0.9434	 0.0022
 0.4407	 0.9476	 0.0020
 0.4409	 0.9528	 0.0018
 0.4411	 0.9544	 0.0015
 0.4414	 0.9544	 0.0013
 0.4416	 0.9600	 0.0008
 0.4418	 0.9618	 0.0008
 0.4420	 0.9573	 0.0003
 0.4422	 0.9585	 0.0007
 0.4424	 0.9584	 0.0008
 0.4426	 0.9580	 0.0009
 0.4429	 0.9591	 0.0011
 0.4431	 0.9550	 0.0010
 0.4433	 0.9594	 0.0008
 0.4435	 0.9555	 0.0014
 0.4437	 0.9603	 0.0011
 0.4439	 0.9578	 0.0013
 0.4441	 0.9575	 0.0023
 0.4444	 0.9639	 0.0033
 0.4446	 0.9593	 0.0026
 0.4448	 0.9560	 0.0019
 0.4450	 0.9498	 0.0018
 0.4452	 0.9451	 0.0024
 0.4454	 0.9477	 0.0032
 0.4456	 0.9466	 0.0037
 0.4459	 0.9553	 0.0027
 0.4461	 0.9569	 0.0022
 0.4463	 0.9638	 0.0009
 0.4465	 0.9684	 0.0012
 0.4467	 0.9671	 0.0020
 0.4469	 0.9686	 0.0024
 0.4471	 0.9668	 0.0019
 0.4474	 0.9620	 0.0014
 0.4476	 0.9578	 0.0013
 0.4478	 0.9560	 0.0013
 0.4480	 0.9628	 0.0013
 0.4482	 0.9622	 0.0012
 0.4484	 0.9582	 0.0011
 0.4487	 0.9612	 0.0013
 0.4489	 0.9562	 0.0014
 0.4491	 0.9617	 0.0013
 0.4493	 0.9620	 0.0012
 0.4495	 0.9639	 0.0017
 0.4497	 0.9642	 0.0016
 0.4499	 0.9688	 0.0021
 0.4502	 0.9660	 0.0023
 0.4504	 0.9732	 0.0024
 0.4506	 0.9654	 0.0009
 0.4508	 0.9605	 0.0008
 0.4510	 0.9613	 0.0008
 0.4512	 0.9608	 0.0017
 0.4514	 0.9627	 0.0020
 0.4517	 0.9578	 0.0019
 0.4519	 0.9613	 0.0021
 0.4521	 0.9529	 0.0018
 0.4523	 0.9529	 0.0020
 0.4525	 0.9512	 0.0031
 0.4527	 0.9598	 0.0025
 0.4529	 0.9595	 0.0027
 0.4532	 0.9604	 0.0024
 0.4534	 0.9709	 0.0018
 0.4536	 0.9689	 0.0023
 0.4538	 0.9725	 0.0022
 0.4540	 0.9627	 0.0021
 0.4542	 0.9659	 0.0021
 0.4545	 0.9597	 0.0023
 0.4547	 0.9618	 0.0025
 0.4549	 0.9717	 0.0015
 0.4551	 0.9672	 0.0017
 0.4553	 0.9699	 0.0013
 0.4555	 0.9767	 0.0013
 0.4557	 0.9719	 0.0010
 0.4560	 0.9745	 0.0012
 0.4562	 0.9707	 0.0013
 0.4564	 0.9696	 0.0011
 0.4566	 0.9691	 0.0010
 0.4568	 0.9674	 0.0010
 0.4570	 0.9631	 0.0009
 0.4572	 0.9668	 0.0010
 0.4575	 0.9654	 0.0012
 0.4577	 0.9623	 0.0012
 0.4579	 0.9668	 0.0009
 0.4581	 0.9680	 0.0008
 0.4583	 0.9691	 0.0007
 0.4585	 0.9682	 0.0011
 0.4587	 0.9722	 0.0011
 0.4590	 0.9705	 0.0010
 0.4592	 0.9696	 0.0011
 0.4594	 0.9656	 0.0012
 0.4596	 0.9684	 0.0014
 0.4598	 0.9654	 0.0016
 0.4600	 0.9712	 0.0014
 0.4603	 0.9645	 0.0013
 0.4605	 0.9707	 0.0006
 0.4607	 0.9721	 0.0009
 0.4609	 0.9685	 0.0008
 0.4611	 0.9696	 0.0011
 0.4613	 0.9704	 0.0010
 0.4615	 0.9734	 0.0012
 0.4618	 0.9711	 0.0013
 0.4620	 0.9756	 0.0013
 0.4622	 0.9742	 0.0011
 0.4624	 0.9689	 0.0011
 0.4626	 0.9697	 0.0012
 0.4628	 0.9737	 0.0012
 0.4630	 0.9706	 0.0010
 0.4633	 0.9666	 0.0011
 0.4635	 0.9687	 0.0010
 0.4637	 0.9705	 0.0010
 0.4639	 0.9654	 0.0010
 0.4641	 0.9708	 0.0009
 0.4643	 0.9693	 0.0010
 0.4645	 0.9673	 0.0016
 0.4648	 0.9705	 0.0011
 0.4650	 0.9724	 0.0010
 0.4652	 0.9722	 0.0010
 0.4654	 0.9773	 0.0023
 0.4656	 0.9736	 0.0019
 0.4658	 0.9717	 0.0017
 0.4661	 0.9722	 0.0017
 0.4663	 0.9634	 0.0019
 0.4665	 0.9668	 0.0015
 0.4667	 0.9715	 0.0010
 0.4669	 0.9711	 0.0009
 0.4671	 0.9743	 0.0011
 0.4673	 0.9750	 0.0012
 0.4676	 0.9700	 0.0011
 0.4678	 0.9731	 0.0012
 0.4680	 0.9698	 0.0012
 0.4682	 0.9751	 0.0007
 0.4684	 0.9740	 0.0011
 0.4686	 0.9771	 0.0013
 0.4688	 0.9736	 0.0010
 0.4691	 0.9730	 0.0015
 0.4693	 0.9700	 0.0012
 0.4695	 0.9700	 0.0012
 0.4697	 0.9683	 0.0017
 0.4699	 0.9639	 0.0027
 0.4701	 0.9661	 0.0026
 0.4703	 0.9706	 0.0023
 0.4706	 0.9736	 0.0021
 0.4708	 0.9790	 0.0013
 0.4710	 0.9801	 0.0010
 0.4712	 0.9837	 0.0015
 0.4714	 0.9860	 0.0016
 0.4716	 0.9832	 0.0012
 0.4718	 0.9818	 0.0011
 0.4721	 0.9772	 0.0006
 0.4723	 0.9779	 0.0006
 0.4725	 0.9779	 0.0006
 0.4727	 0.9748	 0.0008
 0.4729	 0.9765	 0.0015
 0.4731	 0.9768	 0.0018
 0.4734	 0.9776	 0.0015
 0.4736	 0.9797	 0.0011
 0.4738	 0.9847	 0.0007
 0.4740	 0.9856	 0.0009
 0.4742	 0.9824	 0.0006
 0.4744	 0.9818	 0.0008
 0.4746	 0.9831	 0.0008
 0.4749	 0.9801	 0.0007
 0.4751	 0.9803	 0.0007
 0.4753	 0.9782	 0.0014
 0.4755	 0.9807	 0.0013
 0.4757	 0.9823	 0.0017
 0.4759	 0.9794	 0.0022
 0.4761	 0.9865	 0.0023
 0.4764	 0.9847	 0.0027
 0.4766	 0.9768	 0.0028
 0.4768	 0.9882	 0.0007
 0.4770	 0.9902	 0.0011
 0.4772	 0.9919	 0.0016
 0.4774	 0.9914	 0.0024
 0.4776	 0.9889	 0.0019
 0.4779	 0.9859	 0.0014
 0.4781	 0.9834	 0.0020
 0.4783	 0.9777	 0.0023
 0.4785	 0.9816	 0.0016
 0.4787	 0.9838	 0.0011
 0.4789	 0.9898	 0.0003
 0.4792	 0.9888	 0.0003
 0.4794	 0.9887	 0.0003
 0.4796	 0.9890	 0.0005
 0.4798	 0.9901	 0.0012
 0.4800	 0.9895	 0.0012
 0.4802	 0.9884	 0.0017
 0.4804	 0.9870	 0.0016
 0.4807	 0.9938	 0.0009
 0.4809	 0.9911	 0.0011
 0.4811	 0.9964	 0.0015
 0.4813	 0.9926	 0.0012
 0.4815	 0.9927	 0.0010
 0.4817	 0.9897	 0.0005
 0.4819	 0.9873	 0.0004
 0.4822	 0.9873	 0.0009
 0.4824	 0.9877	 0.0009
 0.4826	 0.9872	 0.0016
 0.4828	 0.9854	 0.0016
 0.4830	 0.9908	 0.0014
 0.4832	 0.9873	 0.0014
 0.4834	 0.9944	 0.0013
 0.4837	 0.9874	 0.0012
 0.4839	 0.9923	 0.0007
 0.4841	 0.9917	 0.0008
 0.4843	 0.9943	 0.0015
 0.4845	 0.9903	 0.0018
 0.4847	 0.9903	 0.0028
 0.4850	 0.9897	 0.0025
 0.4852	 0.9846	 0.0030
 0.4854	 0.9814	 0.0057
 0.4856	 0.9749	 0.0055
 0.4858	 0.9796	 0.0043
 0.4860	 0.9928	 0.0041
 0.4862	 1.0065	 0.0041
 0.4865	 0.9897	 0.0040
 0.4867	 0.9897	 0.0033
 0.4869	 1.0081	 0.0010
 0.4871	 1.0050	 0.0014
 0.4873	 1.0051	 0.0022
 0.4875	 1.0055	 0.0029
 0.4877	 1.0017	 0.0031
 0.4880	 0.9982	 0.0023
 0.4882	 0.9937	 0.0017
 0.4884	 0.9889	 0.0016
 0.4886	 0.9845	 0.0025
 0.4888	 0.9890	 0.0021
 0.4890	 0.9934	 0.0016
 0.4892	 0.9931	 0.0018
 0.4895	 0.9998	 0.0018
 0.4897	 0.9996	 0.0025
 0.4899	 1.0000	 0.0021
 0.4901	 0.9917	 0.0010
 0.4903	 0.9928	 0.0012
 0.4905	 0.9871	 0.0012
 0.4908	 0.9912	 0.0022
 0.4910	 0.9887	 0.0025
 0.4912	 0.9862	 0.0020
 0.4914	 0.9842	 0.0027
 0.4916	 0.9785	 0.0042
 0.4918	 0.9750	 0.0043
 0.4920	 0.9807	 0.0029
 0.4923	 0.9910	 0.0018
 0.4925	 0.9975	 0.0017
 0.4927	 0.9946	 0.0014
 0.4929	 0.9946	 0.0014
 0.4931	 0.9872	 0.0017
 0.4933	 0.9921	 0.0009
 0.4935	 0.9930	 0.0008
 0.4938	 0.9944	 0.0007
 0.4940	 0.9975	 0.0008
 0.4942	 0.9936	 0.0009
 0.4944	 0.9944	 0.0016
 0.4946	 0.9957	 0.0023
 0.4948	 0.9935	 0.0018
 0.4950	 0.9900	 0.0015
 0.4953	 0.9868	 0.0018
 0.4955	 0.9828	 0.0018
 0.4957	 0.9859	 0.0014
 0.4959	 0.9910	 0.0008
 0.4961	 0.9926	 0.0009
 0.4963	 0.9898	 0.0010
 0.4965	 0.9944	 0.0016
 0.4968	 0.9913	 0.0016
 0.4970	 0.9948	 0.0019
 0.4972	 0.9912	 0.0014
 0.4974	 0.9858	 0.0009
 0.4976	 0.9871	 0.0016
 0.4978	 0.9842	 0.0025
 0.4981	 0.9835	 0.0025
 0.4983	 0.9885	 0.0015
 0.4985	 0.9922	 0.0008
 0.4987	 0.9971	 0.0006
 0.4989	 0.9955	 0.0012
 0.4991	 0.9942	 0.0012
 0.4993	 0.9941	 0.0013
 0.4996	 0.9957	 0.0014
 0.4998	 0.9889	 0.0007
 0.5000	 0.9916	 0.0010
 0.5002	 0.9895	 0.0009
 0.5004	 0.9876	 0.0011
 0.5006	 0.9884	 0.0014
 0.5008	 0.9930	 0.0013
 0.5011	 0.9897	 0.0017
 0.5013	 0.9930	 0.0011
 0.5015	 0.9962	 0.0007
 0.5017	 0.9969	 0.0007
 0.5019	 0.9998	 0.0006
 0.5021	 0.9982	 0.0008
 0.5023	 0.9993	 0.0015
 0.5026	 1.0007	 0.0023
 0.5028	 1.0019	 0.0022
 0.5030	 0.9972	 0.0013
 0.5032	 0.9932	 0.0011
 0.5034	 0.9897	 0.0022
 0.5036	 0.9910	 0.0020
 0.5039	 0.9907	 0.0019
 0.5041	 0.9957	 0.0015
 0.5043	 1.0017	 0.0012
 0.5045	 0.9967	 0.0013
 0.5047	 0.9996	 0.0016
 0.5049	 1.0035	 0.0018
 0.5051	 0.9988	 0.0016
 0.5054	 0.9958	 0.0021
 0.5056	 1.0046	 0.0023
 0.5058	 0.9963	 0.0013
 0.5060	 0.9986	 0.0013
 0.5062	 0.9921	 0.0004
 0.5064	 0.9924	 0.0005
 0.5066	 0.9933	 0.0007
 0.5069	 0.9909	 0.0007
 0.5071	 0.9924	 0.0010
 0.5073	 0.9939	 0.0011
 0.5075	 0.9901	 0.0024
 0.5077	 0.9915	 0.0028
 0.5079	 0.9956	 0.0022
 0.5081	 0.9957	 0.0018
 0.5084	 1.0038	 0.0015
 0.5086	 1.0068	 0.0027
 0.5088	 1.0022	 0.0022
 0.5090	 1.0004	 0.0019
 0.5092	 0.9978	 0.0015
 0.5094	 0.9903	 0.0015
 0.5097	 0.9930	 0.0012
 0.5099	 0.9913	 0.0013
 0.5101	 0.9968	 0.0010
 0.5103	 0.9979	 0.0012
 0.5105	 0.9962	 0.0011
 0.5107	 0.9984	 0.0012
 0.5109	 1.0017	 0.0013
 0.5112	 1.0024	 0.0020
 0.5114	 0.9990	 0.0019
 0.5116	 0.9958	 0.0015
 0.5118	 0.9966	 0.0015
 0.5120	 0.9900	 0.0016
 0.5122	 0.9896	 0.0014
 0.5124	 0.9915	 0.0012
 0.5127	 0.9962	 0.0011
 0.5129	 0.9974	 0.0012
 0.5131	 0.9948	 0.0011
 0.5133	 0.9985	 0.0012
 0.5135	 0.9923	 0.0008
 0.5137	 0.9931	 0.0009
 0.5139	 0.9934	 0.0010
 0.5142	 0.9916	 0.0010
 0.5144	 0.9962	 0.0003
 0.5146	 0.9961	 0.0006
 0.5148	 0.9967	 0.0006
 0.5150	 0.9963	 0.0021
 0.5152	 0.9978	 0.0033
 0.5155	 0.9994	 0.0032
 0.5157	 0.9982	 0.0030
 0.5159	 0.9876	 0.0029
 0.5161	 0.9834	 0.0039
 0.5163	 0.9967	 0.0035
 0.5165	 0.9968	 0.0034
 0.5167	 0.9969	 0.0034
 0.5170	 0.9792	 0.0032
 0.5172	 0.9889	 0.0027
 0.5174	 0.9959	 0.0034
 0.5176	 0.9967	 0.0029
 0.5178	 0.9881	 0.0025
 0.5180	 0.9824	 0.0036
 0.5182	 0.9802	 0.0035
 0.5185	 0.9896	 0.0026
 0.5187	 0.9938	 0.0018
 0.5189	 0.9996	 0.0011
 0.5191	 0.9982	 0.0011
 0.5193	 1.0048	 0.0013
 0.5195	 1.0016	 0.0014
 0.5197	 1.0010	 0.0015
 0.5200	 0.9994	 0.0014
 0.5202	 0.9969	 0.0017
 0.5204	 0.9943	 0.0018
 0.5206	 0.9932	 0.0017
 0.5208	 1.0007	 0.0007
 0.5210	 1.0019	 0.0006
 0.5213	 1.0006	 0.0019
 0.5215	 1.0025	 0.0025
 0.5217	 1.0043	 0.0024
 0.5219	 1.0033	 0.0019
 0.5221	 0.9938	 0.0010
 0.5223	 0.9926	 0.0013
 0.5225	 0.9973	 0.0019
 0.5228	 0.9967	 0.0026
 0.5230	 0.9975	 0.0023
 0.5232	 1.0008	 0.0017
 0.5234	 1.0071	 0.0008
 0.5236	 1.0101	 0.0008
 0.5238	 1.0063	 0.0016
 0.5240	 1.0100	 0.0016
 0.5243	 1.0088	 0.0014
 0.5245	 1.0068	 0.0013
 0.5247	 1.0007	 0.0014
 0.5249	 1.0062	 0.0010
 0.5251	 1.0065	 0.0031
 0.5253	 1.0079	 0.0039
 0.5255	 1.0024	 0.0036
 0.5258	 1.0042	 0.0031
 0.5260	 0.9905	 0.0006
 0.5262	 0.9886	 0.0014
 0.5264	 0.9874	 0.0030
 0.5266	 0.9888	 0.0041
 0.5268	 0.9906	 0.0043
 0.5270	 0.9951	 0.0030
 0.5273	 1.0042	 0.0018
 0.5275	 1.0103	 0.0016
 0.5277	 1.0126	 0.0017
 0.5279	 1.0049	 0.0015
 0.5281	 1.0041	 0.0014
 0.5283	 1.0088	 0.0018
 0.5286	 1.0038	 0.0023
 0.5288	 1.0113	 0.0024
 0.5290	 1.0079	 0.0016
 0.5292	 1.0015	 0.0008
 0.5294	 0.9983	 0.0016
 0.5296	 1.0008	 0.0016
 0.5298	 0.9997	 0.0015
 0.5301	 1.0029	 0.0009
 0.5303	 1.0074	 0.0005
 0.5305	 1.0075	 0.0005
 0.5307	 1.0063	 0.0005
 0.5309	 1.0072	 0.0009
 0.5311	 1.0051	 0.0013
 0.5313	 1.0048	 0.0018
 0.5316	 1.0042	 0.0021
 0.5318	 1.0015	 0.0017
 0.5320	 0.9981	 0.0011
 0.5322	 0.9954	 0.0020
 0.5324	 0.9927	 0.0026
 0.5326	 0.9927	 0.0026
 0.5328	 0.9927	 0.0023
 0.5331	 1.0028	 0.0004
 0.5333	 1.0038	 0.0004
 0.5335	 1.0036	 0.0005
 0.5337	 1.0050	 0.0004
 0.5339	 1.0036	 0.0005
 0.5341	 1.0057	 0.0009
 0.5344	 1.0032	 0.0010
 0.5346	 1.0044	 0.0008
 0.5348	 1.0059	 0.0005
 0.5350	 1.0087	 0.0006
 0.5352	 1.0080	 0.0012
 0.5354	 1.0084	 0.0022
 0.5356	 1.0069	 0.0020
 0.5359	 1.0055	 0.0019
 0.5361	 1.0017	 0.0012
 0.5363	 0.9961	 0.0018
 0.5365	 0.9989	 0.0019
 0.5367	 0.9954	 0.0020
 0.5369	 1.0000	 0.0013
 0.5371	 1.0053	 0.0012
 0.5374	 1.0049	 0.0012
 0.5376	 1.0053	 0.0010
 0.5378	 0.9996	 0.0008
 0.5380	 1.0015	 0.0008
 0.5382	 0.9999	 0.0014
 0.5384	 1.0010	 0.0014
 0.5386	 1.0042	 0.0017
 0.5389	 1.0031	 0.0016
 0.5391	 0.9962	 0.0014
 0.5393	 1.0007	 0.0017
 0.5395	 0.9963	 0.0019
 0.5397	 1.0038	 0.0019
 0.5399	 0.9993	 0.0013
 0.5402	 0.9942	 0.0012
 0.5404	 0.9932	 0.0026
 0.5406	 0.9992	 0.0025
 0.5408	 0.9952	 0.0027
 0.5410	 0.9988	 0.0018
 0.5412	 1.0081	 0.0010
 0.5414	 1.0072	 0.0009
 0.5417	 1.0080	 0.0012
 0.5419	 1.0081	 0.0013
 0.5421	 1.0032	 0.0011
 0.5423	 1.0071	 0.0011
 0.5425	 1.0023	 0.0017
 0.5427	 1.0015	 0.0020
 0.5429	 1.0011	 0.0018
 0.5432	 1.0023	 0.0014
 0.5434	 1.0102	 0.0018
 0.5436	 1.0091	 0.0020
 0.5438	 1.0072	 0.0018
 0.5440	 1.0092	 0.0017
 0.5442	 1.0003	 0.0012
 0.5444	 1.0010	 0.0012
 0.5447	 1.0065	 0.0011
 0.5449	 1.0054	 0.0016
 0.5451	 1.0023	 0.0016
 0.5453	 1.0003	 0.0021
 0.5455	 1.0035	 0.0022
 0.5457	 1.0097	 0.0022
 0.5460	 1.0047	 0.0021
 0.5462	 0.9970	 0.0022
 0.5464	 1.0080	 0.0016
 0.5466	 1.0048	 0.0015
 0.5468	 1.0087	 0.0017
 0.5470	 1.0015	 0.0014
 0.5472	 1.0009	 0.0019
 0.5475	 1.0015	 0.0018
 0.5477	 1.0078	 0.0016
 0.5479	 0.9999	 0.0017
 0.5481	 1.0092	 0.0010
 0.5483	 1.0069	 0.0009
 0.5485	 1.0050	 0.0011
 0.5487	 1.0088	 0.0012
 0.5490	 1.0046	 0.0011
 0.5492	 1.0036	 0.0014
 0.5494	 1.0019	 0.0015
 0.5496	 1.0029	 0.0013
 0.5498	 1.0083	 0.0012
 0.5500	 1.0082	 0.0011
 0.5502	 1.0089	 0.0014
 0.5505	 1.0038	 0.0012
 0.5507	 1.0033	 0.0012
 0.5509	 1.0061	 0.0016
 0.5511	 1.0103	 0.0019
 0.5513	 1.0051	 0.0014
 0.5515	 1.0075	 0.0017
 0.5517	 1.0005	 0.0009
 0.5520	 1.0011	 0.0014
 0.5522	 1.0012	 0.0016
 0.5524	 0.9968	 0.0018
 0.5526	 1.0013	 0.0020
 0.5528	 1.0054	 0.0028
 0.5530	 1.0055	 0.0028
 0.5533	 0.9981	 0.0028
 0.5535	 0.9954	 0.0027
 0.5537	 1.0110	 0.0019
 0.5539	 1.0062	 0.0014
 0.5541	 1.0026	 0.0017
 0.5543	 1.0080	 0.0020
 0.5545	 1.0001	 0.0020
 0.5548	 1.0034	 0.0016
 0.5550	 1.0089	 0.0016
 0.5552	 1.0109	 0.0016
 0.5554	 1.0026	 0.0013
 0.5556	 1.0042	 0.0013
 0.5558	 1.0046	 0.0014
 0.5560	 1.0090	 0.0019
 0.5563	 1.0015	 0.0009
 0.5565	 1.0027	 0.0026
 0.5567	 1.0012	 0.0028
 0.5569	 0.9973	 0.0035
 0.5571	 1.0001	 0.0035
 0.5573	 0.9883	 0.0057
 0.5575	 1.0048	 0.0037
 0.5578	 1.0090	 0.0045
 0.5580	 1.0029	 0.0045
 0.5582	 1.0239	 0.0044
 0.5584	 1.0089	 0.0026
 0.5586	 0.9967	 0.0022
 0.5588	 1.0066	 0.0017
 0.5591	 1.0056	 0.0023
 0.5593	 0.9969	 0.0025
 0.5595	 1.0047	 0.0014
 0.5597	 1.0039	 0.0015
 0.5599	 1.0114	 0.0010
 0.5601	 1.0092	 0.0011
 0.5603	 1.0085	 0.0012
 0.5606	 1.0129	 0.0018
 0.5608	 1.0074	 0.0030
 0.5610	 1.0065	 0.0032
 0.5612	 1.0070	 0.0031
 0.5614	 1.0016	 0.0043
 0.5616	 0.9915	 0.0044
 0.5618	 0.9940	 0.0046
 0.5621	 0.9918	 0.0040
 0.5623	 1.0144	 0.0024
 0.5625	 1.0018	 0.0020
 0.5627	 1.0121	 0.0040
 0.5629	 1.0036	 0.0034
 0.5631	 1.0098	 0.0034
 0.5633	 1.0042	 0.0025
 0.5636	 0.9890	 0.0020
 0.5638	 0.9999	 0.0007
 0.5640	 0.9990	 0.0009
 0.5642	 0.9991	 0.0025
 0.5644	 0.9966	 0.0025
 0.5646	 1.0012	 0.0029
 0.5649	 1.0019	 0.0040
 0.5651	 0.9881	 0.0035
 0.5653	 1.0003	 0.0037
 0.5655	 0.9907	 0.0033
 0.5657	 0.9803	 0.0034
 0.5659	 0.9967	 0.0032
 0.5661	 0.9994	 0.0037
 0.5664	 0.9943	 0.0045
 0.5666	 0.9879	 0.0053
 0.5668	 1.0077	 0.0051
 0.5670	 0.9881	 0.0045
 0.5672	 0.9811	 0.0046
 0.5674	 1.0053	 0.0038
 0.5676	 0.9927	 0.0043
 0.5679	 0.9814	 0.0043
 0.5681	 0.9960	 0.0051
 0.5683	 0.9951	 0.0050
 0.5685	 0.9745	 0.0046
 0.5687	 0.9797	 0.0042
 0.5689	 1.0011	 0.0043
 0.5691	 0.9811	 0.0036
 0.5694	 0.9820	 0.0034
 0.5696	 0.9931	 0.0034
 0.5698	 1.0005	 0.0034
 0.5700	 0.9869	 0.0061
 0.5702	 0.9976	 0.0072
 0.5704	 1.0073	 0.0070
 0.5707	 0.9938	 0.0041
 0.5709	 0.9710	 0.0021
 0.5711	 0.9717	 0.0017
 0.5713	 0.9783	 0.0057
 0.5715	 0.9803	 0.0062
 	 	 
 0.5093	 0.9757	 0.0058
 0.5096	 1.0034	 0.0051
 0.5099	 0.9732	 0.0041
 0.5102	 0.9886	 0.0024
 0.5105	 0.9965	 0.0037
 0.5108	 0.9933	 0.0039
 0.5111	 0.9834	 0.0041
 0.5114	 0.9950	 0.0020
 0.5117	 1.0069	 0.0040
 0.5120	 0.9999	 0.0048
 0.5123	 1.0034	 0.0052
 0.5126	 1.0009	 0.0070
 0.5129	 0.9838	 0.0070
 0.5133	 1.0140	 0.0063
 0.5136	 1.0096	 0.0084
 0.5139	 0.9786	 0.0076
 0.5142	 1.0029	 0.0069
 0.5145	 1.0082	 0.0077
 0.5148	 0.9687	 0.0063
 0.5151	 0.9994	 0.0049
 0.5154	 0.9950	 0.0044
 0.5157	 0.9728	 0.0034
 0.5160	 0.9932	 0.0031
 0.5163	 0.9821	 0.0029
 0.5166	 0.9772	 0.0048
 0.5169	 0.9797	 0.0050
 0.5172	 0.9909	 0.0056
 0.5175	 0.9738	 0.0057
 0.5178	 0.9995	 0.0049
 0.5181	 0.9980	 0.0040
 0.5184	 0.9739	 0.0028
 0.5187	 0.9815	 0.0014
 0.5190	 0.9867	 0.0008
 0.5193	 0.9875	 0.0027
 0.5196	 0.9890	 0.0038
 0.5199	 0.9891	 0.0044
 0.5202	 0.9913	 0.0045
 0.5205	 0.9760	 0.0058
 0.5208	 0.9994	 0.0052
 0.5211	 0.9779	 0.0047
 0.5214	 0.9809	 0.0043
 0.5217	 1.0040	 0.0039
 0.5220	 0.9857	 0.0021
 0.5223	 0.9807	 0.0034
 0.5226	 0.9900	 0.0021
 0.5229	 0.9910	 0.0032
 0.5232	 0.9925	 0.0042
 0.5235	 1.0019	 0.0041
 0.5238	 0.9953	 0.0040
 0.5242	 0.9821	 0.0040
 0.5245	 1.0064	 0.0030
 0.5248	 0.9967	 0.0025
 0.5251	 0.9907	 0.0019
 0.5254	 0.9912	 0.0020
 0.5257	 0.9912	 0.0026
 0.5260	 0.9814	 0.0034
 0.5263	 0.9880	 0.0032
 0.5266	 0.9920	 0.0025
 0.5269	 0.9970	 0.0020
 0.5272	 1.0009	 0.0014
 0.5275	 1.0060	 0.0011
 0.5278	 1.0040	 0.0013
 0.5281	 1.0086	 0.0020
 0.5284	 1.0075	 0.0031
 0.5287	 1.0029	 0.0032
 0.5290	 1.0092	 0.0043
 0.5293	 1.0156	 0.0067
 0.5296	 0.9972	 0.0056
 0.5299	 1.0110	 0.0060
 0.5302	 0.9928	 0.0052
 0.5305	 0.9780	 0.0052
 0.5308	 1.0043	 0.0030
 0.5311	 1.0074	 0.0032
 0.5314	 0.9918	 0.0023
 0.5317	 0.9959	 0.0022
 0.5320	 1.0046	 0.0023
 0.5323	 0.9922	 0.0020
 0.5326	 0.9941	 0.0019
 0.5329	 0.9991	 0.0010
 0.5332	 1.0020	 0.0008
 0.5335	 1.0022	 0.0009
 0.5338	 1.0055	 0.0010
 0.5341	 1.0013	 0.0003
 0.5344	 1.0010	 0.0014
 0.5347	 1.0000	 0.0015
 0.5351	 1.0000	 0.0014
 0.5354	 0.9998	 0.0013
 0.5357	 0.9935	 0.0005
 0.5360	 0.9939	 0.0007
 0.5363	 0.9956	 0.0007
 0.5366	 0.9927	 0.0010
 0.5369	 0.9948	 0.0009
 0.5372	 0.9919	 0.0009
 0.5375	 0.9945	 0.0013
 0.5378	 0.9975	 0.0020
 0.5381	 0.9956	 0.0018
 0.5384	 0.9958	 0.0019
 0.5387	 0.9896	 0.0009
 0.5390	 0.9874	 0.0008
 0.5393	 0.9883	 0.0009
 0.5396	 0.9843	 0.0011
 0.5399	 0.9862	 0.0008
 0.5402	 0.9891	 0.0016
 0.5405	 0.9888	 0.0021
 0.5408	 0.9903	 0.0019
 0.5411	 0.9906	 0.0020
 0.5414	 0.9976	 0.0017
 0.5417	 0.9989	 0.0016
 0.5420	 0.9979	 0.0015
 0.5423	 0.9898	 0.0009
 0.5426	 0.9938	 0.0008
 0.5429	 0.9942	 0.0011
 0.5432	 0.9903	 0.0011
 0.5435	 0.9911	 0.0015
 0.5438	 0.9942	 0.0012
 0.5441	 0.9965	 0.0016
 0.5444	 0.9943	 0.0016
 0.5447	 1.0004	 0.0016
 0.5450	 0.9986	 0.0013
 0.5453	 0.9911	 0.0018
 0.5456	 0.9952	 0.0017
 0.5459	 0.9949	 0.0017
 0.5463	 0.9975	 0.0017
 0.5466	 0.9872	 0.0018
 0.5469	 0.9945	 0.0010
 0.5472	 0.9948	 0.0013
 0.5475	 0.9943	 0.0012
 0.5478	 0.9982	 0.0006
 0.5481	 0.9986	 0.0005
 0.5484	 1.0013	 0.0010
 0.5487	 1.0006	 0.0010
 0.5490	 1.0008	 0.0011
 0.5493	 0.9993	 0.0012
 0.5496	 1.0051	 0.0014
 0.5499	 0.9997	 0.0009
 0.5502	 1.0001	 0.0009
 0.5505	 0.9979	 0.0006
 0.5508	 0.9973	 0.0005
 0.5511	 0.9949	 0.0011
 0.5514	 0.9965	 0.0011
 0.5517	 0.9980	 0.0012
 0.5520	 0.9973	 0.0012
 0.5523	 1.0016	 0.0012
 0.5526	 0.9952	 0.0007
 0.5529	 0.9947	 0.0007
 0.5532	 0.9962	 0.0004
 0.5535	 0.9973	 0.0005
 0.5538	 0.9983	 0.0012
 0.5541	 0.9981	 0.0011
 0.5544	 0.9963	 0.0008
 0.5547	 0.9958	 0.0008
 0.5550	 0.9919	 0.0007
 0.5553	 0.9937	 0.0006
 0.5556	 0.9949	 0.0010
 0.5559	 0.9917	 0.0007
 0.5562	 0.9915	 0.0008
 0.5565	 0.9931	 0.0008
 0.5568	 0.9888	 0.0005
 0.5572	 0.9917	 0.0006
 0.5575	 0.9898	 0.0005
 0.5578	 0.9893	 0.0006
 0.5581	 0.9887	 0.0006
 0.5584	 0.9915	 0.0010
 0.5587	 0.9913	 0.0018
 0.5590	 0.9909	 0.0016
 0.5593	 0.9921	 0.0013
 0.5596	 0.9963	 0.0009
 0.5599	 0.9999	 0.0009
 0.5602	 0.9953	 0.0008
 0.5605	 0.9971	 0.0009
 0.5608	 0.9997	 0.0009
 0.5611	 0.9962	 0.0003
 0.5614	 0.9953	 0.0004
 0.5617	 0.9949	 0.0004
 0.5620	 0.9945	 0.0004
 0.5623	 0.9953	 0.0004
 0.5626	 0.9966	 0.0003
 0.5629	 0.9961	 0.0005
 0.5632	 0.9966	 0.0005
 0.5635	 0.9978	 0.0005
 0.5638	 0.9957	 0.0003
 0.5641	 0.9949	 0.0007
 0.5644	 0.9955	 0.0007
 0.5647	 0.9969	 0.0007
 0.5650	 0.9959	 0.0008
 0.5653	 0.9988	 0.0006
 0.5656	 0.9991	 0.0006
 0.5659	 0.9993	 0.0005
 0.5662	 1.0010	 0.0005
 0.5665	 1.0019	 0.0008
 0.5668	 1.0013	 0.0010
 0.5671	 0.9994	 0.0007
 0.5674	 0.9997	 0.0008
 0.5677	 0.9973	 0.0005
 0.5680	 0.9956	 0.0005
 0.5684	 0.9983	 0.0005
 0.5687	 0.9960	 0.0006
 0.5690	 0.9964	 0.0007
 0.5693	 0.9967	 0.0006
 0.5696	 0.9951	 0.0003
 0.5699	 0.9935	 0.0007
 0.5702	 0.9936	 0.0008
 0.5705	 0.9951	 0.0007
 0.5708	 0.9941	 0.0011
 0.5711	 0.9975	 0.0009
 0.5714	 0.9969	 0.0009
 0.5717	 0.9972	 0.0009
 0.5720	 1.0010	 0.0010
 0.5723	 1.0003	 0.0007
 0.5726	 0.9970	 0.0004
 0.5729	 0.9964	 0.0007
 0.5732	 0.9962	 0.0011
 0.5735	 0.9969	 0.0012
 0.5738	 0.9984	 0.0012
 0.5741	 0.9940	 0.0007
 0.5744	 0.9919	 0.0010
 0.5747	 0.9929	 0.0008
 0.5750	 0.9961	 0.0005
 0.5753	 0.9950	 0.0007
 0.5756	 0.9970	 0.0006
 0.5759	 0.9971	 0.0008
 0.5762	 0.9946	 0.0008
 0.5765	 0.9981	 0.0008
 0.5768	 0.9967	 0.0007
 0.5771	 0.9939	 0.0008
 0.5774	 0.9959	 0.0007
 0.5777	 0.9945	 0.0007
 0.5780	 0.9976	 0.0002
 0.5783	 0.9980	 0.0005
 0.5786	 0.9985	 0.0004
 0.5789	 0.9975	 0.0004
 0.5793	 0.9979	 0.0004
 0.5796	 0.9958	 0.0005
 0.5799	 0.9972	 0.0006
 0.5802	 0.9961	 0.0007
 0.5805	 0.9972	 0.0007
 0.5808	 0.9944	 0.0007
 0.5811	 0.9945	 0.0005
 0.5814	 0.9977	 0.0004
 0.5817	 0.9970	 0.0003
 0.5820	 0.9961	 0.0003
 0.5823	 0.9956	 0.0005
 0.5826	 0.9962	 0.0006
 0.5829	 0.9975	 0.0007
 0.5832	 0.9962	 0.0006
 0.5835	 0.9943	 0.0005
 0.5838	 0.9943	 0.0004
 0.5841	 0.9936	 0.0004
 0.5844	 0.9925	 0.0004
 0.5847	 0.9919	 0.0008
 0.5850	 0.9936	 0.0007
 0.5853	 0.9934	 0.0008
 0.5856	 0.9919	 0.0007
 0.5859	 0.9963	 0.0004
 0.5862	 0.9947	 0.0005
 0.5865	 0.9950	 0.0013
 0.5868	 0.9941	 0.0017
 0.5871	 0.9963	 0.0017
 0.5874	 0.9931	 0.0015
 0.5877	 0.9885	 0.0015
 0.5880	 0.9875	 0.0015
 0.5883	 0.9943	 0.0013
 0.5886	 0.9943	 0.0017
 0.5889	 0.9889	 0.0018
 0.5892	 0.9879	 0.0017
 0.5895	 0.9922	 0.0010
 0.5898	 0.9974	 0.0006
 0.5901	 0.9949	 0.0008
 0.5905	 0.9961	 0.0009
 0.5908	 0.9978	 0.0009
 0.5911	 0.9975	 0.0010
 0.5914	 0.9938	 0.0011
 0.5917	 0.9939	 0.0011
 0.5920	 0.9938	 0.0012
 0.5923	 0.9985	 0.0012
 0.5926	 0.9919	 0.0005
 0.5929	 0.9942	 0.0004
 0.5932	 0.9916	 0.0006
 0.5935	 0.9934	 0.0006
 0.5938	 0.9924	 0.0007
 0.5941	 0.9927	 0.0009
 0.5944	 0.9952	 0.0009
 0.5947	 0.9914	 0.0009
 0.5950	 0.9949	 0.0009
 0.5953	 0.9964	 0.0009
 0.5956	 0.9935	 0.0010
 0.5959	 0.9953	 0.0011
 0.5962	 0.9912	 0.0009
 0.5965	 0.9955	 0.0009
 0.5968	 0.9903	 0.0006
 0.5971	 0.9940	 0.0005
 0.5974	 0.9928	 0.0006
 0.5977	 0.9916	 0.0006
 0.5980	 0.9925	 0.0006
 0.5983	 0.9944	 0.0006
 0.5986	 0.9912	 0.0005
 0.5989	 0.9922	 0.0007
 0.5992	 0.9939	 0.0011
 0.5995	 0.9926	 0.0011
 0.5998	 0.9918	 0.0011
 0.6001	 0.9958	 0.0011
 0.6004	 0.9894	 0.0006
 0.6007	 0.9901	 0.0004
 0.6010	 0.9926	 0.0004
 0.6014	 0.9921	 0.0007
 0.6017	 0.9916	 0.0008
 0.6020	 0.9918	 0.0007
 0.6023	 0.9938	 0.0007
 0.6026	 0.9951	 0.0007
 0.6029	 0.9949	 0.0008
 0.6032	 0.9959	 0.0011
 0.6035	 0.9917	 0.0009
 0.6038	 0.9948	 0.0009
 0.6041	 0.9922	 0.0006
 0.6044	 0.9899	 0.0007
 0.6047	 0.9902	 0.0006
 0.6050	 0.9931	 0.0005
 0.6053	 0.9919	 0.0004
 0.6056	 0.9932	 0.0006
 0.6059	 0.9914	 0.0005
 0.6062	 0.9906	 0.0005
 0.6065	 0.9913	 0.0005
 0.6068	 0.9897	 0.0005
 0.6071	 0.9887	 0.0006
 0.6074	 0.9915	 0.0006
 0.6077	 0.9899	 0.0005
 0.6080	 0.9884	 0.0006
 0.6083	 0.9886	 0.0005
 0.6086	 0.9904	 0.0008
 0.6089	 0.9910	 0.0007
 0.6092	 0.9882	 0.0006
 0.6095	 0.9891	 0.0008
 0.6098	 0.9868	 0.0007
 0.6101	 0.9881	 0.0008
 0.6104	 0.9857	 0.0008
 0.6107	 0.9901	 0.0006
 0.6110	 0.9882	 0.0005
 0.6113	 0.9865	 0.0005
 0.6116	 0.9891	 0.0005
 0.6119	 0.9882	 0.0005
 0.6122	 0.9869	 0.0006
 0.6126	 0.9875	 0.0006
 0.6129	 0.9893	 0.0006
 0.6132	 0.9895	 0.0007
 0.6135	 0.9864	 0.0006
 0.6138	 0.9886	 0.0005
 0.6141	 0.9875	 0.0006
 0.6144	 0.9900	 0.0007
 0.6147	 0.9893	 0.0007
 0.6150	 0.9875	 0.0005
 0.6153	 0.9874	 0.0008
 0.6156	 0.9861	 0.0010
 0.6159	 0.9854	 0.0011
 0.6162	 0.9849	 0.0009
 0.6165	 0.9893	 0.0002
 0.6168	 0.9894	 0.0003
 0.6171	 0.9899	 0.0002
 0.6174	 0.9887	 0.0000
 0.6177	 0.9887	 0.0001
 0.6180	 0.9886	 0.0001
 0.6183	 0.9886	 0.0002
 0.6186	 0.9888	 0.0005
 0.6189	 0.9891	 0.0004
 0.6192	 0.9891	 0.0004
 0.6195	 0.9878	 0.0003
 0.6198	 0.9867	 0.0005
 0.6201	 0.9879	 0.0005
 0.6204	 0.9886	 0.0006
 0.6207	 0.9873	 0.0006
 0.6210	 0.9860	 0.0006
 0.6213	 0.9891	 0.0006
 0.6216	 0.9893	 0.0006
 0.6219	 0.9879	 0.0006
 0.6222	 0.9871	 0.0006
 0.6225	 0.9860	 0.0006
 0.6228	 0.9858	 0.0006
 0.6231	 0.9892	 0.0005
 0.6235	 0.9859	 0.0003
 0.6238	 0.9868	 0.0003
 0.6241	 0.9875	 0.0002
 0.6244	 0.9877	 0.0003
 0.6247	 0.9878	 0.0003
 0.6250	 0.9885	 0.0003
 0.6253	 0.9883	 0.0005
 0.6256	 0.9894	 0.0006
 0.6259	 0.9890	 0.0007
 0.6262	 0.9874	 0.0008
 0.6265	 0.9905	 0.0004
 0.6268	 0.9912	 0.0005
 0.6271	 0.9905	 0.0005
 0.6274	 0.9919	 0.0007
 0.6277	 0.9922	 0.0008
 0.6280	 0.9935	 0.0010
 0.6283	 0.9918	 0.0010
 0.6286	 0.9892	 0.0007
 0.6289	 0.9900	 0.0007
 0.6292	 0.9874	 0.0003
 0.6295	 0.9861	 0.0004
 0.6298	 0.9870	 0.0004
 0.6301	 0.9864	 0.0006
 0.6304	 0.9861	 0.0006
 0.6307	 0.9881	 0.0006
 0.6310	 0.9874	 0.0005
 0.6313	 0.9846	 0.0004
 0.6316	 0.9864	 0.0003
 0.6319	 0.9872	 0.0005
 0.6322	 0.9864	 0.0005
 0.6325	 0.9865	 0.0005
 0.6328	 0.9853	 0.0005
 0.6331	 0.9843	 0.0006
 0.6334	 0.9869	 0.0005
 0.6337	 0.9843	 0.0005
 0.6340	 0.9863	 0.0004
 0.6344	 0.9870	 0.0004
 0.6347	 0.9864	 0.0003
 0.6350	 0.9851	 0.0005
 0.6353	 0.9852	 0.0005
 0.6356	 0.9861	 0.0005
 0.6359	 0.9847	 0.0008
 0.6362	 0.9877	 0.0008
 0.6365	 0.9867	 0.0008
 0.6368	 0.9856	 0.0009
 0.6371	 0.9892	 0.0009
 0.6374	 0.9844	 0.0006
 0.6377	 0.9854	 0.0009
 0.6380	 0.9874	 0.0010
 0.6383	 0.9845	 0.0008
 0.6386	 0.9844	 0.0007
 0.6389	 0.9818	 0.0004
 0.6392	 0.9825	 0.0004
 0.6395	 0.9803	 0.0006
 0.6398	 0.9819	 0.0004
 0.6401	 0.9816	 0.0006
 0.6404	 0.9819	 0.0006
 0.6407	 0.9839	 0.0007
 0.6410	 0.9827	 0.0007
 0.6413	 0.9846	 0.0005
 0.6416	 0.9855	 0.0006
 0.6419	 0.9866	 0.0013
 0.6422	 0.9833	 0.0020
 0.6425	 0.9852	 0.0020
 0.6428	 0.9869	 0.0018
 0.6431	 0.9797	 0.0019
 0.6434	 0.9759	 0.0021
 0.6437	 0.9806	 0.0012
 0.6440	 0.9832	 0.0007
 0.6443	 0.9872	 0.0003
 0.6446	 0.9866	 0.0002
 0.6449	 0.9856	 0.0001
 0.6452	 0.9858	 0.0001
 0.6456	 0.9862	 0.0007
 0.6459	 0.9856	 0.0007
 0.6462	 0.9854	 0.0007
 0.6465	 0.9861	 0.0008
 0.6468	 0.9824	 0.0006
 0.6471	 0.9850	 0.0006
 0.6474	 0.9828	 0.0002
 0.6477	 0.9816	 0.0006
 0.6480	 0.9822	 0.0006
 0.6483	 0.9828	 0.0007
 0.6486	 0.9825	 0.0009
 0.6489	 0.9795	 0.0010
 0.6492	 0.9810	 0.0008
 0.6495	 0.9829	 0.0004
 0.6498	 0.9847	 0.0002
 0.6501	 0.9845	 0.0003
 0.6504	 0.9853	 0.0004
 0.6507	 0.9840	 0.0003
 0.6510	 0.9845	 0.0004
 0.6513	 0.9837	 0.0003
 0.6516	 0.9829	 0.0017
 0.6519	 0.9842	 0.0017
 0.6522	 0.9851	 0.0017
 0.6525	 0.9837	 0.0015
 0.6528	 0.9755	 0.0015
 0.6531	 0.9828	 0.0015
 0.6534	 0.9826	 0.0017
 0.6537	 0.9826	 0.0015
 0.6540	 0.9783	 0.0014
 0.6543	 0.9752	 0.0017
 0.6546	 0.9749	 0.0016
 0.6549	 0.9756	 0.0019
 0.6552	 0.9822	 0.0014
 0.6555	 0.9821	 0.0014
 0.6558	 0.9776	 0.0014
 0.6561	 0.9865	 0.0009
 0.6565	 0.9822	 0.0001
 0.6568	 0.9821	 0.0013
 0.6571	 0.9818	 0.0013
 0.6574	 0.9816	 0.0013
 0.6577	 0.9818	 0.0011
 0.6580	 0.9885	 0.0011
 0.6583	 0.9847	 0.0005
 0.6586	 0.9841	 0.0004
 0.6589	 0.9833	 0.0005
 0.6592	 0.9818	 0.0005
 0.6595	 0.9832	 0.0005
 0.6598	 0.9826	 0.0005
 0.6601	 0.9806	 0.0005
 0.6604	 0.9835	 0.0004
 0.6607	 0.9822	 0.0006
 0.6610	 0.9824	 0.0005
 0.6613	 0.9831	 0.0008
 0.6616	 0.9811	 0.0006
 0.6619	 0.9800	 0.0006
 0.6622	 0.9816	 0.0006
 0.6625	 0.9787	 0.0004
 0.6628	 0.9785	 0.0004
 0.6631	 0.9798	 0.0006
 0.6634	 0.9781	 0.0006
 0.6637	 0.9801	 0.0004
 0.6640	 0.9800	 0.0005
 0.6643	 0.9821	 0.0006
 0.6646	 0.9796	 0.0003
 0.6649	 0.9805	 0.0004
 0.6652	 0.9788	 0.0003
 0.6655	 0.9792	 0.0005
 0.6658	 0.9804	 0.0004
 0.6661	 0.9790	 0.0004
 0.6664	 0.9802	 0.0004
 0.6667	 0.9815	 0.0004
 0.6670	 0.9804	 0.0003
 0.6673	 0.9793	 0.0003
 0.6677	 0.9807	 0.0004
 0.6680	 0.9808	 0.0005
 0.6683	 0.9796	 0.0005
 0.6686	 0.9811	 0.0005
 0.6689	 0.9791	 0.0005
 0.6692	 0.9787	 0.0005
 0.6695	 0.9783	 0.0005
 0.6698	 0.9785	 0.0006
 0.6701	 0.9809	 0.0006
 0.6704	 0.9777	 0.0006
 0.6707	 0.9791	 0.0004
 0.6710	 0.9801	 0.0007
 0.6713	 0.9788	 0.0007
 0.6716	 0.9809	 0.0006
 0.6719	 0.9795	 0.0008
 0.6722	 0.9828	 0.0008
 0.6725	 0.9799	 0.0003
 0.6728	 0.9793	 0.0005
 0.6731	 0.9781	 0.0006
 0.6734	 0.9797	 0.0003
 0.6737	 0.9797	 0.0004
 0.6740	 0.9810	 0.0004
 0.6743	 0.9813	 0.0004
 0.6746	 0.9803	 0.0005
 0.6749	 0.9823	 0.0008
 0.6752	 0.9825	 0.0007
 0.6755	 0.9818	 0.0006
 0.6758	 0.9803	 0.0006
 0.6761	 0.9783	 0.0008
 0.6764	 0.9811	 0.0008
 0.6767	 0.9798	 0.0008
 0.6770	 0.9819	 0.0008
 0.6773	 0.9777	 0.0007
 0.6776	 0.9822	 0.0006
 0.6779	 0.9801	 0.0004
 0.6782	 0.9808	 0.0006
 0.6786	 0.9795	 0.0006
 0.6789	 0.9787	 0.0006
 0.6792	 0.9807	 0.0006
 0.6795	 0.9821	 0.0006
 0.6798	 0.9791	 0.0002
 0.6801	 0.9789	 0.0003
 0.6804	 0.9798	 0.0004
 0.6807	 0.9788	 0.0004
 0.6810	 0.9793	 0.0006
 0.6813	 0.9802	 0.0007
 0.6816	 0.9779	 0.0004
 0.6819	 0.9782	 0.0004
 0.6822	 0.9771	 0.0004
 0.6825	 0.9760	 0.0005
 0.6828	 0.9781	 0.0005
 0.6831	 0.9765	 0.0005
 0.6834	 0.9777	 0.0005
 0.6837	 0.9755	 0.0005
 0.6840	 0.9772	 0.0003
 0.6843	 0.9784	 0.0005
 0.6846	 0.9785	 0.0006
 0.6849	 0.9773	 0.0006
 0.6852	 0.9767	 0.0006
 0.6855	 0.9762	 0.0005
 0.6858	 0.9750	 0.0013
 0.6861	 0.9738	 0.0016
 0.6864	 0.9735	 0.0014
 0.6867	 0.9751	 0.0011
 0.6870	 0.9806	 0.0007
 0.6873	 0.9806	 0.0009
 0.6876	 0.9772	 0.0008
 0.6879	 0.9805	 0.0007
 0.6882	 0.9792	 0.0007
 0.6885	 0.9764	 0.0006
 0.6888	 0.9794	 0.0005
 0.6891	 0.9774	 0.0006
 0.6894	 0.9797	 0.0006
 0.6898	 0.9786	 0.0004
 0.6901	 0.9769	 0.0003
 0.6904	 0.9765	 0.0003
 0.6907	 0.9775	 0.0003
 0.6910	 0.9775	 0.0003
 0.6913	 0.9758	 0.0003
 0.6916	 0.9771	 0.0006
 0.6919	 0.9773	 0.0006
 0.6922	 0.9778	 0.0007
 0.6925	 0.9767	 0.0008
 0.6928	 0.9799	 0.0008
 0.6931	 0.9790	 0.0006
 0.6934	 0.9764	 0.0006
 0.6937	 0.9760	 0.0007
 0.6940	 0.9766	 0.0007
 0.6943	 0.9760	 0.0007
 0.6946	 0.9795	 0.0008
 0.6949	 0.9762	 0.0005
 0.6952	 0.9756	 0.0005
 0.6955	 0.9779	 0.0005
 0.6958	 0.9757	 0.0005
 0.6961	 0.9776	 0.0006
 0.6964	 0.9755	 0.0007
 0.6967	 0.9757	 0.0007
 0.6970	 0.9742	 0.0008
 0.6973	 0.9764	 0.0006
 0.6976	 0.9785	 0.0006
 0.6979	 0.9757	 0.0006
 0.6982	 0.9777	 0.0008
 0.6985	 0.9786	 0.0009
 0.6988	 0.9761	 0.0008
 0.6991	 0.9783	 0.0008
 0.6994	 0.9745	 0.0004
 0.6997	 0.9742	 0.0004
 0.7000	 0.9744	 0.0006
 0.7003	 0.9765	 0.0005
 0.7007	 0.9746	 0.0005
 0.7010	 0.9753	 0.0005
 0.7013	 0.9773	 0.0005
 0.7016	 0.9758	 0.0004
 0.7019	 0.9750	 0.0004
 0.7022	 0.9776	 0.0004
 0.7025	 0.9761	 0.0007
 0.7028	 0.9761	 0.0007
 0.7031	 0.9768	 0.0006
 0.7034	 0.9756	 0.0006
 0.7037	 0.9794	 0.0004
 0.7040	 0.9776	 0.0001
 0.7043	 0.9771	 0.0001
 0.7046	 0.9779	 0.0003
 0.7049	 0.9776	 0.0003
 0.7052	 0.9774	 0.0004
 0.7055	 0.9772	 0.0004
 0.7058	 0.9791	 0.0004
 0.7061	 0.9780	 0.0003
 0.7064	 0.9770	 0.0002
 0.7067	 0.9775	 0.0002
 0.7070	 0.9769	 0.0002
 0.7073	 0.9765	 0.0002
 0.7076	 0.9769	 0.0001
 0.7079	 0.9775	 0.0001
 0.7082	 0.9770	 0.0002
 0.7085	 0.9772	 0.0002
 0.7088	 0.9770	 0.0003
 0.7091	 0.9775	 0.0003
 0.7094	 0.9764	 0.0004
 0.7097	 0.9765	 0.0004
 0.7100	 0.9757	 0.0005
 0.7103	 0.9765	 0.0006
 0.7106	 0.9780	 0.0006
 0.7109	 0.9776	 0.0006
 0.7112	 0.9783	 0.0006
 0.7115	 0.9752	 0.0002
 0.7119	 0.9758	 0.0003
 0.7122	 0.9753	 0.0003
 0.7125	 0.9759	 0.0006
 0.7128	 0.9764	 0.0007
 0.7131	 0.9767	 0.0007
 0.7134	 0.9771	 0.0006
 0.7137	 0.9736	 0.0005
 0.7140	 0.9747	 0.0005
 0.7143	 0.9764	 0.0005
 0.7146	 0.9746	 0.0005
 0.7149	 0.9759	 0.0008
 0.7152	 0.9773	 0.0008
 0.7155	 0.9747	 0.0008
 0.7158	 0.9760	 0.0008
 0.7161	 0.9727	 0.0008
 0.7164	 0.9741	 0.0006
 0.7167	 0.9770	 0.0004
 0.7170	 0.9750	 0.0004
 0.7173	 0.9768	 0.0005
 0.7176	 0.9750	 0.0009
 0.7179	 0.9757	 0.0013
 0.7182	 0.9768	 0.0013
 0.7185	 0.9743	 0.0013
 0.7188	 0.9795	 0.0008
 0.7191	 0.9813	 0.0008
 0.7194	 0.9806	 0.0006
 0.7197	 0.9769	 0.0004
 0.7200	 0.9786	 0.0003
 0.7203	 0.9797	 0.0006
 0.7206	 0.9783	 0.0006
 0.7209	 0.9783	 0.0006
 0.7212	 0.9779	 0.0006
 0.7215	 0.9761	 0.0008
 0.7218	 0.9796	 0.0005
 0.7221	 0.9790	 0.0007
 0.7224	 0.9774	 0.0007
 0.7228	 0.9803	 0.0005
 0.7231	 0.9801	 0.0005
 0.7234	 0.9817	 0.0005
 0.7237	 0.9790	 0.0004
 0.7240	 0.9791	 0.0005
 0.7243	 0.9789	 0.0005
 0.7246	 0.9794	 0.0004
 0.7249	 0.9771	 0.0003
 0.7252	 0.9772	 0.0003
 0.7255	 0.9778	 0.0002
 0.7258	 0.9784	 0.0005
 0.7261	 0.9786	 0.0005
 0.7264	 0.9783	 0.0005
 0.7267	 0.9788	 0.0004
 0.7270	 0.9761	 0.0006
 0.7273	 0.9777	 0.0008
 0.7276	 0.9773	 0.0008
 0.7279	 0.9775	 0.0010
 0.7282	 0.9745	 0.0010
 0.7285	 0.9792	 0.0006
 0.7288	 0.9784	 0.0006
 0.7291	 0.9806	 0.0005
 0.7294	 0.9783	 0.0006
 0.7297	 0.9810	 0.0005
 0.7300	 0.9805	 0.0005
 0.7303	 0.9799	 0.0004
 0.7306	 0.9782	 0.0004
 0.7309	 0.9808	 0.0004
 0.7312	 0.9796	 0.0003
 0.7315	 0.9792	 0.0006
 0.7318	 0.9788	 0.0007
 0.7321	 0.9805	 0.0005
 0.7324	 0.9799	 0.0006
 0.7327	 0.9820	 0.0007
 0.7330	 0.9826	 0.0007
 0.7333	 0.9804	 0.0006
 0.7337	 0.9827	 0.0008
 0.7340	 0.9791	 0.0004
 0.7343	 0.9803	 0.0004
 0.7346	 0.9797	 0.0005
 0.7349	 0.9778	 0.0005
 0.7352	 0.9791	 0.0006
 0.7355	 0.9800	 0.0006
 0.7358	 0.9772	 0.0006
 0.7361	 0.9786	 0.0005
 0.7364	 0.9806	 0.0007
 0.7367	 0.9793	 0.0008
 0.7370	 0.9784	 0.0007
 0.7373	 0.9780	 0.0005
 0.7376	 0.9763	 0.0007
 0.7379	 0.9749	 0.0009
 0.7382	 0.9757	 0.0008
 0.7385	 0.9771	 0.0007
 0.7388	 0.9790	 0.0007
 0.7391	 0.9794	 0.0007
 0.7394	 0.9754	 0.0005
 0.7397	 0.9782	 0.0005
 0.7400	 0.9769	 0.0006
 0.7403	 0.9764	 0.0007
 0.7406	 0.9751	 0.0010
 0.7409	 0.9771	 0.0006
 0.7412	 0.9789	 0.0009
 0.7415	 0.9786	 0.0008
 0.7418	 0.9809	 0.0007
 0.7421	 0.9794	 0.0008
 0.7424	 0.9833	 0.0009
 0.7427	 0.9798	 0.0004
 0.7430	 0.9795	 0.0004
 0.7433	 0.9783	 0.0004
 0.7436	 0.9782	 0.0004
 0.7439	 0.9779	 0.0005
 0.7442	 0.9773	 0.0005
 0.7445	 0.9799	 0.0006
 0.7449	 0.9781	 0.0005
 0.7452	 0.9793	 0.0005
 0.7455	 0.9799	 0.0006
 0.7458	 0.9769	 0.0006
 0.7461	 0.9793	 0.0005
 0.7464	 0.9791	 0.0005
 0.7467	 0.9806	 0.0005
 0.7470	 0.9779	 0.0005
 0.7473	 0.9802	 0.0009
 0.7476	 0.9802	 0.0009
 0.7479	 0.9809	 0.0009
 0.7482	 0.9802	 0.0008
 0.7485	 0.9761	 0.0008
 0.7488	 0.9779	 0.0006
 0.7491	 0.9773	 0.0008
 0.7494	 0.9803	 0.0007
 0.7497	 0.9802	 0.0006
 0.7500	 0.9785	 0.0010
 0.7503	 0.9764	 0.0010
 0.7506	 0.9780	 0.0008
 0.7509	 0.9786	 0.0007
 0.7512	 0.9826	 0.0006
 0.7515	 0.9793	 0.0005
 0.7518	 0.9804	 0.0006
 0.7521	 0.9810	 0.0004
 0.7524	 0.9823	 0.0006
 0.7527	 0.9820	 0.0006
 0.7530	 0.9836	 0.0008
 0.7533	 0.9817	 0.0008
 0.7536	 0.9850	 0.0007
 0.7539	 0.9834	 0.0006
 0.7542	 0.9806	 0.0007
 0.7545	 0.9835	 0.0010
 0.7548	 0.9838	 0.0012
 0.7551	 0.9819	 0.0012
 0.7554	 0.9803	 0.0014
 0.7558	 0.9865	 0.0011
 0.7561	 0.9857	 0.0010
 0.7564	 0.9846	 0.0011
 0.7567	 0.9801	 0.0012
 0.7570	 0.9847	 0.0021
 0.7573	 0.9826	 0.0023
 0.7576	 0.9796	 0.0028
 0.7579	 0.9776	 0.0027
 0.7582	 0.9728	 0.0018
 0.7585	 0.9699	 0.0033
 0.7588	 0.9639	 0.0062
 0.7591	 0.9631	 0.0059
 0.7594	 0.9662	 0.0047
 0.7597	 0.9810	 0.0023
 0.7600	 0.9948	 0.0032
 0.7603	 0.9850	 0.0033
 0.7606	 0.9857	 0.0046
 0.7609	 0.9857	 0.0048
 0.7612	 1.0012	 0.0049
 0.7615	 0.9832	 0.0039
 0.7618	 0.9721	 0.0046
 0.7621	 0.9796	 0.0033
 0.7624	 0.9894	 0.0020
 0.7627	 0.9944	 0.0012
 0.7630	 0.9960	 0.0011
 0.7633	 0.9977	 0.0015
 0.7636	 1.0015	 0.0017
 0.7639	 0.9991	 0.0014
 0.7642	 0.9956	 0.0007
 0.7645	 0.9926	 0.0003
 0.7648	 0.9931	 0.0009
 0.7651	 0.9915	 0.0015
 0.7654	 0.9929	 0.0013
 0.7657	 0.9936	 0.0010
 0.7660	 0.9971	 0.0011
 0.7663	 0.9998	 0.0013
 0.7666	 0.9974	 0.0012
 0.7670	 0.9967	 0.0013
 0.7673	 0.9932	 0.0008
 0.7676	 0.9929	 0.0008
 0.7679	 0.9914	 0.0007
 0.7682	 0.9886	 0.0008
 0.7685	 0.9925	 0.0006
 0.7688	 0.9899	 0.0007
 0.7691	 0.9906	 0.0006
 0.7694	 0.9930	 0.0011
 0.7697	 0.9927	 0.0011
 0.7700	 0.9938	 0.0010
 0.7703	 0.9908	 0.0009
 0.7706	 0.9874	 0.0009
 0.7709	 0.9912	 0.0006
 0.7712	 0.9898	 0.0007
 0.7715	 0.9932	 0.0006
 0.7718	 0.9902	 0.0008
 0.7721	 0.9916	 0.0010
 0.7724	 0.9935	 0.0012
 0.7727	 0.9911	 0.0009
 0.7730	 0.9889	 0.0007
 0.7733	 0.9875	 0.0008
 0.7736	 0.9870	 0.0010
 0.7739	 0.9860	 0.0010
 0.7742	 0.9898	 0.0004
 0.7745	 0.9898	 0.0004
 0.7748	 0.9914	 0.0004
 0.7751	 0.9920	 0.0006
 0.7754	 0.9906	 0.0005
 0.7757	 0.9898	 0.0004
 0.7760	 0.9900	 0.0007
 0.7763	 0.9881	 0.0007
 0.7766	 0.9878	 0.0006
 0.7769	 0.9890	 0.0004
 0.7772	 0.9914	 0.0003
 0.7775	 0.9908	 0.0005
 0.7779	 0.9895	 0.0009
 0.7782	 0.9908	 0.0010
 0.7785	 0.9905	 0.0010
 0.7788	 0.9885	 0.0010
 0.7791	 0.9858	 0.0011
 0.7794	 0.9867	 0.0011
 0.7797	 0.9853	 0.0010
 0.7800	 0.9908	 0.0004
 0.7803	 0.9891	 0.0003
 0.7806	 0.9905	 0.0005
 0.7809	 0.9891	 0.0004
 0.7812	 0.9898	 0.0006
 0.7815	 0.9894	 0.0005
 0.7818	 0.9876	 0.0006
 0.7821	 0.9898	 0.0006
 0.7824	 0.9872	 0.0008
 0.7827	 0.9884	 0.0006
 0.7830	 0.9905	 0.0003
 0.7833	 0.9902	 0.0003
 0.7836	 0.9919	 0.0003
 0.7839	 0.9914	 0.0004
 0.7842	 0.9916	 0.0004
 0.7845	 0.9917	 0.0007
 0.7848	 0.9900	 0.0005
 0.7851	 0.9902	 0.0008
 0.7854	 0.9896	 0.0008
 0.7857	 0.9874	 0.0008
 0.7860	 0.9896	 0.0008
 0.7863	 0.9924	 0.0008
 0.7866	 0.9889	 0.0002
 0.7869	 0.9888	 0.0008
 0.7872	 0.9877	 0.0009
 0.7875	 0.9891	 0.0007
 0.7878	 0.9886	 0.0007
 0.7881	 0.9925	 0.0006
 0.7884	 0.9911	 0.0006
 0.7887	 0.9894	 0.0007
 0.7891	 0.9915	 0.0008
 0.7894	 0.9926	 0.0008
 0.7897	 0.9901	 0.0005
 0.7900	 0.9890	 0.0006
 0.7903	 0.9882	 0.0008
 0.7906	 0.9912	 0.0007
 0.7909	 0.9904	 0.0009
 0.7912	 0.9880	 0.0009
 0.7915	 0.9922	 0.0008
 0.7918	 0.9897	 0.0008
 0.7921	 0.9930	 0.0008
 0.7924	 0.9910	 0.0004
 0.7927	 0.9890	 0.0009
 0.7930	 0.9886	 0.0012
 0.7933	 0.9889	 0.0011
 0.7936	 0.9892	 0.0009
 0.7939	 0.9935	 0.0005
 0.7942	 0.9939	 0.0005
 0.7945	 0.9931	 0.0005
 0.7948	 0.9944	 0.0006
 0.7951	 0.9912	 0.0006
 0.7954	 0.9931	 0.0007
 0.7957	 0.9939	 0.0009
 0.7960	 0.9947	 0.0009
 0.7963	 0.9927	 0.0005
 0.7966	 0.9904	 0.0003
 0.7969	 0.9903	 0.0003
 0.7972	 0.9906	 0.0008
 0.7975	 0.9906	 0.0009
 0.7978	 0.9890	 0.0009
 0.7981	 0.9895	 0.0008
 0.7984	 0.9938	 0.0008
 0.7987	 0.9896	 0.0007
 0.7990	 0.9896	 0.0008
 0.7993	 0.9913	 0.0005
 0.7996	 0.9924	 0.0005
 0.8000	 0.9930	 0.0006
 0.8003	 0.9946	 0.0006
 0.8006	 0.9925	 0.0003
 0.8009	 0.9912	 0.0005
 0.8012	 0.9921	 0.0008
 0.8015	 0.9908	 0.0009
 0.8018	 0.9924	 0.0007
 0.8021	 0.9936	 0.0007
 0.8024	 0.9957	 0.0007
 0.8027	 0.9951	 0.0006
 0.8030	 0.9925	 0.0005
 0.8033	 0.9925	 0.0007
 0.8036	 0.9939	 0.0010
 0.8039	 0.9914	 0.0013
 0.8042	 0.9941	 0.0011
 0.8045	 0.9906	 0.0012
 0.8048	 0.9963	 0.0009
 0.8051	 0.9973	 0.0010
 0.8054	 0.9940	 0.0008
 0.8057	 0.9952	 0.0008
 0.8060	 0.9919	 0.0005
 0.8063	 0.9924	 0.0006
 0.8066	 0.9906	 0.0006
 0.8069	 0.9935	 0.0005
 0.8072	 0.9930	 0.0005
 0.8075	 0.9906	 0.0004
 0.8078	 0.9917	 0.0004
 0.8081	 0.9914	 0.0009
 0.8084	 0.9901	 0.0014
 0.8087	 0.9925	 0.0011
 0.8090	 0.9919	 0.0010
 0.8093	 0.9953	 0.0010
 0.8096	 0.9980	 0.0010
 0.8099	 0.9954	 0.0005
 0.8102	 0.9938	 0.0004
 0.8105	 0.9921	 0.0004
 0.8108	 0.9942	 0.0005
 0.8112	 0.9943	 0.0005
 0.8115	 0.9933	 0.0005
 0.8118	 0.9936	 0.0006
 0.8121	 0.9915	 0.0007
 0.8124	 0.9936	 0.0007
 0.8127	 0.9949	 0.0007
 0.8130	 0.9917	 0.0006
 0.8133	 0.9914	 0.0006
 0.8136	 0.9938	 0.0004
 0.8139	 0.9945	 0.0004
 0.8142	 0.9931	 0.0005
 0.8145	 0.9948	 0.0004
 0.8148	 0.9932	 0.0007
 0.8151	 0.9947	 0.0006
 0.8154	 0.9955	 0.0006
 0.8157	 0.9944	 0.0008
 0.8160	 0.9975	 0.0012
 0.8163	 0.9969	 0.0014
 0.8166	 0.9948	 0.0010
 0.8169	 0.9932	 0.0008
 0.8172	 0.9912	 0.0008
 0.8175	 0.9889	 0.0009
 0.8178	 0.9924	 0.0009
 0.8181	 0.9903	 0.0009
 0.8184	 0.9880	 0.0013
 0.8187	 0.9920	 0.0009
 0.8190	 0.9926	 0.0008
 0.8193	 0.9928	 0.0012
 0.8196	 0.9959	 0.0012
 0.8199	 0.9961	 0.0011
 0.8202	 0.9934	 0.0007
 0.8205	 0.9898	 0.0006
 0.8208	 0.9925	 0.0006
 0.8211	 0.9904	 0.0019
 0.8214	 0.9922	 0.0019
 0.8217	 0.9927	 0.0019
 0.8221	 0.9943	 0.0013
 0.8224	 1.0012	 0.0009
 0.8227	 0.9997	 0.0010
 0.8230	 1.0017	 0.0013
 0.8233	 0.9978	 0.0007
 0.8236	 0.9970	 0.0006
 0.8239	 0.9958	 0.0009
 0.8242	 0.9938	 0.0009
 0.8245	 0.9974	 0.0005
 0.8248	 0.9962	 0.0007
 0.8251	 0.9991	 0.0008
 0.8254	 0.9967	 0.0005
 0.8257	 0.9966	 0.0006
 0.8260	 0.9949	 0.0008
 0.8263	 0.9947	 0.0010
 0.8266	 0.9973	 0.0009
 0.8269	 0.9944	 0.0009
 0.8272	 0.9987	 0.0007
 0.8275	 0.9995	 0.0007
 0.8278	 0.9963	 0.0004
 0.8281	 0.9973	 0.0007
 0.8284	 0.9957	 0.0007
 0.8287	 0.9978	 0.0007
 0.8290	 0.9977	 0.0007
 0.8293	 0.9943	 0.0007
 0.8296	 0.9971	 0.0006
 0.8299	 0.9981	 0.0008
 0.8302	 0.9979	 0.0007
 0.8305	 0.9982	 0.0008
 0.8308	 0.9952	 0.0007
 0.8311	 0.9947	 0.0010
 0.8314	 0.9959	 0.0012
 0.8317	 0.9936	 0.0012
 0.8320	 0.9976	 0.0018
 0.8323	 0.9914	 0.0019
 0.8326	 0.9976	 0.0012
 0.8330	 0.9969	 0.0010
 0.8333	 1.0028	 0.0005
 0.8336	 1.0004	 0.0005
 0.8339	 1.0019	 0.0006
 0.8342	 1.0020	 0.0010
 0.8345	 1.0006	 0.0008
 0.8348	 0.9995	 0.0007
 0.8351	 0.9995	 0.0007
 0.8354	 0.9961	 0.0007
 0.8357	 0.9974	 0.0009
 0.8360	 0.9996	 0.0009
 0.8363	 0.9994	 0.0008
 0.8366	 0.9968	 0.0007
 0.8369	 0.9945	 0.0008
 0.8372	 0.9967	 0.0005
 0.8375	 0.9967	 0.0005
 0.8378	 0.9989	 0.0004
 0.8381	 0.9987	 0.0005
 0.8384	 0.9967	 0.0009
 0.8387	 0.9985	 0.0008
 0.8390	 0.9977	 0.0009
 0.8393	 0.9998	 0.0009
 0.8396	 1.0017	 0.0010
 0.8399	 1.0010	 0.0007
 0.8402	 0.9968	 0.0004
 0.8405	 0.9978	 0.0006
 0.8408	 0.9983	 0.0006
 0.8411	 0.9976	 0.0004
 0.8414	 0.9962	 0.0002
 0.8417	 0.9949	 0.0003
 0.8420	 0.9959	 0.0005
 0.8423	 0.9961	 0.0009
 0.8426	 0.9959	 0.0015
 0.8429	 0.9948	 0.0017
 0.8432	 0.9976	 0.0013
 0.8435	 0.9998	 0.0011
 0.8438	 1.0031	 0.0010
 0.8442	 1.0041	 0.0013
 0.8445	 0.9985	 0.0009
 0.8448	 1.0001	 0.0012
 0.8451	 1.0005	 0.0010
 0.8454	 0.9959	 0.0008
 0.8457	 0.9963	 0.0007
 0.8460	 0.9947	 0.0008
 0.8463	 0.9972	 0.0010
 0.8466	 0.9992	 0.0012
 0.8469	 0.9974	 0.0013
 0.8472	 0.9956	 0.0012
 0.8475	 0.9932	 0.0015
 0.8478	 0.9927	 0.0015
 0.8481	 0.9897	 0.0018
 0.8484	 0.9892	 0.0018
 0.8487	 0.9975	 0.0014
 0.8490	 0.9901	 0.0020
 0.8493	 0.9961	 0.0011
 0.8496	 0.9975	 0.0009
 0.8499	 0.9975	 0.0009
 0.8502	 1.0025	 0.0010
 0.8505	 0.9991	 0.0012
 0.8508	 0.9994	 0.0019
 0.8511	 0.9977	 0.0017
 0.8514	 0.9965	 0.0017
 0.8517	 0.9930	 0.0017
 0.8520	 0.9889	 0.0017
 0.8523	 0.9975	 0.0013
 0.8526	 0.9975	 0.0013
 0.8529	 0.9975	 0.0013
 0.8532	 0.9975	 0.0013
 0.8535	 0.9912	 0.0013
 0.8538	 0.9975	 0.0000
 0.8541	 0.9975	 0.0017
 0.8544	 0.9975	 0.0017
 0.8547	 0.9975	 0.0016
 0.8551	 0.9975	 0.0014
 0.8554	 1.0058	 0.0014
 0.8557	 1.0021	 0.0009
 0.8560	 1.0011	 0.0006
 0.8563	 0.9987	 0.0003
 0.8566	 0.9979	 0.0003
 0.8569	 0.9975	 0.0003
 0.8572	 0.9985	 0.0007
 0.8575	 0.9971	 0.0007
 0.8578	 0.9971	 0.0007
 0.8581	 0.9978	 0.0007
 0.8584	 1.0008	 0.0008
 0.8587	 0.9975	 0.0007
 0.8590	 0.9976	 0.0007
 0.8593	 0.9972	 0.0009
 0.8596	 1.0007	 0.0011
 0.8599	 0.9970	 0.0009
 0.8602	 0.9971	 0.0011
 0.8605	 0.9950	 0.0010
 0.8608	 1.0004	 0.0004
 0.8611	 0.9989	 0.0004
 0.8614	 1.0009	 0.0006
 0.8617	 0.9993	 0.0007
 0.8620	 0.9987	 0.0006
 0.8623	 0.9998	 0.0011
 0.8626	 1.0022	 0.0017
 0.8629	 1.0014	 0.0014
 0.8632	 1.0002	 0.0011
 0.8635	 0.9959	 0.0007
 0.8638	 0.9937	 0.0008
 0.8641	 0.9975	 0.0000
 0.8644	 0.9975	 0.0011
 0.8647	 0.9975	 0.0011
 0.8650	 0.9975	 0.0011
 0.8653	 0.9975	 0.0011
 0.8656	 1.0030	 0.0015
 0.8659	 0.9975	 0.0015
 0.8663	 0.9975	 0.0014
 0.8666	 0.9974	 0.0015
 0.8669	 1.0044	 0.0016
 0.8672	 1.0027	 0.0014
 0.8675	 1.0015	 0.0010
 0.8678	 0.9971	 0.0004
 0.8681	 0.9959	 0.0005
 0.8684	 0.9961	 0.0005
 0.8687	 0.9980	 0.0007
 0.8690	 0.9965	 0.0007
 0.8693	 0.9985	 0.0009
 0.8696	 0.9970	 0.0006
 0.8699	 0.9947	 0.0006
 0.8702	 0.9950	 0.0008
 0.8705	 0.9931	 0.0008
 0.8708	 0.9947	 0.0006
 0.8711	 0.9968	 0.0009
 0.8714	 0.9974	 0.0009
 0.8717	 0.9942	 0.0005
 0.8720	 0.9949	 0.0008
 0.8723	 0.9926	 0.0010
 0.8726	 0.9926	 0.0013
 0.8729	 0.9939	 0.0010
 0.8732	 0.9970	 0.0008
 0.8735	 0.9974	 0.0008
 0.8738	 0.9998	 0.0006
 0.8741	 0.9983	 0.0007
 0.8744	 1.0015	 0.0008
 0.8747	 1.0016	 0.0008
 0.8750	 0.9998	 0.0008
 0.8753	 0.9982	 0.0007
 0.8756	 0.9981	 0.0006
 0.8759	 0.9973	 0.0012
 0.8762	 0.9952	 0.0018
 0.8765	 0.9954	 0.0018
 0.8768	 0.9967	 0.0020
 0.8772	 0.9903	 0.0020
 0.8775	 1.0016	 0.0020
 0.8778	 0.9957	 0.0010
 0.8781	 0.9920	 0.0008
 0.8784	 0.9941	 0.0010
 0.8787	 0.9899	 0.0008
 0.8790	 0.9923	 0.0015
 0.8793	 0.9900	 0.0022
 0.8796	 0.9884	 0.0022
 0.8799	 0.9927	 0.0013
 0.8802	 0.9976	 0.0011
 0.8805	 1.0000	 0.0012
 0.8808	 0.9990	 0.0012
 0.8811	 0.9963	 0.0011
 0.8814	 0.9934	 0.0011
 0.8817	 0.9954	 0.0008
 0.8820	 1.0002	 0.0007
 0.8823	 0.9973	 0.0005
 0.8826	 0.9967	 0.0006
 0.8829	 0.9962	 0.0007
 0.8832	 0.9982	 0.0007
 0.8835	 0.9987	 0.0009
 0.8838	 0.9996	 0.0009
 0.8841	 0.9960	 0.0004
 0.8844	 0.9967	 0.0007
 0.8847	 0.9948	 0.0013
 0.8850	 0.9942	 0.0017
 0.8853	 0.9953	 0.0015
 0.8856	 0.9981	 0.0009
 0.8859	 1.0013	 0.0006
 0.8862	 1.0032	 0.0007
 0.8865	 1.0029	 0.0006
 0.8868	 1.0017	 0.0009
 0.8871	 0.9995	 0.0012
 0.8874	 1.0005	 0.0013
 0.8877	 1.0010	 0.0014
 0.8880	 0.9963	 0.0010
 0.8884	 0.9950	 0.0010
 0.8887	 0.9955	 0.0010
 0.8890	 0.9925	 0.0010
 0.8893	 0.9984	 0.0007
 0.8896	 0.9969	 0.0006
 0.8899	 0.9958	 0.0009
 0.8902	 0.9942	 0.0009
 0.8905	 0.9958	 0.0008
 0.8908	 0.9979	 0.0008
 0.8911	 0.9927	 0.0008
 0.8914	 0.9950	 0.0005
 0.8917	 0.9961	 0.0003
 0.8920	 0.9959	 0.0007
 0.8923	 0.9977	 0.0011
 0.8926	 0.9968	 0.0010
 0.8929	 0.9963	 0.0009
 0.8932	 0.9938	 0.0004
 0.8935	 0.9914	 0.0004
 0.8938	 0.9929	 0.0011
 0.8941	 0.9919	 0.0010
 0.8944	 0.9933	 0.0014
 0.8947	 0.9931	 0.0017
 0.8950	 0.9876	 0.0017
 0.8953	 0.9908	 0.0012
 0.8956	 0.9961	 0.0013
 0.8959	 0.9964	 0.0011
 0.8962	 0.9936	 0.0007
 0.8965	 0.9911	 0.0006
 0.8968	 0.9899	 0.0011
 0.8971	 0.9927	 0.0011
 0.8974	 0.9904	 0.0012
 0.8977	 0.9932	 0.0011
 0.8980	 0.9961	 0.0014
 0.8983	 0.9960	 0.0012
 0.8986	 0.9964	 0.0012
 0.8989	 0.9910	 0.0012
 0.8993	 0.9904	 0.0012
 0.8996	 0.9931	 0.0012
 0.8999	 0.9897	 0.0012
 0.9002	 0.9938	 0.0012
 	 	 
 0.7800	 0.9815	 0.0010
 0.7850	 0.9821	 0.0009
 0.7900	 0.9839	 0.0009
 0.7950	 0.9827	 0.0009
 0.8000	 0.9824	 0.0009
 0.8050	 0.9976	 0.0009
 0.8100	 0.9867	 0.0009
 0.8150	 0.9840	 0.0009
 0.8200	 0.9928	 0.0009
 0.8250	 0.9922	 0.0009
 0.8300	 0.9937	 0.0009
 0.8350	 0.9980	 0.0009
 0.8400	 0.9930	 0.0008
 0.8450	 0.9936	 0.0008
 0.8500	 0.9972	 0.0008
 0.8550	 1.0041	 0.0008
 0.8600	 0.9969	 0.0008
 0.8650	 1.0014	 0.0008
 0.8700	 1.0000	 0.0008
 0.8750	 1.0007	 0.0008
 0.8800	 1.0009	 0.0008
 0.8850	 1.0036	 0.0008
 0.8900	 1.0000	 0.0008
 0.8950	 1.0039	 0.0008
 0.9000	 1.0028	 0.0008
 0.9050	 0.9989	 0.0008
 0.9100	 1.0006	 0.0008
 0.9150	 1.0027	 0.0008
 0.9200	 1.0023	 0.0008
 0.9250	 1.0001	 0.0008
 0.9300	 1.0017	 0.0008
 0.9350	 1.0078	 0.0008
 0.9400	 1.0045	 0.0008
 0.9450	 1.0063	 0.0008
 0.9500	 1.0086	 0.0008
 0.9550	 1.0095	 0.0008
 0.9600	 1.0072	 0.0007
 0.9650	 1.0127	 0.0007
 0.9700	 1.0135	 0.0007
 0.9750	 1.0126	 0.0007
 0.9800	 1.0162	 0.0007
 0.9850	 1.0159	 0.0007
 0.9900	 1.0170	 0.0007
 0.9950	 1.0200	 0.0007
 1.0000	 1.0194	 0.0007
 1.0050	 1.0218	 0.0007
 1.0100	 1.0213	 0.0007
 1.0150	 1.0207	 0.0007
 1.0200	 1.0245	 0.0007
 1.0250	 1.0260	 0.0007
 1.0300	 1.0239	 0.0007
 1.0350	 1.0260	 0.0007
 1.0400	 1.0254	 0.0007
 1.0450	 1.0252	 0.0006
 1.0500	 1.0311	 0.0007
 1.0550	 1.0285	 0.0007
 1.0600	 1.0264	 0.0006
 1.0650	 1.0284	 0.0007
 1.0700	 1.0267	 0.0007
 1.0750	 1.0296	 0.0007
 1.0800	 1.0300	 0.0006
 1.0850	 1.0293	 0.0006
 1.0900	 1.0288	 0.0006
 1.0950	 1.0291	 0.0006
 1.1000	 1.0302	 0.0006
 1.1050	 1.0302	 0.0006
 1.1100	 1.0267	 0.0007
 1.1150	 1.0281	 0.0007
 1.1200	 1.0336	 0.0007
 1.1250	 1.0291	 0.0007
 1.1300	 1.0318	 0.0007
 1.1350	 1.0294	 0.0007
 1.1400	 1.0288	 0.0007
 1.1450	 1.0246	 0.0007
 1.1500	 1.0330	 0.0007
 1.1550	 1.0329	 0.0006
 1.1600	 1.0298	 0.0006
 1.1650	 1.0323	 0.0006
 1.1700	 1.0300	 0.0006
 1.1750	 1.0326	 0.0006
 1.1800	 1.0327	 0.0006
 1.1850	 1.0335	 0.0006
 1.1900	 1.0363	 0.0006
 1.1950	 1.0325	 0.0006
 1.2000	 1.0368	 0.0006
 1.2050	 1.0361	 0.0006
 1.2100	 1.0345	 0.0006
 1.2150	 1.0374	 0.0006
 1.2200	 1.0325	 0.0006
 1.2250	 1.0414	 0.0006
 1.2300	 1.0369	 0.0006
 1.2350	 1.0392	 0.0006
 1.2400	 1.0387	 0.0006
 1.2450	 1.0385	 0.0006
 1.2500	 1.0395	 0.0006
 1.2550	 1.0335	 0.0006
 1.2600	 1.0378	 0.0006
 1.2650	 1.0392	 0.0006
 1.2700	 1.0396	 0.0006
 1.2750	 1.0369	 0.0006
 1.2800	 1.0373	 0.0006
 1.2850	 1.0450	 0.0006
 1.2900	 1.0423	 0.0006
 1.2950	 1.0473	 0.0006
 1.3000	 1.0474	 0.0006
 1.3050	 1.0445	 0.0006
 1.3100	 1.0504	 0.0006
 1.3150	 1.0486	 0.0006
 1.3200	 1.0510	 0.0006
 1.3250	 1.0467	 0.0006
 1.3300	 1.0539	 0.0007
 1.3350	 1.0630	 0.0007
 1.3400	 1.0581	 0.0007
 1.3450	 1.0608	 0.0008
 1.3500	 1.0629	 0.0009
 1.3550	 1.0750	 0.0010
 1.3600	 1.0683	 0.0012
 1.3650	 1.0811	 0.0014
 1.3700	 1.0595	 0.0013
 1.3750	 1.0145	 0.0012
 1.3800	 1.0459	 0.0012
 1.3850	 1.0665	 0.0012
 1.3900	 1.0412	 0.0011
 1.3950	 1.0389	 0.0011
 1.4000	 1.0499	 0.0011
 1.4050	 1.0581	 0.0010
 1.4100	 1.0468	 0.0010
 1.4150	 1.0521	 0.0009
 1.4200	 1.0515	 0.0009
 1.4250	 1.0489	 0.0008
 1.4300	 1.0577	 0.0008
 1.4350	 1.0548	 0.0008
 1.4400	 1.0565	 0.0008
 1.4450	 1.0529	 0.0008
 1.4500	 1.0634	 0.0008
 1.4550	 1.0628	 0.0008
 1.4600	 1.0474	 0.0007
 1.4650	 1.0641	 0.0008
 1.4700	 1.0594	 0.0008
 1.4750	 1.0606	 0.0008
 1.4800	 1.0600	 0.0007
 1.4850	 1.0596	 0.0007
 1.4900	 1.0680	 0.0007
 1.4950	 1.0564	 0.0007
 1.5000	 1.0626	 0.0007
 1.5050	 1.0651	 0.0007
 1.5100	 1.0606	 0.0007
 1.5150	 1.0625	 0.0007
 1.5200	 1.0621	 0.0007
 1.5250	 1.0640	 0.0007
 1.5300	 1.0637	 0.0007
 1.5350	 1.0585	 0.0007
 1.5400	 1.0694	 0.0007
 1.5450	 1.0600	 0.0007
 1.5500	 1.0644	 0.0007
 1.5550	 1.0675	 0.0007
 1.5600	 1.0657	 0.0007
 1.5650	 1.0661	 0.0007
 1.5700	 1.0640	 0.0007
 1.5750	 1.0694	 0.0008
 1.5800	 1.0701	 0.0008
 1.5850	 1.0649	 0.0008
 1.5900	 1.0717	 0.0008
 1.5950	 1.0684	 0.0008
 1.6000	 1.0648	 0.0008
 1.6050	 1.0706	 0.0008
 1.6100	 1.0635	 0.0008
 1.6150	 1.0686	 0.0008
 1.6200	 1.0716	 0.0008
 1.6250	 1.0657	 0.0008
 1.6300	 1.0700	 0.0008
 1.6350	 1.0669	 0.0008
 1.6400	 1.0671	 0.0008
 1.6450	 1.0732	 0.0008
 1.6500	 1.0672	 0.0008
 1.6550	 1.0679	 0.0008
 1.6600	 1.0702	 0.0008
 1.6650	 1.0650	 0.0008
 1.6700	 1.0703	 0.0008
 1.6750	 1.0696	 0.0008
 1.6800	 1.0649	 0.0008
 1.6850	 1.0705	 0.0008
 1.6900	 1.0695	 0.0008
 1.6950	 1.0651	 0.0008
 1.7000	 1.0720	 0.0008
 1.7050	 1.0688	 0.0008
 1.7100	 1.0677	 0.0008
 1.7150	 1.0735	 0.0008
 1.7200	 1.0681	 0.0008
 1.7250	 1.0688	 0.0008
 1.7300	 1.0696	 0.0009
 1.7350	 1.0674	 0.0009
 1.7400	 1.0680	 0.0009
 1.7450	 1.0740	 0.0009
 1.7500	 1.0670	 0.0009
 1.7550	 1.0690	 0.0009
 1.7600	 1.0714	 0.0009
 1.7650	 1.0697	 0.0009
 1.7700	 1.0703	 0.0009
 1.7750	 1.0714	 0.0009
 1.7800	 1.0741	 0.0009
 1.7850	 1.0763	 0.0009
 1.7900	 1.0770	 0.0010
 1.7950	 1.0726	 0.0010
 1.8000	 1.0774	 0.0011
 1.8050	 1.0818	 0.0012
 1.8100	 1.0704	 0.0012
 1.8150	 1.0744	 0.0013
 1.8200	 1.0796	 0.0014
 1.8250	 1.0736	 0.0015
 1.8300	 1.0611	 0.0017
 1.8350	 1.0884	 0.0020
 1.8400	 1.0892	 0.0022
 1.8450	 1.0568	 0.0022
 1.8500	 1.0630	 0.0021
 1.8550	 1.0925	 0.0021
 1.8600	 1.0821	 0.0021
 1.8650	 1.0621	 0.0022
 1.8700	 1.0838	 0.0024
 1.8750	 1.1120	 0.0024
 1.8800	 1.0738	 0.0019
 1.8850	 1.0668	 0.0017
 1.8900	 1.0758	 0.0017
 1.8950	 1.0559	 0.0018
 1.9000	 1.0774	 0.0020
 1.9050	 1.0871	 0.0021
 1.9100	 1.0706	 0.0020
 1.9150	 1.0956	 0.0019
 1.9200	 1.0769	 0.0017
 1.9250	 1.0798	 0.0016
 1.9300	 1.0842	 0.0015
 1.9350	 1.0751	 0.0014
 1.9400	 1.0826	 0.0014
 1.9450	 1.0758	 0.0014
 1.9500	 1.0627	 0.0014
 1.9550	 1.0798	 0.0015
 1.9600	 1.0798	 0.0014
 1.9650	 1.0778	 0.0013
 1.9700	 1.0857	 0.0013
 1.9750	 1.0885	 0.0012
 1.9800	 1.0837	 0.0012
 1.9850	 1.0898	 0.0011
 1.9900	 1.0931	 0.0012
 1.9950	 1.0677	 0.0013
 2.0000	 1.0715	 0.0015
 2.0050	 1.0776	 0.0017
 2.0100	 1.0600	 0.0017
 2.0150	 1.0887	 0.0016
 2.0200	 1.0918	 0.0014
 2.0250	 1.0906	 0.0013
 2.0300	 1.0946	 0.0012
 2.0350	 1.0933	 0.0012
 2.0400	 1.0944	 0.0012
 2.0450	 1.0883	 0.0013
 2.0500	 1.0897	 0.0013
 2.0550	 1.1016	 0.0014
 2.0600	 1.0894	 0.0014
 2.0650	 1.0964	 0.0014
 2.0700	 1.1043	 0.0014
 2.0750	 1.1029	 0.0013
 2.0800	 1.1002	 0.0013
 2.0850	 1.1060	 0.0013
 2.0900	 1.1073	 0.0013
 2.0950	 1.1120	 0.0013
 2.1000	 1.1093	 0.0013
 2.1050	 1.1124	 0.0013
 2.1100	 1.1146	 0.0013
 2.1150	 1.1178	 0.0013
 2.1200	 1.1173	 0.0013
 2.1250	 1.1186	 0.0013
 2.1300	 1.1205	 0.0013
 2.1350	 1.1249	 0.0013
 2.1400	 1.1245	 0.0013
 2.1450	 1.1260	 0.0013
 2.1500	 1.1271	 0.0014
 2.1550	 1.1302	 0.0014
 2.1600	 1.1313	 0.0014
 2.1650	 1.1377	 0.0014
 2.1700	 1.1393	 0.0014
 2.1750	 1.1389	 0.0014
 2.1800	 1.1429	 0.0014
 2.1850	 1.1482	 0.0014
 2.1900	 1.1497	 0.0014
 2.1950	 1.1495	 0.0015
 2.2000	 1.1524	 0.0015
 2.2050	 1.1574	 0.0015
 2.2100	 1.1620	 0.0015
 2.2150	 1.1629	 0.0015
 2.2200	 1.1619	 0.0015
 2.2250	 1.1687	 0.0015
 2.2300	 1.1732	 0.0015
 2.2350	 1.1768	 0.0015
 2.2400	 1.1780	 0.0016
 2.2450	 1.1815	 0.0016
 2.2500	 1.1838	 0.0016
 2.2550	 1.1902	 0.0016
 2.2600	 1.1971	 0.0016
 2.2650	 1.2045	 0.0017
 2.2700	 1.2060	 0.0017
 2.2750	 1.2065	 0.0017
 2.2800	 1.2124	 0.0017
 2.2850	 1.2183	 0.0017
 2.2900	 1.2185	 0.0017
 2.2950	 1.2250	 0.0018
 2.3000	 1.2283	 0.0018
 2.3050	 1.2371	 0.0018
 2.3100	 1.2416	 0.0018
 2.3150	 1.2395	 0.0018
 2.3200	 1.2540	 0.0019
 2.3250	 1.2604	 0.0019
 2.3300	 1.2674	 0.0019
 2.3350	 1.2706	 0.0019
 2.3400	 1.2769	 0.0020
 2.3450	 1.2785	 0.0020
 2.3500	 1.2889	 0.0020
 2.3550	 1.3001	 0.0020
 2.3600	 1.3195	 0.0021
 2.3650	 1.3104	 0.0021
 2.3700	 1.3257	 0.0025
 2.3750	 1.3388	 0.0023
 2.3800	 1.3440	 0.0022
 2.3850	 1.3558	 0.0022
 2.3900	 1.3664	 0.0023
 2.3950	 1.3750	 0.0022
 2.4000	 1.3809	 0.0023
 2.4050	 1.3925	 0.0023
 2.4100	 1.3992	 0.0024
 2.4150	 1.4110	 0.0024
 2.4200	 1.4277	 0.0025
 2.4250	 1.4441	 0.0025
 2.4300	 1.4313	 0.0025
 2.4350	 1.4667	 0.0026
 2.4400	 1.4659	 0.0026
 2.4450	 1.4719	 0.0028
 2.4500	 1.4893	 0.0031
 2.4550	 1.5206	 0.0030
 2.4600	 1.5181	 0.0027
 2.4650	 1.5266	 0.0028
 2.4700	 1.5402	 0.0029
 2.4750	 1.5594	 0.0031
 2.4800	 1.5660	 0.0033
 2.4850	 1.5842	 0.0036
 2.4900	 1.5847	 0.0037
 	 	 
