 0.4500	 1.0000	 0.1000
 0.4686	 1.0000	 0.1000
 0.6166	 1.1590	 0.1000
 0.7480	 1.3305	 0.1000
 0.8932	 1.3744	 0.1000
 	 	 
 0.7800	 1.3330	 0.0242
 0.7850	 1.3095	 0.0217
 0.7900	 1.3236	 0.0238
 0.7950	 1.3409	 0.0224
 0.8000	 1.3448	 0.0216
 0.8050	 1.3590	 0.0210
 0.8100	 1.3860	 0.0211
 0.8150	 1.3600	 0.0198
 0.8200	 1.3628	 0.0232
 0.8250	 1.3841	 0.0218
 0.8300	 1.4010	 0.0210
 0.8350	 1.3816	 0.0197
 0.8400	 1.3794	 0.0207
 0.8450	 1.3759	 0.0204
 0.8500	 1.3652	 0.0180
 0.8550	 1.3982	 0.0183
 0.8600	 1.3944	 0.0189
 0.8650	 1.3813	 0.0179
 0.8700	 1.3810	 0.0184
 0.8750	 1.3879	 0.0189
 0.8800	 1.3699	 0.0172
 0.8850	 1.3559	 0.0242
 0.8900	 1.3712	 0.0182
 0.8950	 1.3990	 0.0173
 0.9000	 1.3915	 0.0184
 0.9050	 1.3544	 0.0177
 0.9100	 1.3842	 0.0177
 0.9150	 1.3603	 0.0169
 0.9200	 1.3807	 0.0164
 0.9250	 1.4124	 0.0173
 0.9300	 1.4013	 0.0187
 0.9350	 1.3610	 0.0168
 0.9400	 1.3917	 0.0195
 0.9450	 1.4130	 0.0183
 0.9500	 1.4031	 0.0170
 0.9550	 1.3931	 0.0165
 0.9600	 1.3925	 0.0167
 0.9650	 1.3969	 0.0165
 0.9700	 1.4418	 0.0169
 0.9750	 1.4292	 0.0157
 0.9800	 1.4307	 0.0145
 0.9850	 1.4388	 0.0150
 0.9900	 1.4260	 0.0163
 0.9950	 1.4203	 0.0158
 1.0000	 1.4272	 0.0161
 1.0050	 1.4166	 0.0154
 1.0100	 1.4734	 0.0165
 1.0150	 1.4708	 0.0139
 1.0200	 1.4415	 0.0153
 1.0250	 1.4207	 0.0143
 1.0300	 1.4429	 0.0145
 1.0350	 1.4650	 0.0159
 1.0400	 1.4734	 0.0139
 1.0450	 1.4826	 0.0145
 1.0500	 1.4715	 0.0144
 1.0550	 1.4660	 0.0157
 1.0600	 1.4543	 0.0155
 1.0650	 1.4422	 0.0139
 1.0700	 1.4727	 0.0145
 1.0750	 1.5108	 0.0156
 1.0800	 1.4961	 0.0143
 1.0850	 1.4880	 0.0144
 1.0900	 1.5129	 0.0158
 1.0950	 1.5482	 0.0153
 1.1000	 1.5705	 0.0137
 1.1050	 1.5358	 0.0134
 1.1100	 1.5332	 0.0132
 1.1150	 1.5565	 0.0134
 1.1200	 1.5462	 0.0138
 1.1250	 1.5552	 0.0144
 1.1300	 1.5669	 0.0157
 1.1350	 1.5615	 0.0167
 1.1400	 1.5825	 0.0182
 1.1450	 1.5964	 0.0177
 1.1500	 1.5524	 0.0163
 1.1550	 1.5368	 0.0163
 1.1600	 1.5844	 0.0144
 1.1650	 1.5640	 0.0140
 1.1700	 1.5286	 0.0120
 1.1750	 1.5575	 0.0129
 1.1800	 1.5781	 0.0130
 1.1850	 1.6022	 0.0132
 1.1900	 1.6190	 0.0133
 1.1950	 1.6371	 0.0131
 1.2000	 1.6630	 0.0133
 1.2050	 1.6581	 0.0137
 1.2100	 1.6484	 0.0147
 1.2150	 1.6319	 0.0140
 1.2200	 1.6135	 0.0156
 1.2250	 1.6327	 0.0136
 1.2300	 1.6367	 0.0130
 1.2350	 1.6570	 0.0137
 1.2400	 1.6706	 0.0142
 1.2450	 1.6405	 0.0154
 1.2500	 1.6780	 0.0135
 1.2550	 1.6560	 0.0144
 1.2600	 1.6097	 0.0156
 1.2650	 1.5902	 0.0158
 1.2700	 1.6273	 0.0150
 1.2750	 1.6231	 0.0159
 1.2800	 1.6200	 0.0168
 1.2850	 1.6941	 0.0162
 1.2900	 1.6846	 0.0162
 1.2950	 1.6288	 0.0150
 1.3000	 1.6460	 0.0141
 1.3050	 1.6510	 0.0132
 1.3100	 1.6320	 0.0150
 1.3150	 1.6452	 0.0143
 1.3200	 1.6539	 0.0134
 1.3250	 1.6983	 0.0140
 1.3300	 1.7234	 0.0161
 1.3350	 1.7590	 0.0149
 1.3400	 1.7186	 0.0147
 1.3450	 1.6866	 0.0160
 1.3500	 1.6868	 0.0202
 1.3550	 1.6479	 0.0307
 1.3600	 1.6637	 0.0252
 1.3650	 1.6611	 0.0312
 1.3700	 1.6907	 0.0306
 1.3750	 1.7225	 0.0301
 1.3800	 1.7658	 0.0301
 1.3850	 1.7767	 0.0284
 1.3900	 1.7420	 0.0309
 1.3950	 1.6852	 0.0269
 1.4000	 1.7135	 0.0248
 1.4050	 1.7290	 0.0231
 1.4100	 1.6967	 0.0240
 1.4150	 1.7255	 0.0224
 1.4200	 1.7609	 0.0207
 1.4250	 1.7531	 0.0220
 1.4300	 1.7520	 0.0202
 1.4350	 1.7189	 0.0232
 1.4400	 1.6884	 0.0225
 1.4450	 1.7266	 0.0192
 1.4500	 1.7003	 0.0179
 1.4550	 1.7332	 0.0195
 1.4600	 1.7614	 0.0182
 1.4650	 1.7421	 0.0199
 1.4700	 1.7844	 0.0196
 1.4750	 1.7850	 0.0193
 1.4800	 1.7602	 0.0176
 1.4850	 1.7691	 0.0174
 1.4900	 1.7776	 0.0199
 1.4950	 1.7852	 0.0169
 1.5000	 1.7531	 0.0161
 1.5050	 1.7666	 0.0183
 1.5100	 1.7221	 0.0169
 1.5150	 1.7371	 0.0176
 1.5200	 1.8078	 0.0174
 1.5250	 1.8227	 0.0196
 1.5300	 1.8255	 0.0175
 1.5350	 1.7453	 0.0176
 1.5400	 1.7237	 0.0189
 1.5450	 1.7496	 0.0197
 1.5500	 1.7258	 0.0207
 1.5550	 1.7862	 0.0184
 1.5600	 1.7523	 0.0191
 1.5650	 1.5811	 0.0206
 1.5700	 1.6657	 0.0198
 1.5750	 1.9062	 0.0232
 1.5800	 1.8880	 0.0209
 1.5850	 1.7856	 0.0189
 1.5900	 1.7290	 0.0199
 1.5950	 1.7701	 0.0192
 1.6000	 1.8484	 0.0209
 1.6050	 1.8728	 0.0192
 1.6100	 1.8040	 0.0206
 1.6150	 1.7202	 0.0188
 1.6200	 1.7602	 0.0206
 1.6250	 1.8791	 0.0217
 1.6300	 1.8174	 0.0231
 1.6350	 1.7319	 0.0232
 1.6400	 1.8721	 0.0228
 1.6450	 1.8731	 0.0212
 1.6500	 1.6764	 0.0235
 1.6550	 1.6828	 0.0204
 1.6600	 1.8639	 0.0220
 1.6650	 1.8322	 0.0209
 1.6700	 1.8366	 0.0220
 1.6750	 1.9035	 0.0215
 1.6800	 1.8261	 0.0196
 1.6850	 1.8738	 0.0225
 1.6900	 1.9226	 0.0235
 1.6950	 1.8310	 0.0226
 1.7000	 1.8107	 0.0226
 1.7050	 1.6836	 0.0223
 1.7100	 1.6628	 0.0202
 1.7150	 1.7820	 0.0231
 1.7200	 1.6836	 0.0223
 1.7250	 1.7021	 0.0237
 1.7300	 1.8015	 0.0239
 1.7350	 1.8237	 0.0241
 1.7400	 1.8145	 0.0238
 1.7450	 1.9086	 0.0247
 1.7500	 1.9099	 0.0223
 1.7550	 1.7957	 0.0226
 1.7600	 1.8335	 0.0232
 1.7650	 1.8678	 0.0222
 1.7700	 1.9237	 0.0287
 1.7750	 1.9061	 0.0248
 1.7800	 1.8411	 0.0245
 1.7850	 1.7550	 0.0258
 1.7900	 1.7979	 0.0256
 1.7950	 1.8544	 0.0240
 1.8000	 1.8011	 0.0291
 1.8050	 1.8642	 0.0314
 1.8100	 1.8474	 0.0318
 1.8150	 1.7057	 0.0345
 1.8200	 1.7363	 0.0379
 1.8250	 1.8525	 0.0363
 1.8300	 1.7312	 0.0397
 1.8350	 1.6383	 0.0538
 1.8400	 1.6723	 0.0536
 1.8450	 1.8713	 0.0626
 1.8500	 1.9880	 0.0640
 1.8550	 1.9681	 0.0525
 1.8600	 1.7960	 0.0528
 1.8700	 1.6951	 0.0618
 1.8800	 1.9547	 0.0556
 1.8850	 1.9405	 0.0504
 1.8900	 1.9404	 0.0452
 1.8950	 1.9820	 0.0462
 1.9000	 2.0135	 0.0544
 1.9050	 1.9280	 0.0516
 1.9100	 1.8145	 0.0533
 1.9150	 1.7700	 0.0540
 1.9200	 1.9289	 0.0556
 1.9250	 2.0628	 0.0478
 1.9300	 1.9459	 0.0415
 1.9350	 1.8375	 0.0424
 1.9400	 1.9833	 0.0367
 1.9450	 1.9706	 0.0391
 1.9500	 1.9430	 0.0398
 1.9550	 1.8595	 0.0392
 1.9600	 1.9912	 0.0477
 1.9650	 1.7753	 0.0445
 1.9700	 1.7431	 0.0406
 1.9750	 1.9224	 0.0400
 1.9800	 1.8761	 0.0371
 1.9850	 1.8970	 0.0344
 1.9900	 1.8957	 0.0307
 1.9950	 1.9712	 0.0340
 2.0000	 1.9178	 0.0375
 2.0050	 1.8154	 0.0484
 2.0100	 1.7704	 0.0503
 2.0150	 1.8605	 0.0541
 2.0200	 2.0052	 0.0467
 2.0250	 2.0622	 0.0432
 2.0300	 2.1604	 0.0493
 2.0350	 2.1710	 0.0399
 2.0400	 2.1215	 0.0439
 2.0500	 2.1461	 0.0454
 2.0550	 1.7814	 0.0434
 2.0600	 1.8357	 0.0425
 2.0650	 1.9503	 0.0415
 2.0700	 1.9636	 0.0400
 2.0750	 1.9531	 0.0422
 2.0800	 1.9391	 0.0362
 2.0850	 2.0081	 0.0357
 2.0900	 1.9110	 0.0362
 2.0950	 1.8483	 0.0383
 2.1000	 1.9329	 0.0389
 2.1050	 2.0373	 0.0381
 2.1100	 2.1285	 0.0406
 2.1150	 2.1499	 0.0401
 2.1200	 2.0801	 0.0414
 2.1250	 2.0832	 0.0405
 2.1300	 1.9985	 0.0367
 2.1350	 1.9659	 0.0367
 2.1400	 1.8926	 0.0371
 2.1450	 1.8302	 0.0366
 2.1500	 1.9227	 0.0387
 2.1550	 2.0849	 0.0403
 2.1600	 2.0482	 0.0400
 2.1650	 1.8766	 0.0392
 2.1700	 1.8893	 0.0415
 2.1750	 1.8766	 0.0422
 2.1800	 2.0647	 0.0468
 2.1850	 2.0568	 0.0385
 2.1900	 2.0511	 0.0437
 2.1950	 1.9846	 0.0424
 2.2000	 1.8858	 0.0500
 2.2050	 1.9397	 0.0456
 2.2100	 1.9817	 0.0464
 2.2150	 1.9614	 0.0428
 2.2200	 2.0128	 0.0453
 2.2250	 1.9664	 0.0429
 2.2300	 1.9839	 0.0412
 2.2350	 2.0538	 0.0435
 2.2400	 2.0544	 0.0430
 2.2450	 2.0019	 0.0404
 2.2500	 2.0242	 0.0466
 2.2550	 2.0655	 0.0519
 2.2600	 1.9588	 0.0457
 2.2650	 1.9730	 0.0452
 2.2700	 1.9841	 0.0497
 2.2750	 1.9230	 0.0473
 2.2800	 2.0350	 0.0461
 2.2850	 1.9670	 0.0466
 2.2900	 1.9125	 0.0503
 2.2950	 2.0636	 0.0517
 2.3000	 2.0937	 0.0523
 2.3050	 2.0321	 0.0523
 2.3100	 2.1695	 0.0578
 2.3150	 2.2092	 0.0652
 2.3200	 2.1146	 0.0536
 2.3250	 2.0057	 0.0530
 2.3300	 1.9665	 0.0550
 2.3400	 2.1241	 0.0630
 2.3450	 2.2616	 0.0652
 2.3500	 2.0537	 0.0685
 2.3550	 2.1347	 0.0606
 2.3600	 2.2216	 0.0576
 2.3650	 2.2167	 0.0594
 2.3700	 2.1382	 0.0579
 2.3850	 1.8979	 0.0545
 2.3900	 2.0245	 0.0637
 2.3950	 2.0514	 0.0654
 2.4000	 2.0991	 0.0643
 2.4050	 2.1777	 0.0601
 2.4100	 2.1260	 0.0612
 2.4150	 1.9516	 0.0605
 2.4200	 1.9461	 0.0618
 2.4250	 2.1999	 0.0725
 2.4300	 2.1325	 0.0611
 2.4350	 1.9124	 0.0667
 2.4400	 2.0362	 0.0757
 2.4500	 2.1902	 0.1000
 	 	 
