 0.4500	 0.9963	 0.2000
 0.4504	 0.9963	 0.0153
 0.4512	 1.0050	 0.0153
 0.4519	 0.9904	 0.0153
 0.4527	 1.0034	 0.0158
 0.4542	 1.0305	 0.0163
 0.4549	 1.0216	 0.0125
 0.4557	 1.0004	 0.0139
 0.4564	 1.0149	 0.0127
 0.4572	 1.0358	 0.0145
 0.4579	 1.0161	 0.0127
 0.4586	 1.0005	 0.0134
 0.4594	 1.0124	 0.0071
 0.4601	 1.0069	 0.0062
 0.4609	 1.0001	 0.0088
 0.4616	 1.0129	 0.0182
 0.4624	 1.0240	 0.0171
 0.4631	 1.0467	 0.0131
 0.4639	 1.0181	 0.0142
 0.4646	 1.0311	 0.0144
 0.4654	 1.0090	 0.0093
 0.4661	 1.0213	 0.0109
 0.4669	 1.0306	 0.0105
 0.4676	 1.0369	 0.0104
 0.4684	 1.0257	 0.0116
 0.4691	 1.0093	 0.0131
 0.4699	 1.0135	 0.0112
 0.4706	 1.0380	 0.0112
 0.4714	 1.0212	 0.0100
 0.4721	 1.0159	 0.0093
 0.4729	 1.0285	 0.0090
 0.4736	 1.0353	 0.0165
 0.4744	 1.0370	 0.0222
 0.4751	 0.9973	 0.0216
 0.4759	 0.9901	 0.0184
 0.4766	 1.0079	 0.0110
 0.4774	 1.0180	 0.0117
 0.4781	 0.9967	 0.0100
 0.4789	 0.9924	 0.0118
 0.4796	 1.0052	 0.0079
 0.4804	 0.9881	 0.0174
 0.4811	 1.0063	 0.0164
 0.4818	 1.0327	 0.0222
 0.4826	 0.9997	 0.0190
 0.4833	 1.0404	 0.0198
 0.4841	 1.0380	 0.0200
 0.4848	 1.0525	 0.0172
 0.4856	 1.0262	 0.0172
 0.4863	 1.0070	 0.0167
 0.4871	 1.0217	 0.0128
 0.4878	 1.0199	 0.0110
 0.4886	 0.9948	 0.0126
 0.4893	 1.0150	 0.0122
 0.4901	 1.0279	 0.0121
 0.4908	 1.0132	 0.0080
 0.4916	 1.0065	 0.0082
 0.4923	 1.0113	 0.0026
 0.4931	 1.0110	 0.0057
 0.4938	 1.0089	 0.0071
 0.4946	 0.9975	 0.0098
 0.4953	 0.9976	 0.0139
 0.4961	 1.0205	 0.0143
 0.4968	 1.0287	 0.0133
 0.4976	 1.0187	 0.0054
 0.4983	 1.0312	 0.0065
 0.4991	 1.0221	 0.0066
 0.4998	 1.0347	 0.0052
 0.5006	 1.0239	 0.0049
 0.5013	 1.0287	 0.0047
 0.5021	 1.0269	 0.0043
 0.5028	 1.0343	 0.0100
 0.5035	 1.0239	 0.0113
 0.5043	 1.0077	 0.0108
 0.5050	 1.0101	 0.0065
 0.5058	 1.0187	 0.0053
 0.5065	 1.0154	 0.0050
 0.5073	 1.0061	 0.0049
 0.5080	 1.0100	 0.0040
 0.5088	 1.0117	 0.0035
 0.5095	 1.0059	 0.0041
 0.5103	 1.0029	 0.0041
 0.5110	 1.0127	 0.0055
 0.5118	 1.0069	 0.0069
 0.5125	 1.0164	 0.0049
 0.5133	 1.0197	 0.0088
 0.5140	 1.0168	 0.0088
 0.5148	 1.0314	 0.0078
 0.5155	 1.0353	 0.0132
 0.5163	 1.0277	 0.0187
 0.5170	 1.0028	 0.0199
 0.5178	 0.9935	 0.0144
 0.5185	 0.9927	 0.0072
 0.5193	 1.0102	 0.0083
 0.5200	 0.9981	 0.0101
 0.5208	 1.0085	 0.0076
 0.5215	 1.0180	 0.0087
 0.5223	 1.0024	 0.0084
 0.5230	 0.9969	 0.0145
 0.5238	 0.9994	 0.0172
 0.5245	 1.0308	 0.0164
 0.5253	 1.0308	 0.0173
 0.5260	 1.0137	 0.0184
 0.5267	 0.9936	 0.0155
 0.5275	 0.9945	 0.0086
 0.5282	 1.0034	 0.0044
 0.5290	 0.9945	 0.0043
 0.5297	 0.9924	 0.0043
 0.5305	 0.9974	 0.0025
 0.5312	 0.9945	 0.0036
 0.5320	 0.9986	 0.0029
 0.5327	 1.0015	 0.0028
 0.5335	 1.0010	 0.0032
 0.5342	 0.9998	 0.0049
 0.5350	 0.9934	 0.0045
 0.5357	 0.9907	 0.0036
 0.5365	 0.9931	 0.0044
 0.5372	 0.9915	 0.0103
 0.5380	 1.0018	 0.0104
 0.5387	 1.0151	 0.0107
 0.5395	 1.0105	 0.0120
 0.5402	 0.9918	 0.0127
 0.5410	 0.9867	 0.0099
 0.5417	 0.9916	 0.0068
 0.5425	 1.0041	 0.0068
 0.5432	 0.9886	 0.0067
 0.5440	 0.9942	 0.0102
 0.5447	 0.9869	 0.0095
 0.5455	 1.0107	 0.0095
 0.5462	 0.9981	 0.0108
 0.5470	 1.0063	 0.0090
 0.5477	 0.9872	 0.0082
 0.5484	 0.9998	 0.0084
 0.5492	 1.0079	 0.0075
 0.5499	 0.9958	 0.0055
 0.5507	 0.9998	 0.0059
 0.5514	 1.0080	 0.0056
 0.5522	 1.0086	 0.0050
 0.5529	 1.0059	 0.0090
 0.5537	 0.9977	 0.0086
 0.5544	 0.9875	 0.0069
 0.5552	 0.9945	 0.0050
 0.5559	 1.0008	 0.0060
 0.5567	 0.9963	 0.0064
 0.5574	 1.0028	 0.0052
 0.5582	 1.0107	 0.0078
 0.5589	 1.0025	 0.0099
 0.5597	 0.9898	 0.0096
 0.5604	 0.9869	 0.0062
 0.5612	 0.9974	 0.0043
 0.5619	 0.9927	 0.0055
 0.5627	 0.9956	 0.0038
 0.5634	 1.0018	 0.0039
 0.5642	 1.0010	 0.0042
 0.5649	 1.0001	 0.0063
 0.5657	 0.9918	 0.0070
 0.5664	 0.9876	 0.0055
 0.5672	 0.9857	 0.0042
 0.5679	 0.9916	 0.0060
 0.5687	 0.9966	 0.0062
 0.5694	 1.0002	 0.0064
 0.5702	 1.0004	 0.0101
 0.5709	 0.9853	 0.0149
 0.5716	 0.9776	 0.0126
 0.5724	 0.9658	 0.0077
 0.5731	 0.9786	 0.0080
 0.5739	 0.9841	 0.0086
 0.5746	 0.9866	 0.0067
 0.5754	 0.9719	 0.0068
 0.5761	 0.9882	 0.0068
 0.5769	 0.9774	 0.0066
 0.5776	 0.9842	 0.0046
 0.5784	 0.9851	 0.0065
 0.5791	 0.9784	 0.0074
 0.5799	 0.9688	 0.0068
 0.5806	 0.9710	 0.0041
 0.5814	 0.9712	 0.0029
 0.5821	 0.9681	 0.0034
 0.5829	 0.9756	 0.0037
 0.5836	 0.9666	 0.0037
 0.5844	 0.9731	 0.0034
 0.5851	 0.9702	 0.0025
 0.5859	 0.9710	 0.0035
 0.5866	 0.9682	 0.0139
 0.5874	 0.9775	 0.0146
 0.5881	 1.0018	 0.0156
 0.5889	 0.9934	 0.0194
 0.5896	 0.9664	 0.0212
 0.5904	 0.9541	 0.0151
 0.5911	 0.9597	 0.0067
 0.5919	 0.9700	 0.0066
 0.5926	 0.9688	 0.0044
 0.5933	 0.9620	 0.0033
 0.5941	 0.9661	 0.0026
 0.5948	 0.9639	 0.0021
 0.5956	 0.9662	 0.0015
 0.5963	 0.9673	 0.0016
 0.5971	 0.9678	 0.0039
 0.5978	 0.9676	 0.0039
 0.5986	 0.9587	 0.0046
 0.5993	 0.9644	 0.0051
 0.6001	 0.9707	 0.0053
 0.6008	 0.9711	 0.0045
 0.6016	 0.9692	 0.0096
 0.6023	 0.9607	 0.0089
 0.6031	 0.9486	 0.0074
 0.6038	 0.9612	 0.0054
 0.6046	 0.9589	 0.0054
 0.6053	 0.9612	 0.0010
 0.6061	 0.9603	 0.0032
 0.6068	 0.9600	 0.0034
 0.6076	 0.9671	 0.0035
 0.6083	 0.9663	 0.0031
 0.6091	 0.9664	 0.0024
 0.6098	 0.9674	 0.0024
 0.6106	 0.9615	 0.0024
 0.6113	 0.9640	 0.0034
 0.6121	 0.9632	 0.0071
 0.6128	 0.9697	 0.0071
 0.6136	 0.9504	 0.0084
 0.6143	 0.9636	 0.0085
 0.6150	 0.9719	 0.0081
 0.6158	 0.9675	 0.0115
 0.6165	 0.9647	 0.0120
 0.6173	 0.9423	 0.0100
 0.6180	 0.9536	 0.0089
 0.6188	 0.9558	 0.0095
 0.6195	 0.9631	 0.0084
 0.6203	 0.9405	 0.0084
 0.6210	 0.9577	 0.0083
 0.6218	 0.9534	 0.0091
 0.6225	 0.9528	 0.0077
 0.6233	 0.9656	 0.0076
 0.6240	 0.9703	 0.0066
 0.6248	 0.9599	 0.0065
 0.6255	 0.9639	 0.0101
 0.6263	 0.9530	 0.0076
 0.6270	 0.9440	 0.0079
 0.6278	 0.9533	 0.0043
 0.6285	 0.9455	 0.0036
 0.6293	 0.9480	 0.0038
 0.6300	 0.9462	 0.0036
 0.6308	 0.9535	 0.0030
 0.6315	 0.9525	 0.0035
 0.6323	 0.9495	 0.0021
 0.6330	 0.9552	 0.0023
 0.6338	 0.9536	 0.0024
 0.6345	 0.9504	 0.0021
 0.6353	 0.9506	 0.0026
 0.6360	 0.9531	 0.0048
 0.6368	 0.9470	 0.0047
 0.6375	 0.9408	 0.0044
 0.6382	 0.9464	 0.0024
 0.6390	 0.9453	 0.0025
 0.6397	 0.9452	 0.0015
 0.6405	 0.9474	 0.0017
 0.6412	 0.9489	 0.0021
 0.6420	 0.9485	 0.0019
 0.6427	 0.9441	 0.0032
 0.6435	 0.9462	 0.0035
 0.6442	 0.9527	 0.0042
 0.6450	 0.9449	 0.0055
 0.6457	 0.9414	 0.0067
 0.6465	 0.9383	 0.0035
 0.6472	 0.9354	 0.0038
 0.6480	 0.9395	 0.0052
 0.6487	 0.9456	 0.0050
 0.6495	 0.9478	 0.0054
 0.6502	 0.9403	 0.0054
 0.6510	 0.9341	 0.0051
 0.6517	 0.9444	 0.0037
 0.6525	 0.9409	 0.0059
 0.6532	 0.9398	 0.0117
 0.6540	 0.9501	 0.0183
 0.6547	 0.9684	 0.0166
 0.6555	 0.9818	 0.0274
 0.6562	 0.9524	 0.0352
 0.6570	 0.9090	 0.0330
 0.6577	 0.9034	 0.0194
 0.6585	 0.9210	 0.0134
 0.6592	 0.9312	 0.0156
 0.6599	 0.9339	 0.0089
 0.6607	 0.9447	 0.0053
 0.6614	 0.9389	 0.0046
 0.6622	 0.9399	 0.0039
 0.6629	 0.9450	 0.0072
 0.6637	 0.9360	 0.0083
 0.6644	 0.9255	 0.0082
 0.6652	 0.9274	 0.0040
 0.6659	 0.9276	 0.0029
 0.6667	 0.9298	 0.0028
 0.6674	 0.9332	 0.0028
 0.6682	 0.9258	 0.0060
 0.6689	 0.9303	 0.0082
 0.6697	 0.9419	 0.0081
 0.6704	 0.9456	 0.0074
 0.6712	 0.9346	 0.0082
 0.6719	 0.9286	 0.0084
 0.6727	 0.9268	 0.0045
 0.6734	 0.9250	 0.0062
 0.6742	 0.9346	 0.0063
 0.6749	 0.9399	 0.0064
 0.6757	 0.9276	 0.0055
 0.6764	 0.9263	 0.0062
 0.6772	 0.9314	 0.0027
 0.6779	 0.9240	 0.0039
 0.6787	 0.9265	 0.0046
 0.6794	 0.9335	 0.0048
 0.6802	 0.9347	 0.0032
 0.6809	 0.9333	 0.0018
 0.6817	 0.9315	 0.0017
 0.6824	 0.9303	 0.0029
 0.6831	 0.9325	 0.0037
 0.6839	 0.9379	 0.0051
 0.6846	 0.9383	 0.0119
 0.6854	 0.9430	 0.0131
 0.6861	 0.9631	 0.0163
 0.6869	 0.9637	 0.0272
 0.6876	 0.9261	 0.0308
 0.6884	 0.8991	 0.0253
 0.6891	 0.9055	 0.0107
 0.6899	 0.9180	 0.0079
 0.6906	 0.9169	 0.0053
 0.6914	 0.9105	 0.0038
 0.6921	 0.9094	 0.0047
 0.6929	 0.9147	 0.0049
 0.6936	 0.9208	 0.0046
 0.6944	 0.9184	 0.0033
 0.6951	 0.9197	 0.0060
 0.6959	 0.9238	 0.0096
 0.6966	 0.9333	 0.0082
 0.6974	 0.9407	 0.0061
 0.6981	 0.9296	 0.0055
 0.6989	 0.9310	 0.0057
 0.6996	 0.9415	 0.0052
 0.7004	 0.9395	 0.0049
 0.7011	 0.9355	 0.0029
 0.7019	 0.9430	 0.0088
 0.7026	 0.9390	 0.0126
 0.7034	 0.9206	 0.0127
 0.7041	 0.9138	 0.0103
 0.7048	 0.9211	 0.0083
 0.7056	 0.9332	 0.0083
 0.7063	 0.9320	 0.0060
 0.7071	 0.9206	 0.0059
 0.7078	 0.9247	 0.0054
 0.7086	 0.9338	 0.0069
 0.7093	 0.9289	 0.0073
 0.7101	 0.9160	 0.0086
 0.7108	 0.9184	 0.0097
 0.7116	 0.9345	 0.0097
 0.7123	 0.9379	 0.0112
 0.7131	 0.9250	 0.0114
 0.7138	 0.9107	 0.0118
 0.7146	 0.9177	 0.0128
 0.7153	 0.9366	 0.0139
 0.7161	 0.9415	 0.0094
 0.7168	 0.9390	 0.0031
 0.7176	 0.9345	 0.0031
 0.7183	 0.9340	 0.0023
 0.7191	 0.9380	 0.0077
 0.7198	 0.9347	 0.0111
 0.7206	 0.9184	 0.0108
 0.7213	 0.9133	 0.0101
 0.7221	 0.9316	 0.0090
 0.7228	 0.9351	 0.0100
 0.7236	 0.9253	 0.0082
 0.7243	 0.9137	 0.0092
 0.7251	 0.9249	 0.0080
 0.7258	 0.9364	 0.0085
 0.7266	 0.9238	 0.0058
 0.7273	 0.9312	 0.0064
 0.7280	 0.9352	 0.0062
 0.7288	 0.9407	 0.0045
 0.7295	 0.9336	 0.0068
 0.7303	 0.9289	 0.0068
 0.7310	 0.9227	 0.0086
 0.7318	 0.9355	 0.0087
 0.7325	 0.9460	 0.0111
 0.7333	 0.9354	 0.0103
 0.7340	 0.9183	 0.0108
 0.7348	 0.9281	 0.0084
 0.7355	 0.9400	 0.0081
 0.7363	 0.9346	 0.0048
 0.7370	 0.9295	 0.0038
 0.7378	 0.9354	 0.0077
 0.7385	 0.9328	 0.0087
 0.7393	 0.9495	 0.0075
 0.7400	 0.9463	 0.0090
 0.7408	 0.9355	 0.0105
 0.7415	 0.9285	 0.0079
 0.7423	 0.9260	 0.0038
 0.7430	 0.9329	 0.0062
 0.7438	 0.9322	 0.0062
 0.7445	 0.9176	 0.0075
 0.7453	 0.9278	 0.0100
 0.7460	 0.9374	 0.0103
 0.7468	 0.9440	 0.0079
 0.7475	 0.9371	 0.0072
 0.7483	 0.9246	 0.0073
 0.7490	 0.9324	 0.0055
 0.7497	 0.9384	 0.0064
 0.7505	 0.9355	 0.0058
 0.7512	 0.9410	 0.0068
 0.7520	 0.9260	 0.0064
 0.7527	 0.9268	 0.0062
 0.7535	 0.9296	 0.0060
 0.7542	 0.9347	 0.0066
 0.7550	 0.9404	 0.0063
 0.7557	 0.9238	 0.0064
 0.7565	 0.9353	 0.0138
 0.7572	 0.9288	 0.0138
 0.7580	 0.9596	 0.0119
 0.7587	 0.9353	 0.0119
 0.7595	 0.9353	 0.0107
 0.7602	 0.9353	 0.0049
 0.7632	 0.9457	 0.0062
 0.7692	 0.9337	 0.0075
 0.7700	 0.9465	 0.0079
 0.7707	 0.9509	 0.0081
 0.7714	 0.9545	 0.0047
 0.7722	 0.9421	 0.0058
 0.7729	 0.9492	 0.0063
 0.7737	 0.9574	 0.0062
 0.7744	 0.9562	 0.0084
 0.7752	 0.9488	 0.0085
 0.7759	 0.9363	 0.0091
 0.7767	 0.9520	 0.0085
 0.7774	 0.9600	 0.0102
 0.7782	 0.9485	 0.0109
 0.7789	 0.9367	 0.0121
 0.7797	 0.9339	 0.0067
 0.7804	 0.9309	 0.0069
 0.7812	 0.9378	 0.0069
 0.7819	 0.9490	 0.0071
 0.7827	 0.9362	 0.0068
 0.7834	 0.9326	 0.0068
 0.7842	 0.9324	 0.0077
 0.7849	 0.9361	 0.0097
 0.7857	 0.9510	 0.0086
 0.7864	 0.9513	 0.0065
 0.7872	 0.9452	 0.0043
 0.7879	 0.9411	 0.0072
 0.7887	 0.9482	 0.0079
 0.7894	 0.9603	 0.0079
 0.7902	 0.9560	 0.0067
 0.7909	 0.9452	 0.0136
 0.7917	 0.9588	 0.0156
 0.7924	 0.9825	 0.0153
 0.7932	 0.9774	 0.0137
 0.7939	 0.9587	 0.0167
 0.7946	 0.9506	 0.0134
 0.7954	 0.9443	 0.0055
 0.7961	 0.9466	 0.0029
 0.7969	 0.9481	 0.0022
 0.7976	 0.9435	 0.0043
 0.7984	 0.9484	 0.0066
 0.7991	 0.9551	 0.0065
 0.7999	 0.9602	 0.0062
 0.8006	 0.9543	 0.0062
 0.8014	 0.9444	 0.0067
 0.8021	 0.9479	 0.0080
 0.8029	 0.9584	 0.0088
 0.8036	 0.9643	 0.0070
 0.8044	 0.9621	 0.0079
 0.8051	 0.9511	 0.0085
 0.8059	 0.9453	 0.0072
 0.8066	 0.9480	 0.0069
 0.8074	 0.9589	 0.0071
 0.8081	 0.9614	 0.0055
 0.8089	 0.9574	 0.0053
 0.8096	 0.9514	 0.0053
 0.8104	 0.9486	 0.0064
 0.8111	 0.9505	 0.0071
 0.8119	 0.9643	 0.0070
 0.8126	 0.9612	 0.0072
 0.8134	 0.9516	 0.0069
 0.8141	 0.9481	 0.0069
 0.8149	 0.9598	 0.0065
 0.8156	 0.9645	 0.0067
 0.8163	 0.9545	 0.0079
 0.8171	 0.9627	 0.0090
 0.8178	 0.9759	 0.0093
 0.8186	 0.9749	 0.0115
 0.8193	 0.9612	 0.0139
 0.8201	 0.9480	 0.0114
 0.8208	 0.9471	 0.0065
 0.8216	 0.9595	 0.0058
 0.8223	 0.9566	 0.0087
 0.8231	 0.9579	 0.0107
 0.8238	 0.9390	 0.0094
 0.8246	 0.9381	 0.0095
 0.8253	 0.9459	 0.0077
 0.8261	 0.9571	 0.0073
 0.8268	 0.9482	 0.0044
 0.8276	 0.9534	 0.0036
 0.8283	 0.9496	 0.0034
 0.8291	 0.9545	 0.0033
 0.8298	 0.9463	 0.0031
 0.8306	 0.9522	 0.0046
 0.8313	 0.9524	 0.0047
 0.8321	 0.9435	 0.0047
 0.8328	 0.9423	 0.0042
 0.8336	 0.9491	 0.0038
 0.8343	 0.9451	 0.0065
 0.8351	 0.9388	 0.0065
 0.8358	 0.9321	 0.0093
 0.8366	 0.9409	 0.0165
 0.8373	 0.9572	 0.0168
 0.8381	 0.9727	 0.0118
 0.8388	 0.9648	 0.0084
 0.8395	 0.9588	 0.0082
 0.8403	 0.9503	 0.0082
 0.8410	 0.9614	 0.0097
 0.8418	 0.9728	 0.0103
 0.8425	 0.9731	 0.0056
 0.8433	 0.9738	 0.0113
 0.8440	 0.9651	 0.0124
 0.8448	 0.9472	 0.0108
 0.8455	 0.9507	 0.0081
 0.8463	 0.9606	 0.0081
 0.8470	 0.9639	 0.0074
 0.8478	 0.9653	 0.0071
 0.8485	 0.9706	 0.0068
 0.8493	 0.9787	 0.0127
 0.8500	 0.9618	 0.0130
 0.8508	 0.9445	 0.0127
 0.8515	 0.9580	 0.0072
 0.8545	 0.9526	 0.0094
 0.8568	 0.9474	 0.0078
 0.8575	 0.9681	 0.0079
 0.8583	 0.9603	 0.0079
 0.8590	 0.9586	 0.0075
 0.8598	 0.9520	 0.0112
 0.8605	 0.9705	 0.0111
 0.8612	 0.9807	 0.0105
 0.8620	 0.9684	 0.0065
 0.8627	 0.9630	 0.0084
 0.8635	 0.9679	 0.0104
 0.8642	 0.9818	 0.0171
 0.8665	 0.9875	 0.0228
 0.8672	 0.9439	 0.0244
 0.8680	 0.9357	 0.0207
 0.8687	 0.9422	 0.0127
 0.8695	 0.9578	 0.0169
 0.8702	 0.9669	 0.0173
 0.8710	 0.9764	 0.0110
 0.8717	 0.9874	 0.0080
 0.8725	 0.9745	 0.0092
 0.8732	 0.9834	 0.0129
 0.8740	 0.9633	 0.0114
 0.8747	 0.9570	 0.0122
 0.8755	 0.9579	 0.0070
 0.8762	 0.9521	 0.0080
 0.8770	 0.9703	 0.0098
 0.8777	 0.9691	 0.0114
 0.8785	 0.9487	 0.0118
 0.8792	 0.9467	 0.0142
 0.8800	 0.9490	 0.0196
 0.8807	 0.9776	 0.0196
 0.8815	 0.9886	 0.0156
 0.8822	 0.9825	 0.0052
 0.8844	 0.9825	 0.0060
 0.8852	 0.9752	 0.0057
 0.8859	 0.9903	 0.0075
 0.8867	 0.9867	 0.0108
 0.8874	 0.9727	 0.0133
 0.8882	 0.9636	 0.0101
 0.8889	 0.9609	 0.0097
 0.8897	 0.9725	 0.0119
 0.8904	 0.9857	 0.0105
 0.8912	 0.9861	 0.0081
 0.8919	 0.9785	 0.0117
 0.8927	 0.9677	 0.0117
 0.8934	 0.9593	 0.0078
 0.8942	 0.9602	 0.0091
 0.8949	 0.9690	 0.0141
 0.8957	 0.9820	 0.0121
 0.8964	 0.9916	 0.0081
 0.8972	 0.9783	 0.0060
 0.8979	 0.9801	 0.0099
 0.8987	 0.9762	 0.0069
 0.8994	 0.9639	 0.0069
 0.9002	 0.9690	 0.0069
 	 	 
 0.8250	 0.9732	 0.0070
 0.8300	 0.9689	 0.0065
 0.8350	 0.9794	 0.0073
 0.8400	 0.9720	 0.0065
 0.8450	 0.9702	 0.0061
 0.8500	 0.9664	 0.0064
 0.8550	 0.9718	 0.0065
 0.8600	 0.9690	 0.0067
 0.8650	 0.9713	 0.0070
 0.8800	 0.9670	 0.0068
 0.8850	 0.9713	 0.0062
 0.8900	 0.9649	 0.0069
 0.8950	 0.9629	 0.0063
 0.9000	 0.9674	 0.0060
 0.9050	 0.9760	 0.0057
 0.9100	 0.9764	 0.0055
 0.9150	 0.9776	 0.0058
 0.9250	 0.9830	 0.0058
 0.9300	 0.9686	 0.0060
 0.9400	 0.9864	 0.0069
 0.9450	 0.9720	 0.0063
 0.9500	 0.9786	 0.0057
 0.9550	 0.9830	 0.0053
 0.9600	 0.9884	 0.0053
 0.9650	 0.9890	 0.0051
 0.9700	 0.9929	 0.0050
 0.9750	 0.9931	 0.0054
 0.9800	 0.9907	 0.0052
 0.9850	 0.9884	 0.0051
 0.9900	 0.9946	 0.0052
 0.9950	 0.9955	 0.0048
 1.0000	 0.9964	 0.0050
 1.0050	 0.9924	 0.0059
 1.0100	 0.9963	 0.0048
 1.0150	 0.9971	 0.0046
 1.0200	 0.9928	 0.0051
 1.0250	 0.9996	 0.0050
 1.0300	 0.9977	 0.0052
 1.0350	 0.9993	 0.0052
 1.0400	 0.9959	 0.0047
 1.0450	 1.0057	 0.0055
 1.0500	 1.0070	 0.0048
 1.0550	 1.0013	 0.0045
 1.0600	 1.0040	 0.0046
 1.0650	 1.0065	 0.0049
 1.0700	 1.0121	 0.0051
 1.0750	 1.0150	 0.0043
 1.0800	 1.0044	 0.0045
 1.0850	 1.0053	 0.0045
 1.0900	 1.0027	 0.0048
 1.0950	 1.0051	 0.0051
 1.1000	 1.0078	 0.0047
 1.1050	 1.0073	 0.0047
 1.1100	 1.0063	 0.0060
 1.1150	 1.0046	 0.0062
 1.1200	 1.0070	 0.0061
 1.1250	 1.0080	 0.0054
 1.1300	 1.0146	 0.0051
 1.1350	 1.0091	 0.0056
 1.1400	 1.0151	 0.0050
 1.1450	 1.0204	 0.0051
 1.1500	 1.0253	 0.0051
 1.1550	 1.0219	 0.0046
 1.1600	 1.0187	 0.0051
 1.1650	 1.0267	 0.0046
 1.1700	 1.0279	 0.0046
 1.1750	 1.0288	 0.0045
 1.1800	 1.0279	 0.0044
 1.1850	 1.0290	 0.0045
 1.1900	 1.0301	 0.0044
 1.1950	 1.0293	 0.0046
 1.2000	 1.0332	 0.0044
 1.2050	 1.0348	 0.0045
 1.2100	 1.0345	 0.0045
 1.2150	 1.0299	 0.0044
 1.2200	 1.0323	 0.0041
 1.2250	 1.0430	 0.0050
 1.2350	 1.0439	 0.0048
 1.2400	 1.0352	 0.0047
 1.2450	 1.0450	 0.0044
 1.2500	 1.0473	 0.0043
 1.2550	 1.0433	 0.0044
 1.2600	 1.0343	 0.0048
 1.2650	 1.0418	 0.0058
 1.2700	 1.0414	 0.0049
 1.2750	 1.0426	 0.0047
 1.2800	 1.0437	 0.0047
 1.2850	 1.0465	 0.0048
 1.2900	 1.0540	 0.0051
 1.2950	 1.0494	 0.0043
 1.3000	 1.0468	 0.0047
 1.3050	 1.0552	 0.0047
 1.3100	 1.0635	 0.0047
 1.3150	 1.0594	 0.0045
 1.3200	 1.0612	 0.0048
 1.3250	 1.0622	 0.0045
 1.3300	 1.0591	 0.0048
 1.3350	 1.0661	 0.0053
 1.3400	 1.0555	 0.0053
 1.3450	 1.0578	 0.0054
 1.3500	 1.0507	 0.0057
 1.3650	 1.0416	 0.0087
 1.3750	 1.0680	 0.0088
 1.3800	 1.0451	 0.0092
 1.3850	 1.0629	 0.0077
 1.3900	 1.0890	 0.0082
 1.3950	 1.0704	 0.0073
 1.4000	 1.0485	 0.0071
 1.4050	 1.0762	 0.0086
 1.4100	 1.0799	 0.0074
 1.4150	 1.0995	 0.0068
 1.4200	 1.0917	 0.0059
 1.4250	 1.0762	 0.0058
 1.4300	 1.0565	 0.0053
 1.4350	 1.0729	 0.0058
 1.4400	 1.0874	 0.0069
 1.4450	 1.0813	 0.0057
 1.4500	 1.0766	 0.0054
 1.4550	 1.0703	 0.0055
 1.4600	 1.0697	 0.0054
 1.4650	 1.0739	 0.0055
 1.4700	 1.0877	 0.0069
 1.4750	 1.0822	 0.0066
 1.4800	 1.0859	 0.0052
 1.4850	 1.0815	 0.0058
 1.4900	 1.0920	 0.0056
 1.4950	 1.0873	 0.0056
 1.5000	 1.0822	 0.0058
 1.5050	 1.0883	 0.0058
 1.5100	 1.0924	 0.0054
 1.5150	 1.0796	 0.0059
 1.5200	 1.0831	 0.0061
 1.5250	 1.0859	 0.0061
 1.5300	 1.0925	 0.0057
 1.5350	 1.1012	 0.0057
 1.5400	 1.0984	 0.0054
 1.5450	 1.0890	 0.0063
 1.5500	 1.0882	 0.0058
 1.5550	 1.0884	 0.0057
 1.5600	 1.0887	 0.0056
 1.5650	 1.0903	 0.0058
 1.5700	 1.0951	 0.0058
 1.5750	 1.0885	 0.0053
 1.5800	 1.0857	 0.0058
 1.5850	 1.0953	 0.0054
 1.5900	 1.0906	 0.0053
 1.5950	 1.0884	 0.0055
 1.6000	 1.0967	 0.0056
 1.6050	 1.1037	 0.0054
 1.6100	 1.0854	 0.0056
 1.6150	 1.0906	 0.0070
 1.6200	 1.0947	 0.0065
 1.6250	 1.0937	 0.0060
 1.6300	 1.0883	 0.0062
 1.6350	 1.0846	 0.0065
 1.6400	 1.0876	 0.0055
 1.6450	 1.0955	 0.0061
 1.6500	 1.0990	 0.0064
 1.6550	 1.1026	 0.0057
 1.6600	 1.1029	 0.0056
 1.6650	 1.1007	 0.0063
 1.6700	 1.1096	 0.0066
 1.6750	 1.0989	 0.0058
 1.6800	 1.0861	 0.0061
 1.6850	 1.0980	 0.0059
 1.6900	 1.0996	 0.0063
 1.6950	 1.0901	 0.0064
 1.7000	 1.0851	 0.0062
 1.7050	 1.1014	 0.0064
 1.7100	 1.1043	 0.0067
 1.7150	 1.1056	 0.0065
 1.7200	 1.1093	 0.0062
 1.7250	 1.1098	 0.0067
 1.7300	 1.1261	 0.0071
 1.7350	 1.1132	 0.0064
 1.7400	 1.1118	 0.0069
 1.7450	 1.1122	 0.0076
 1.7500	 1.1039	 0.0059
 1.7550	 1.1001	 0.0067
 1.7600	 1.1028	 0.0068
 1.7650	 1.1052	 0.0062
 1.7700	 1.1153	 0.0063
 1.7750	 1.1078	 0.0069
 1.7800	 1.1121	 0.0066
 1.7850	 1.1051	 0.0070
 1.7900	 1.0958	 0.0074
 1.7950	 1.1087	 0.0075
 1.8000	 1.1221	 0.0083
 1.8050	 1.1007	 0.0088
 1.8100	 1.0983	 0.0087
 1.8150	 1.1043	 0.0091
 1.8200	 1.1235	 0.0111
 1.8250	 1.1145	 0.0111
 1.8300	 1.1213	 0.0139
 1.8400	 1.0974	 0.0128
 1.8450	 1.1202	 0.0137
 1.8500	 1.1074	 0.0138
 1.8550	 1.1113	 0.0133
 1.8650	 1.1249	 0.0143
 1.8750	 1.1256	 0.0202
 1.8800	 1.1189	 0.0147
 1.8850	 1.1011	 0.0126
 1.8900	 1.1267	 0.0113
 1.8950	 1.1210	 0.0120
 1.9000	 1.1012	 0.0134
 1.9050	 1.1197	 0.0141
 1.9100	 1.1266	 0.0134
 1.9150	 1.1319	 0.0138
 1.9250	 1.1164	 0.0117
 1.9300	 1.1249	 0.0111
 1.9350	 1.1267	 0.0102
 1.9400	 1.1273	 0.0100
 1.9450	 1.1252	 0.0108
 1.9500	 1.1130	 0.0099
 1.9600	 1.1088	 0.0107
 1.9650	 1.1100	 0.0104
 1.9700	 1.1131	 0.0095
 1.9750	 1.1101	 0.0089
 1.9800	 1.1178	 0.0087
 1.9850	 1.1288	 0.0083
 1.9900	 1.1342	 0.0094
 1.9950	 1.1198	 0.0113
 2.0050	 1.1045	 0.0130
 2.0100	 1.1098	 0.0120
 2.0150	 1.1073	 0.0119
 2.0200	 1.1255	 0.0123
 2.0250	 1.1191	 0.0101
 2.0300	 1.1136	 0.0095
 2.0350	 1.1201	 0.0089
 2.0400	 1.1218	 0.0085
 2.0450	 1.1389	 0.0090
 2.0550	 1.1133	 0.0097
 2.0600	 1.1109	 0.0091
 2.0650	 1.1182	 0.0093
 2.0700	 1.1380	 0.0097
 2.0750	 1.1391	 0.0089
 2.0800	 1.1297	 0.0090
 2.0850	 1.1278	 0.0091
 2.0900	 1.1240	 0.0102
 2.0950	 1.1174	 0.0085
 2.1000	 1.1137	 0.0086
 2.1050	 1.1153	 0.0092
 2.1100	 1.1245	 0.0093
 2.1150	 1.1216	 0.0091
 2.1200	 1.1343	 0.0099
 2.1250	 1.1287	 0.0091
 2.1300	 1.1391	 0.0090
 2.1350	 1.1423	 0.0093
 2.1400	 1.1530	 0.0094
 2.1450	 1.1376	 0.0112
 2.1500	 1.1258	 0.0108
 2.1550	 1.1333	 0.0096
 2.1600	 1.1503	 0.0095
 2.1650	 1.1591	 0.0094
 2.1700	 1.1515	 0.0101
 2.1750	 1.1459	 0.0117
 2.1800	 1.1341	 0.0114
 2.1850	 1.1463	 0.0098
 2.1900	 1.1529	 0.0107
 2.1950	 1.1561	 0.0108
 2.2000	 1.1643	 0.0110
 2.2050	 1.1688	 0.0107
 2.2100	 1.1589	 0.0112
 2.2150	 1.1561	 0.0109
 2.2200	 1.1716	 0.0112
 2.2250	 1.1753	 0.0120
 2.2300	 1.1736	 0.0107
 2.2350	 1.1651	 0.0111
 2.2400	 1.1552	 0.0119
 2.2450	 1.1807	 0.0117
 2.2500	 1.1608	 0.0112
 2.2550	 1.1725	 0.0120
 2.2600	 1.1906	 0.0115
 2.2650	 1.1839	 0.0113
 2.2700	 1.1822	 0.0115
 2.2750	 1.1600	 0.0120
 2.2800	 1.1916	 0.0124
 2.2850	 1.1799	 0.0122
 2.2900	 1.1994	 0.0123
 2.2950	 1.2309	 0.0123
 2.3000	 1.2160	 0.0126
 2.3050	 1.2028	 0.0125
 2.3100	 1.1962	 0.0128
 2.3150	 1.2083	 0.0132
 2.3200	 1.2302	 0.0129
 2.3250	 1.2353	 0.0139
 2.3300	 1.2488	 0.0128
 2.3350	 1.2401	 0.0135
 2.3400	 1.2555	 0.0139
 2.3450	 1.2381	 0.0136
 2.3500	 1.2557	 0.0144
 2.3550	 1.2551	 0.0144
 2.3600	 1.2574	 0.0137
 2.3650	 1.2618	 0.0139
 2.3700	 1.2608	 0.0141
 2.3750	 1.2788	 0.0145
 2.3800	 1.2808	 0.0146
 2.3850	 1.2786	 0.0154
 2.3900	 1.2834	 0.0158
 2.3950	 1.2933	 0.0147
 2.4000	 1.3020	 0.0149
 2.4050	 1.3436	 0.0153
 2.4200	 1.3159	 0.0167
 2.4250	 1.3309	 0.0164
 2.4300	 1.3436	 0.0159
 2.4400	 1.3500	 0.0159
 2.4450	 1.3377	 0.0166
 2.4500	 1.3344	 0.0161
 2.4550	 1.3807	 0.0179
 2.4600	 1.3839	 0.0192
 2.4700	 1.3913	 0.0184
 2.4750	 1.4107	 0.0178
 2.4800	 1.3783	 0.0189
 2.4850	 1.4639	 0.0212
 2.4900	 1.4265	 0.0238
 	 	 
