0.450000	0.906778	0.018899
0.455000	0.911805	0.018881
0.460000	0.917020	0.018870
0.465000	0.922393	0.018858
0.470000	0.927894	0.018843
0.475000	0.933489	0.018821
0.480000	0.939147	0.018793
0.485000	0.944835	0.018759
0.490000	0.950519	0.018721
0.495000	0.956167	0.018678
0.500000	0.961747	0.018634
0.505000	0.967229	0.018590
0.510000	0.972583	0.018546
0.515000	0.977783	0.018504
0.520000	0.982804	0.018464
0.525000	0.987623	0.018427
0.530000	0.992222	0.018392
0.535000	0.996584	0.018359
0.540000	1.000697	0.018329
0.545000	1.004553	0.018301
0.550000	1.008146	0.018274
0.555000	1.011475	0.018249
0.560000	1.014544	0.018226
0.565000	1.017358	0.018204
0.570000	1.019929	0.018185
0.575000	1.022269	0.018167
0.580000	1.024396	0.018151
0.585000	1.026331	0.018138
0.590000	1.028096	0.018128
0.595000	1.029715	0.018120
0.600000	1.031215	0.018115
0.605000	1.032624	0.018112
0.610000	1.033970	0.018112
0.615000	1.035280	0.018113
0.620000	1.036584	0.018117
0.625000	1.037905	0.018121
0.630000	1.039270	0.018126
0.635000	1.040701	0.018132
0.640000	1.042215	0.018138
0.645000	1.043828	0.018143
0.650000	1.045553	0.018149
0.655000	1.047396	0.018154
0.660000	1.049358	0.018160
0.665000	1.051439	0.018167
0.670000	1.053629	0.018174
0.675000	1.055915	0.018183
0.680000	1.058278	0.018193
0.685000	1.060696	0.018204
0.690000	1.063139	0.018218
0.695000	1.065573	0.018233
0.700000	1.067962	0.018249
0.705000	1.070262	0.018266
0.710000	1.072431	0.018282
0.715000	1.074419	0.018296
0.720000	1.076179	0.018306
0.725000	1.077660	0.018312
0.730000	1.078812	0.018312
0.735000	1.079585	0.018303
0.740000	1.079931	0.018284
0.745000	1.079805	0.018255
0.750000	1.079163	0.018213
0.755000	1.077969	0.018158
0.760000	1.076189	0.018089
0.765000	1.073795	0.018008
0.770000	1.070766	0.017913
0.775000	1.067089	0.017805
0.780000	1.062756	0.017687
0.785000	1.057769	0.017560
0.790000	1.052135	0.017426
0.795000	1.045872	0.017288
0.800000	1.039005	0.017147
0.805000	1.031565	0.017007
0.810000	1.023594	0.016869
0.815000	1.015137	0.016737
0.820000	1.006248	0.016613
0.825000	0.996986	0.016498
0.830000	0.987414	0.016394
0.835000	0.977601	0.016302
0.840000	0.967618	0.016222
0.845000	0.957536	0.016155
0.850000	0.947430	0.016100
0.855000	0.937374	0.016055
0.860000	0.927439	0.016021
0.865000	0.917695	0.015996
0.870000	0.908210	0.015979
0.875000	0.899045	0.015967
0.880000	0.890259	0.015960
0.885000	0.881902	0.015957
0.890000	0.874020	0.015955
0.895000	0.866650	0.015955
0.900000	0.859824	0.015955
0.905000	0.853565	0.015955
0.910000	0.847887	0.015955
0.915000	0.842799	0.015954
0.920000	0.838302	0.015953
0.925000	0.834389	0.015951
0.930000	0.831047	0.015948
0.935000	0.828258	0.015946
0.940000	0.825996	0.015943
0.945000	0.824234	0.015941
0.950000	0.822940	0.015938
0.955000	0.822079	0.015936
0.960000	0.821614	0.015935
0.965000	0.821509	0.015934
0.970000	0.821725	0.015933
0.975000	0.822228	0.015932
0.980000	0.822982	0.015932
0.985000	0.823954	0.015932
0.990000	0.825116	0.015932
0.995000	0.826442	0.015932
1.000000	0.827910	0.015932
1.005000	0.829503	0.015931
1.010000	0.831205	0.015931
1.015000	0.833009	0.015931
1.020000	0.834909	0.015930
1.025000	0.836903	0.015930
1.030000	0.838994	0.015929
1.035000	0.841186	0.015929
1.040000	0.843488	0.015928
1.045000	0.845907	0.015928
1.050000	0.848455	0.015928
1.055000	0.851144	0.015928
1.060000	0.853983	0.015928
1.065000	0.856983	0.015928
1.070000	0.860154	0.015928
1.075000	0.863501	0.015928
1.080000	0.867030	0.015928
1.085000	0.870741	0.015927
1.090000	0.874634	0.015927
1.095000	0.878702	0.015927
1.100000	0.882938	0.015927
1.105000	0.887329	0.015927
1.110000	0.891859	0.015927
1.115000	0.896509	0.015927
1.120000	0.901257	0.015928
1.125000	0.906080	0.015928
1.130000	0.910951	0.015929
1.135000	0.915842	0.015930
1.140000	0.920725	0.015932
1.145000	0.925570	0.015934
1.150000	0.930349	0.015936
1.155000	0.935036	0.015938
1.160000	0.939604	0.015940
1.165000	0.944030	0.015942
1.170000	0.948294	0.015944
1.175000	0.952378	0.015946
1.180000	0.956269	0.015947
1.185000	0.959958	0.015948
1.190000	0.963439	0.015949
1.195000	0.966711	0.015949
1.200000	0.969778	0.015949
1.205000	0.972647	0.015948
1.210000	0.975330	0.015947
1.215000	0.977843	0.015945
1.220000	0.980205	0.015943
1.225000	0.982438	0.015941
1.230000	0.984566	0.015939
1.235000	0.986617	0.015937
1.240000	0.988618	0.015935
1.245000	0.990599	0.015933
1.250000	0.992589	0.015932
1.255000	0.994618	0.015930
1.260000	0.996714	0.015929
1.265000	0.998905	0.015928
1.270000	1.001215	0.015927
1.275000	1.003669	0.015926
1.280000	1.006287	0.015926
1.285000	1.009088	0.015926
1.290000	1.012086	0.015926
1.295000	1.015293	0.015926
1.300000	1.018718	0.015926
1.305000	1.022365	0.015927
1.310000	1.026237	0.015927
1.315000	1.030333	0.015928
1.320000	1.034647	0.015929
1.325000	1.039174	0.015931
1.330000	1.043902	0.015932
1.335000	1.048821	0.015934
1.340000	1.053916	0.015936
1.345000	1.059170	0.015939
1.350000	1.064568	0.015941
1.355000	1.070089	0.015944
1.360000	1.075716	0.015946
1.365000	1.081427	0.015949
1.370000	1.087204	0.015951
1.375000	1.093026	0.015953
1.380000	1.098872	0.015955
1.385000	1.104724	0.015956
1.390000	1.110563	0.015957
1.395000	1.116370	0.015957
1.400000	1.122128	0.015956
1.405000	1.127821	0.015955
1.410000	1.133434	0.015954
1.415000	1.138952	0.015952
1.420000	1.144363	0.015950
1.425000	1.149656	0.015947
1.430000	1.154818	0.015945
1.435000	1.159842	0.015942
1.440000	1.164718	0.015940
1.445000	1.169441	0.015937
1.450000	1.174003	0.015935
1.455000	1.178401	0.015933
1.460000	1.182629	0.015931
1.465000	1.186687	0.015930
1.470000	1.190571	0.015929
1.475000	1.194280	0.015928
1.480000	1.197815	0.015928
1.485000	1.201175	0.015928
1.490000	1.204363	0.015928
1.495000	1.207379	0.015928
1.500000	1.210227	0.015928
1.505000	1.212908	0.015928
1.510000	1.215427	0.015928
1.515000	1.217786	0.015928
1.520000	1.219990	0.015929
1.525000	1.222042	0.015929
1.530000	1.223946	0.015929
1.535000	1.225705	0.015928
1.540000	1.227325	0.015928
1.545000	1.228808	0.015928
1.550000	1.230158	0.015928
1.555000	1.231378	0.015928
1.560000	1.232472	0.015928
1.565000	1.233442	0.015928
1.570000	1.234290	0.015928
1.575000	1.235018	0.015928
1.580000	1.235629	0.015928
1.585000	1.236124	0.015928
1.590000	1.236503	0.015928
1.595000	1.236768	0.015928
1.600000	1.236920	0.015929
1.605000	1.236959	0.015929
1.610000	1.236886	0.015929
1.615000	1.236702	0.015929
1.620000	1.236406	0.015929
1.625000	1.236000	0.015929
1.630000	1.235484	0.015929
1.635000	1.234860	0.015929
1.640000	1.234129	0.015929
1.645000	1.233293	0.015929
1.650000	1.232353	0.015929
1.655000	1.231313	0.015929
1.660000	1.230175	0.015929
1.665000	1.228943	0.015929
1.670000	1.227619	0.015930
1.675000	1.226209	0.015930
1.680000	1.224718	0.015930
1.685000	1.223149	0.015931
1.690000	1.221509	0.015931
1.695000	1.219804	0.015931
1.700000	1.218039	0.015931
1.705000	1.216220	0.015932
1.710000	1.214355	0.015931
1.715000	1.212449	0.015931
1.720000	1.210511	0.015931
1.725000	1.208546	0.015931
1.730000	1.206561	0.015931
1.735000	1.204563	0.015931
1.740000	1.202560	0.015931
1.745000	1.200558	0.015932
1.750000	1.198562	0.015932
1.755000	1.196581	0.015934
1.760000	1.194620	0.015936
1.765000	1.192685	0.015938
1.770000	1.190781	0.015941
1.775000	1.188915	0.015945
1.780000	1.187091	0.015949
1.785000	1.185314	0.015954
1.790000	1.183588	0.015960
1.795000	1.181918	0.015966
1.800000	1.180307	0.015972
1.805000	1.178759	0.015978
1.810000	1.177276	0.015985
1.815000	1.175861	0.015991
1.820000	1.174515	0.015997
1.825000	1.173241	0.016003
1.830000	1.172039	0.016009
1.835000	1.170910	0.016014
1.840000	1.169855	0.016019
1.845000	1.168872	0.016023
1.850000	1.167962	0.016026
1.855000	1.167124	0.016029
1.860000	1.166355	0.016031
1.865000	1.165654	0.016032
1.870000	1.165020	0.016033
1.875000	1.164449	0.016032
1.880000	1.163940	0.016031
1.885000	1.163489	0.016029
1.890000	1.163095	0.016027
1.895000	1.162754	0.016023
1.900000	1.162463	0.016020
1.905000	1.162220	0.016015
1.910000	1.162021	0.016010
1.915000	1.161865	0.016005
1.920000	1.161749	0.015999
1.925000	1.161670	0.015993
1.930000	1.161627	0.015987
1.935000	1.161618	0.015981
1.940000	1.161641	0.015975
1.945000	1.161696	0.015970
1.950000	1.161780	0.015964
1.955000	1.161894	0.015960
1.960000	1.162037	0.015956
1.965000	1.162209	0.015952
1.970000	1.162409	0.015949
1.975000	1.162639	0.015947
1.980000	1.162899	0.015945
1.985000	1.163189	0.015944
1.990000	1.163510	0.015943
1.995000	1.163864	0.015943
2.000000	1.164252	0.015942
2.005000	1.164675	0.015942
2.010000	1.165135	0.015942
2.015000	1.165633	0.015942
2.020000	1.166172	0.015943
2.025000	1.166754	0.015943
2.030000	1.167381	0.015943
2.035000	1.168055	0.015942
2.040000	1.168780	0.015942
2.045000	1.169559	0.015942
2.050000	1.170394	0.015941
2.055000	1.171290	0.015941
2.060000	1.172249	0.015941
2.065000	1.173275	0.015940
2.070000	1.174372	0.015940
2.075000	1.175544	0.015939
2.080000	1.176794	0.015939
2.085000	1.178126	0.015939
2.090000	1.179544	0.015939
2.095000	1.181050	0.015939
2.100000	1.182648	0.015939
2.105000	1.184338	0.015940
2.110000	1.186124	0.015940
2.115000	1.188004	0.015940
2.120000	1.189979	0.015941
2.125000	1.192048	0.015941
2.130000	1.194207	0.015942
2.135000	1.196454	0.015942
2.140000	1.198783	0.015943
2.145000	1.201188	0.015943
2.150000	1.203661	0.015944
2.155000	1.206192	0.015944
2.160000	1.208772	0.015945
2.165000	1.211388	0.015945
2.170000	1.214028	0.015946
2.175000	1.216678	0.015947
2.180000	1.219322	0.015947
2.185000	1.221946	0.015948
2.190000	1.224533	0.015949
2.195000	1.227068	0.015950
2.200000	1.229534	0.015951
2.205000	1.231916	0.015952
2.210000	1.234200	0.015953
2.215000	1.236371	0.015954
2.220000	1.238418	0.015955
2.225000	1.240330	0.015955
2.230000	1.242098	0.015956
2.235000	1.243717	0.015957
2.240000	1.245182	0.015958
2.245000	1.246492	0.015959
2.250000	1.247648	0.015960
2.255000	1.248657	0.015961
2.260000	1.249524	0.015962
2.265000	1.250262	0.015964
2.270000	1.250882	0.015965
2.275000	1.251402	0.015967
2.280000	1.251840	0.015970
2.285000	1.252218	0.015973
2.290000	1.252559	0.015976
2.295000	1.252886	0.015980
2.300000	1.253228	0.015984
2.305000	1.253610	0.015989
2.310000	1.254059	0.015995
2.315000	1.254602	0.016001
2.320000	1.255267	0.016008
2.325000	1.256077	0.016015
2.330000	1.257056	0.016023
2.335000	1.258225	0.016031
2.340000	1.259602	0.016039
2.345000	1.261203	0.016047
2.350000	1.263038	0.016055
2.355000	1.265116	0.016063
2.360000	1.267440	0.016071
2.365000	1.270009	0.016079
2.370000	1.272818	0.016089
2.375000	1.275856	0.016101
2.380000	1.279109	0.016119
2.385000	1.282559	0.016145
2.390000	1.286181	0.016184
2.395000	1.289948	0.016242
2.400000	1.293830	0.016327
2.405000	1.297792	0.016450
2.410000	1.301796	0.016623
2.415000	1.305802	0.016860
2.420000	1.309770	0.017177
2.425000	1.313656	0.017592
2.430000	1.317416	0.018122
2.435000	1.321007	0.018784
2.440000	1.324385	0.019594
2.445000	1.327509	0.020563
2.450000	1.330338	0.021702
