0.450000	1.257982	0.088480
0.455000	1.257982	0.088480
0.460000	1.257982	0.088480
0.465000	1.257982	0.088480
0.470000	1.257982	0.088480
0.475000	1.257982	0.088480
0.480000	1.257982	0.088480
0.485000	1.257982	0.088480
0.490000	1.257982	0.088480
0.495000	1.257982	0.088480
0.500000	1.257982	0.088480
0.505000	1.257982	0.088480
0.510000	1.257982	0.088480
0.515000	1.257982	0.088480
0.520000	1.257982	0.088480
0.525000	1.257982	0.088480
0.530000	1.257982	0.088480
0.535000	1.257982	0.088480
0.540000	1.257982	0.088480
0.545000	1.257982	0.088480
0.550000	1.223294	0.087676
0.555000	1.257982	0.088480
0.560000	1.257982	0.088480
0.565000	1.257982	0.088480
0.570000	1.257982	0.088480
0.575000	1.257982	0.088480
0.580000	1.257982	0.088480
0.585000	1.257982	0.088480
0.590000	1.257982	0.088480
0.595000	1.257982	0.088480
0.600000	1.257982	0.088480
0.605000	1.257982	0.088480
0.610000	1.257982	0.088480
0.615000	1.257982	0.088480
0.620000	1.257982	0.088480
0.625000	1.257982	0.088480
0.630000	1.257982	0.088480
0.635000	1.257982	0.088480
0.640000	1.257982	0.088480
0.645000	1.257982	0.088480
0.650000	1.257982	0.088480
0.655000	1.257982	0.088480
0.660000	1.257982	0.088480
0.665000	1.257982	0.088480
0.670000	1.257982	0.088480
0.675000	1.257982	0.088480
0.680000	1.257982	0.088480
0.685000	1.257982	0.088480
0.690000	1.257982	0.088480
0.695000	1.257982	0.088480
0.700000	1.257982	0.088480
0.705000	1.257982	0.088480
0.710000	1.257982	0.088480
0.715000	1.257982	0.088480
0.720000	1.257982	0.088480
0.725000	1.257982	0.088480
0.730000	1.257982	0.088480
0.735000	1.257982	0.088480
0.740000	1.257982	0.088480
0.745000	1.257982	0.088480
0.750000	1.257982	0.088480
0.755000	1.257982	0.088480
0.760000	1.257982	0.088480
0.765000	1.257982	0.088480
0.770000	1.257982	0.088480
0.775000	1.257982	0.088480
0.780000	1.257982	0.088480
0.785000	1.257982	0.088480
0.790000	1.257982	0.088480
0.795000	1.257982	0.088480
0.800000	1.257982	0.088480
0.805000	1.257982	0.088480
0.810000	1.257982	0.088480
0.815000	1.257982	0.088480
0.820000	1.249631	0.087675
0.825000	1.257982	0.088480
0.830000	1.246780	0.087675
0.835000	1.245058	0.087675
0.840000	1.244937	0.087675
0.845000	1.244372	0.087675
0.850000	1.242731	0.087675
0.855000	1.241090	0.087675
0.860000	1.239839	0.087675
0.865000	1.237956	0.087675
0.870000	1.237539	0.087675
0.875000	1.236746	0.087675
0.880000	1.235831	0.087675
0.885000	1.235051	0.087675
0.890000	1.235091	0.087675
0.895000	1.234028	0.087675
0.900000	1.233087	0.087675
0.905000	1.234069	0.087675
0.910000	1.232885	0.087675
0.915000	1.232952	0.087675
0.920000	1.232401	0.087675
0.925000	1.233544	0.087675
0.930000	1.233221	0.087675
0.935000	1.233154	0.087675
0.940000	1.233894	0.087675
0.945000	1.234822	0.087675
0.950000	1.235669	0.087675
0.955000	1.236423	0.087675
0.960000	1.236503	0.087675
0.965000	1.237996	0.087675
0.970000	1.238171	0.087675
0.975000	1.239395	0.087675
0.980000	1.241762	0.087675
0.985000	1.242381	0.087675
0.990000	1.241803	0.087675
0.995000	1.243699	0.087675
1.000000	1.243928	0.087675
1.005000	1.244708	0.087675
1.010000	1.245919	0.087675
1.015000	1.246443	0.087675
1.020000	1.246268	0.087675
1.025000	1.247506	0.087675
1.030000	1.247398	0.087675
1.035000	1.248152	0.087675
1.040000	1.248811	0.087675
1.045000	1.249564	0.087675
1.050000	1.248703	0.087675
1.055000	1.248730	0.087675
1.060000	1.250654	0.087675
1.065000	1.251730	0.087675
1.070000	1.251864	0.087675
1.075000	1.252819	0.087675
1.080000	1.253855	0.087675
1.085000	1.253236	0.087675
1.090000	1.253922	0.087675
1.095000	1.254581	0.087675
1.100000	1.256397	0.087675
1.105000	1.255536	0.087675
1.110000	1.254985	0.087675
1.115000	1.256290	0.087675
1.120000	1.256599	0.087675
1.125000	1.258065	0.087675
1.130000	1.258240	0.087675
1.135000	1.259276	0.087675
1.140000	1.260096	0.087675
1.145000	1.259841	0.087675
1.150000	1.260419	0.087675
1.155000	1.261576	0.087675
1.160000	1.261361	0.087675
1.165000	1.262719	0.087675
1.170000	1.262316	0.087675
1.175000	1.263082	0.087675
1.180000	1.264522	0.087675
1.185000	1.264091	0.087675
1.190000	1.264064	0.087675
1.195000	1.263002	0.087675
1.200000	1.265073	0.087675
1.205000	1.265127	0.087675
1.210000	1.264172	0.087675
1.215000	1.264965	0.087675
1.220000	1.264347	0.087675
1.225000	1.264885	0.087675
1.230000	1.264522	0.087675
1.235000	1.265719	0.087675
1.240000	1.265826	0.087675
1.245000	1.265867	0.087675
1.250000	1.267508	0.087675
1.255000	1.264979	0.087675
1.260000	1.265409	0.087675
1.265000	1.266391	0.087675
1.270000	1.267763	0.087675
1.275000	1.265490	0.087675
1.280000	1.264629	0.087675
1.285000	1.267656	0.087675
1.290000	1.266660	0.087675
1.295000	1.267279	0.087675
1.300000	1.267279	0.087675
1.305000	1.267292	0.087675
1.310000	1.268490	0.087675
1.315000	1.269700	0.087675
1.320000	1.270198	0.087675
1.325000	1.269754	0.087675
1.330000	1.269875	0.087675
1.335000	1.270319	0.087675
1.340000	1.269566	0.087675
1.345000	1.269874	0.087675
1.350000	1.257982	0.088480
1.355000	1.257982	0.088480
1.360000	1.268139	0.087675
1.365000	1.270237	0.087675
1.370000	1.270439	0.087675
1.375000	1.269565	0.087675
1.380000	1.257982	0.088480
1.385000	1.274972	0.087675
1.390000	1.272578	0.087675
1.395000	1.272954	0.087675
1.400000	1.271865	0.087675
1.405000	1.273802	0.087675
1.410000	1.274353	0.087675
1.415000	1.273547	0.087675
1.420000	1.274650	0.087675
1.425000	1.274260	0.087675
1.430000	1.276049	0.087675
1.435000	1.275780	0.087675
1.440000	1.275282	0.087675
1.445000	1.274690	0.087675
1.450000	1.275968	0.087675
1.455000	1.276708	0.087675
1.460000	1.275686	0.087675
1.465000	1.276089	0.087675
1.470000	1.276936	0.087675
1.475000	1.276062	0.087675
1.480000	1.275565	0.087675
1.485000	1.276883	0.087675
1.490000	1.276883	0.087675
1.495000	1.274018	0.087675
1.500000	1.273453	0.087675
1.505000	1.275941	0.087675
1.510000	1.276452	0.087675
1.515000	1.276291	0.087675
1.520000	1.275323	0.087675
1.525000	1.273332	0.087675
1.530000	1.273560	0.087675
1.535000	1.272646	0.087675
1.540000	1.274112	0.087675
1.545000	1.273830	0.087675
1.550000	1.274744	0.087675
1.555000	1.274515	0.087675
1.560000	1.271946	0.087675
1.565000	1.274408	0.087675
1.570000	1.274892	0.087675
1.575000	1.271045	0.087675
1.580000	1.271839	0.087675
1.585000	1.271166	0.087675
1.590000	1.269969	0.087675
1.595000	1.270534	0.087675
1.600000	1.270265	0.087675
1.605000	1.270924	0.087675
1.610000	1.269929	0.087675
1.615000	1.269283	0.087675
1.620000	1.269552	0.087675
1.625000	1.267521	0.087675
1.630000	1.267857	0.087675
1.635000	1.268247	0.087675
1.640000	1.266284	0.087675
1.645000	1.267642	0.087675
1.650000	1.267521	0.087675
1.655000	1.267360	0.087675
1.660000	1.267252	0.087675
1.665000	1.265651	0.087675
1.670000	1.263580	0.087675
1.675000	1.264669	0.087675
1.680000	1.264669	0.087675
1.685000	1.262867	0.087675
1.690000	1.262383	0.087675
1.695000	1.260634	0.087675
1.700000	1.262275	0.087675
1.705000	1.262168	0.087675
1.710000	1.261293	0.087675
1.715000	1.260136	0.087675
1.720000	1.260621	0.087675
1.725000	1.260970	0.087675
1.730000	1.262692	0.087675
1.735000	1.260970	0.087675
1.740000	1.259733	0.087675
1.745000	1.260298	0.087675
1.750000	1.258455	0.087675
1.755000	1.258388	0.087675
1.760000	1.258576	0.087675
1.765000	1.256881	0.087675
1.770000	1.257150	0.087675
1.775000	1.258401	0.087675
1.780000	1.258105	0.087675
1.785000	1.258912	0.087675
1.790000	1.257487	0.087675
1.795000	1.255536	0.087675
1.800000	1.256021	0.087675
1.805000	1.256451	0.087675
1.810000	1.255281	0.087675
1.815000	1.254124	0.087675
1.820000	1.256343	0.087675
1.825000	1.256303	0.087675
1.830000	1.255402	0.087675
1.835000	1.254340	0.087676
1.840000	1.257823	0.087676
1.845000	1.257823	0.087676
1.850000	1.256424	0.087676
1.855000	1.255483	0.087676
1.860000	1.254878	0.087676
1.865000	1.254488	0.087676
1.870000	1.254461	0.087676
1.875000	1.257982	0.088480
1.880000	1.253856	0.087676
1.885000	1.253788	0.087676
1.890000	1.253559	0.087675
1.895000	1.253344	0.087676
1.900000	1.257312	0.087676
1.905000	1.255725	0.087676
1.910000	1.252860	0.087676
1.915000	1.252309	0.087676
1.920000	1.253331	0.087676
1.925000	1.252295	0.087675
1.930000	1.251663	0.087675
1.935000	1.250990	0.087675
1.940000	1.255671	0.087675
1.945000	1.253801	0.087675
1.950000	1.252201	0.087675
1.955000	1.252470	0.087675
1.960000	1.253573	0.087675
1.965000	1.251690	0.087675
1.970000	1.252349	0.087675
1.975000	1.254151	0.087675
1.980000	1.252591	0.087675
1.985000	1.251972	0.087675
1.990000	1.252416	0.087675
1.995000	1.252591	0.087675
2.000000	1.252766	0.087675
2.005000	1.251918	0.087675
2.010000	1.251461	0.087675
2.015000	1.252524	0.087675
2.020000	1.253734	0.087675
2.025000	1.252430	0.087676
2.030000	1.252416	0.087675
2.035000	1.252927	0.087675
2.040000	1.251986	0.087675
2.045000	1.252214	0.087675
2.050000	1.253263	0.087675
2.055000	1.254084	0.087675
2.060000	1.253869	0.087675
2.065000	1.254568	0.087675
2.070000	1.257982	0.088480
2.075000	1.257982	0.088480
2.080000	1.255994	0.087675
2.085000	1.254716	0.087675
2.090000	1.254245	0.087675
2.095000	1.256088	0.087675
2.100000	1.254945	0.087675
2.105000	1.254514	0.087675
2.110000	1.254716	0.087675
2.115000	1.255792	0.087675
2.120000	1.256195	0.087675
2.125000	1.254702	0.087675
2.130000	1.256115	0.087675
2.135000	1.257218	0.087675
2.140000	1.258078	0.087675
2.145000	1.255792	0.087675
2.150000	1.256074	0.087675
2.155000	1.257554	0.087675
2.160000	1.256464	0.087675
2.165000	1.257285	0.087675
2.170000	1.257957	0.087675
2.175000	1.257002	0.087675
2.180000	1.258052	0.087675
2.185000	1.258590	0.087675
2.190000	1.258025	0.087675
2.195000	1.259814	0.087675
2.200000	1.258966	0.087675
2.205000	1.259249	0.087675
2.210000	1.259612	0.087675
2.215000	1.258078	0.087675
2.220000	1.258670	0.087675
2.225000	1.259410	0.087675
2.230000	1.258670	0.087675
2.235000	1.258213	0.087675
2.240000	1.257258	0.087675
2.245000	1.259410	0.087675
2.250000	1.259867	0.087675
2.255000	1.259249	0.087675
2.260000	1.259867	0.087675
2.265000	1.261939	0.087675
2.270000	1.259262	0.087676
2.275000	1.257312	0.087675
2.280000	1.257715	0.087675
2.285000	1.258482	0.087675
2.290000	1.258993	0.087675
2.295000	1.257487	0.087675
2.300000	1.260499	0.087676
2.305000	1.260069	0.087676
2.310000	1.257285	0.087675
2.315000	1.258643	0.087676
2.320000	1.259504	0.087676
2.325000	1.260325	0.087676
2.330000	1.259047	0.087675
2.335000	1.259558	0.087676
2.340000	1.260351	0.087676
2.345000	1.259329	0.087676
2.350000	1.258966	0.087676
2.355000	1.258590	0.087676
2.360000	1.257957	0.087676
2.365000	1.259101	0.087676
2.370000	1.258764	0.087676
2.375000	1.259370	0.087676
2.380000	1.257029	0.087676
2.385000	1.256747	0.087676
2.390000	1.257339	0.087676
2.395000	1.260298	0.087676
2.400000	1.257982	0.088480
2.405000	1.257982	0.088480
2.410000	1.259585	0.087676
2.415000	1.259706	0.087676
2.420000	1.260217	0.087676
2.425000	1.257393	0.087676
2.430000	1.259706	0.087676
2.435000	1.261078	0.087676
2.440000	1.259948	0.087676
2.445000	1.262207	0.087676
2.450000	1.260136	0.087676
