0.450000	1.022741	0.016565
0.455000	0.962232	0.036788
0.460000	0.962232	0.036788
0.465000	0.962232	0.036788
0.470000	0.962232	0.036788
0.475000	0.962232	0.036788
0.480000	1.017741	0.016565
0.485000	1.020955	0.016565
0.490000	1.021134	0.016565
0.495000	1.020866	0.016565
0.500000	1.017473	0.016565
0.505000	1.014884	0.016565
0.510000	1.013455	0.016565
0.515000	1.012741	0.016565
0.520000	1.014705	0.016565
0.525000	1.015241	0.016565
0.530000	1.012294	0.016565
0.535000	1.010955	0.016565
0.540000	1.008276	0.016565
0.545000	1.008812	0.016565
0.550000	1.007116	0.016565
0.555000	1.006848	0.016565
0.560000	1.005330	0.016565
0.565000	1.003990	0.016565
0.570000	0.999883	0.016565
0.575000	0.996847	0.016565
0.580000	0.993544	0.016565
0.585000	0.993187	0.016565
0.590000	0.992740	0.016565
0.595000	0.993722	0.016565
0.600000	0.994704	0.016565
0.605000	0.993812	0.016565
0.610000	0.994883	0.016565
0.615000	0.993187	0.016565
0.620000	0.994079	0.016565
0.625000	0.993901	0.016565
0.630000	0.993454	0.016565
0.635000	0.992651	0.016565
0.640000	0.990686	0.016565
0.645000	0.988276	0.016565
0.650000	0.986490	0.016565
0.655000	0.985776	0.016565
0.660000	0.987115	0.016565
0.665000	0.987651	0.016565
0.670000	0.985686	0.016565
0.675000	0.984526	0.016565
0.680000	0.983543	0.016565
0.685000	0.982204	0.016565
0.690000	0.979704	0.016565
0.695000	0.980240	0.016565
0.700000	0.980954	0.016565
0.705000	0.982115	0.016565
0.710000	0.981222	0.016565
0.715000	0.977650	0.016565
0.720000	0.973989	0.016565
0.725000	0.970775	0.016565
0.730000	0.971579	0.016565
0.735000	0.973811	0.016565
0.740000	0.976222	0.016565
0.745000	0.976668	0.016565
0.750000	0.975329	0.016565
0.755000	0.974793	0.016565
0.760000	0.973811	0.016565
0.765000	0.976043	0.016565
0.770000	0.976043	0.016565
0.775000	0.977025	0.016565
0.780000	0.975865	0.016565
0.785000	0.973364	0.016565
0.790000	0.972650	0.016565
0.795000	0.972025	0.016565
0.800000	0.973364	0.016565
0.805000	0.971489	0.016565
0.810000	0.966579	0.016565
0.815000	0.964257	0.016565
0.820000	0.966353	0.014606
0.825000	0.972721	0.014606
0.830000	0.972155	0.014606
0.835000	0.970362	0.014606
0.840000	0.979796	0.014606
0.845000	0.975693	0.014606
0.850000	0.974136	0.014606
0.855000	0.971023	0.014606
0.860000	0.962673	0.014606
0.865000	0.959183	0.014606
0.870000	0.971222	0.016565
0.875000	0.960692	0.014606
0.880000	0.950834	0.014606
0.885000	0.954277	0.014606
0.890000	0.949607	0.014606
0.895000	0.947862	0.014606
0.900000	0.962768	0.014606
0.905000	0.960645	0.014606
0.910000	0.958664	0.014606
0.915000	0.957956	0.014606
0.920000	0.956872	0.014606
0.925000	0.952203	0.016565
0.930000	0.959346	0.016565
0.935000	0.934524	0.016565
0.940000	0.938006	0.016565
0.945000	0.944971	0.016565
0.950000	0.944078	0.016565
0.955000	0.955685	0.016565
0.960000	0.963453	0.016565
0.965000	0.969079	0.016565
0.970000	0.961846	0.016565
0.975000	0.963453	0.016565
0.980000	0.945953	0.016565
0.985000	0.939167	0.016565
0.990000	0.948989	0.016565
0.995000	0.956400	0.016565
1.000000	0.944703	0.016565
1.005000	0.952292	0.016565
1.010000	0.946578	0.016565
1.015000	0.940596	0.016565
1.020000	0.948721	0.016565
1.025000	0.949257	0.016565
1.030000	0.941310	0.016565
1.035000	0.951935	0.016565
1.040000	0.950328	0.016565
1.045000	0.941488	0.016565
1.050000	0.945328	0.016565
1.055000	0.946489	0.016565
1.060000	0.947560	0.016565
1.065000	0.943274	0.016565
1.070000	0.946131	0.016565
1.075000	0.949257	0.016565
1.080000	0.950685	0.016565
1.085000	0.948989	0.016565
1.090000	0.947560	0.016565
1.095000	0.951757	0.016565
1.100000	0.948810	0.016565
1.105000	0.943274	0.016565
1.110000	0.933988	0.016565
1.115000	0.931935	0.016565
1.120000	0.940506	0.016565
1.125000	0.933631	0.016565
1.130000	0.936042	0.016565
1.135000	0.935060	0.016565
1.140000	0.942024	0.016565
1.145000	0.945774	0.016565
1.150000	0.953364	0.016565
1.155000	0.923363	0.016565
1.160000	0.932649	0.016565
1.165000	0.954257	0.016565
1.170000	0.955685	0.016565
1.175000	0.952292	0.016565
1.180000	0.951221	0.016565
1.185000	0.958721	0.016565
1.190000	0.957025	0.016565
1.195000	0.945953	0.016565
1.200000	0.958900	0.016565
1.205000	0.953185	0.016565
1.210000	0.937649	0.016565
1.215000	0.945596	0.016565
1.220000	0.937917	0.016565
1.225000	0.927738	0.016565
1.230000	0.937470	0.016565
1.235000	0.947828	0.016565
1.240000	0.945774	0.016565
1.245000	0.942649	0.016565
1.250000	0.953900	0.016565
1.255000	0.939613	0.016565
1.260000	0.939703	0.016565
1.265000	0.933631	0.016565
1.270000	0.929970	0.016565
1.275000	0.928452	0.016565
1.280000	0.931756	0.016565
1.285000	0.942024	0.016565
1.290000	0.940506	0.016565
1.295000	0.939435	0.016565
1.300000	0.938988	0.016565
1.305000	0.948810	0.016565
1.310000	0.937649	0.016565
1.315000	0.936667	0.016565
1.320000	0.944614	0.016565
1.325000	0.937828	0.016565
1.330000	0.944256	0.016565
1.335000	0.934167	0.016565
1.340000	0.925863	0.016565
1.345000	0.933899	0.016565
1.350000	0.949703	0.016565
1.355000	0.949971	0.016565
1.360000	0.962232	0.036788
1.365000	0.935149	0.016565
1.370000	0.928184	0.016565
1.375000	0.935685	0.016565
1.380000	0.926756	0.016565
1.385000	0.962232	0.036788
1.390000	0.926220	0.016565
1.395000	0.951221	0.016565
1.400000	0.951757	0.016565
1.405000	0.962232	0.036788
1.410000	0.962232	0.036788
1.415000	0.944346	0.016565
1.420000	0.941488	0.016565
1.425000	0.930149	0.016565
1.430000	0.951221	0.016565
1.435000	0.947114	0.016565
1.440000	0.941667	0.016565
1.445000	0.940774	0.016565
1.450000	0.930774	0.016565
1.455000	0.949524	0.016565
1.460000	0.943096	0.016565
1.465000	0.941488	0.016565
1.470000	0.941935	0.016565
1.475000	0.948542	0.016565
1.480000	0.948810	0.016565
1.485000	0.937470	0.016565
1.490000	0.942292	0.016565
1.495000	0.924077	0.016565
1.500000	0.941578	0.016565
1.505000	0.951846	0.016565
1.510000	0.933899	0.016565
1.515000	0.926131	0.016565
1.520000	0.920774	0.016565
1.525000	0.915148	0.016565
1.530000	0.934167	0.016565
1.535000	0.949792	0.016565
1.540000	0.947114	0.016565
1.545000	0.932292	0.016565
1.550000	0.938721	0.016565
1.555000	0.936131	0.016565
1.560000	0.918363	0.016565
1.565000	0.929345	0.016565
1.570000	0.929881	0.016565
1.575000	0.935060	0.016565
1.580000	0.934881	0.016565
1.585000	0.928899	0.016565
1.590000	0.950239	0.016565
1.595000	0.941756	0.016565
1.600000	0.944703	0.016565
1.605000	0.926399	0.016565
1.610000	0.918006	0.016565
1.615000	0.910237	0.016565
1.620000	0.896933	0.016565
1.625000	0.932560	0.016565
1.630000	0.930685	0.016565
1.635000	0.934703	0.016565
1.640000	0.939613	0.016565
1.645000	0.929881	0.016565
1.650000	0.924434	0.016565
1.655000	0.917916	0.016565
1.660000	0.942113	0.016565
1.665000	0.921934	0.016565
1.670000	0.922113	0.016565
1.675000	0.939792	0.016565
1.680000	0.919434	0.016565
1.685000	0.916041	0.016565
1.690000	0.926131	0.016565
1.695000	0.933095	0.016565
1.700000	0.934435	0.016565
1.705000	0.925952	0.016565
1.710000	0.906487	0.016565
1.715000	0.912202	0.016565
1.720000	0.935506	0.016565
1.725000	0.925595	0.016565
1.730000	0.921756	0.016565
1.735000	0.936667	0.016565
1.740000	0.899434	0.016565
1.745000	0.919345	0.016565
1.750000	0.922916	0.016565
1.755000	0.931845	0.016565
1.760000	0.925506	0.016565
1.765000	0.936488	0.016565
1.770000	0.943096	0.016565
1.775000	0.929345	0.016565
1.780000	0.938988	0.016565
1.785000	0.911666	0.016565
1.790000	0.910952	0.016565
1.795000	0.919702	0.016565
1.800000	0.918095	0.016565
1.805000	0.905416	0.016565
1.810000	0.933899	0.016565
1.815000	0.937113	0.016565
1.820000	0.920595	0.016565
1.825000	0.936488	0.016565
1.830000	0.907648	0.016565
1.835000	0.945060	0.016565
1.840000	0.903094	0.016565
1.845000	0.931845	0.016565
1.850000	0.935238	0.016565
1.855000	0.949792	0.016565
1.860000	0.905684	0.016565
1.865000	0.962232	0.036788
1.870000	0.906845	0.016565
1.875000	0.936488	0.016565
1.880000	0.925327	0.016565
1.885000	0.963900	0.016565
1.890000	0.919881	0.016565
1.895000	0.893630	0.016565
1.900000	0.906309	0.016565
1.905000	0.923809	0.016565
1.910000	0.913720	0.016565
1.915000	0.918720	0.016565
1.920000	0.918006	0.016565
1.925000	0.925238	0.016565
1.930000	0.905237	0.016565
1.935000	0.932292	0.016565
1.940000	0.927827	0.016565
1.945000	0.916398	0.016565
1.950000	0.912827	0.016565
1.955000	0.884790	0.016565
1.960000	0.939256	0.016565
1.965000	0.912470	0.016565
1.970000	0.931845	0.016565
1.975000	0.936488	0.016565
1.980000	0.926934	0.016565
1.985000	0.938810	0.016565
1.990000	0.924345	0.016565
1.995000	0.890237	0.016565
2.000000	0.922113	0.016565
2.005000	0.962232	0.036788
2.010000	0.909077	0.016565
2.015000	0.928006	0.016565
2.020000	0.929167	0.016565
2.025000	0.913363	0.016565
2.030000	0.918631	0.016565
2.035000	0.922649	0.016565
2.040000	0.926220	0.016565
2.045000	0.926399	0.016565
2.050000	0.918988	0.016565
2.055000	0.916220	0.016565
2.060000	0.925327	0.016565
2.065000	0.909880	0.016565
2.070000	0.892290	0.016565
2.075000	0.920059	0.016565
2.080000	0.930060	0.016565
2.085000	0.938988	0.016565
2.090000	0.921220	0.016565
2.095000	0.928452	0.016565
2.100000	0.940238	0.016565
2.105000	0.918006	0.016565
2.110000	0.918720	0.016565
2.115000	0.902559	0.016565
2.120000	0.926042	0.016565
2.125000	0.933542	0.016565
2.130000	0.922024	0.016565
2.135000	0.921131	0.016565
2.140000	0.931577	0.016565
2.145000	0.922559	0.016565
2.150000	0.908362	0.016565
2.155000	0.907380	0.016565
2.160000	0.895594	0.016565
2.165000	0.928274	0.016565
2.170000	0.913273	0.016565
2.175000	0.921666	0.016565
2.180000	0.908452	0.016565
2.185000	0.903898	0.016565
2.190000	0.905416	0.016565
2.195000	0.941399	0.016565
2.200000	0.925327	0.016565
2.205000	0.962232	0.036788
2.210000	0.903630	0.016565
2.215000	0.906845	0.016565
2.220000	0.925417	0.016565
2.225000	0.923541	0.016565
2.230000	0.915416	0.016565
2.235000	0.929613	0.016565
2.240000	0.907023	0.016565
2.245000	0.915327	0.016565
2.250000	0.900059	0.016565
2.255000	0.888630	0.016565
2.260000	0.917827	0.016565
2.265000	0.891219	0.016565
2.270000	0.909970	0.016565
2.275000	0.908720	0.016565
2.280000	0.890058	0.016565
2.285000	0.921131	0.016565
2.290000	0.924792	0.016565
2.295000	0.893630	0.016565
2.300000	0.895951	0.016565
2.305000	0.925417	0.016565
2.310000	0.919077	0.016565
2.315000	0.906577	0.016565
2.320000	0.932202	0.016565
2.325000	0.909166	0.016565
2.330000	0.916488	0.016565
2.335000	0.907291	0.016565
2.340000	0.909523	0.016565
2.345000	0.910773	0.016565
2.350000	0.962232	0.036788
2.355000	0.883451	0.016565
2.360000	0.889969	0.016565
2.365000	0.905684	0.016565
2.370000	0.874611	0.016565
2.375000	0.865057	0.016565
2.380000	0.876219	0.016565
2.385000	0.886933	0.016565
2.390000	0.889255	0.016565
2.395000	0.873808	0.016565
2.400000	0.962232	0.036788
2.405000	0.962232	0.036788
2.410000	0.874790	0.016565
2.415000	0.873986	0.016565
2.420000	0.962232	0.036788
2.425000	0.962232	0.036788
2.430000	0.962232	0.036788
2.435000	0.962232	0.036788
2.440000	0.962232	0.036788
2.445000	0.962232	0.036788
2.450000	0.888808	0.016565
