0.450000	0.902955	0.608057
0.455000	0.902954	0.608057
0.460000	0.902955	0.608057
0.465000	0.902955	0.608057
0.470000	0.902955	0.608057
0.475000	0.902955	0.608057
0.480000	0.902955	0.608057
0.485000	0.902955	0.608057
0.490000	0.902955	0.608057
0.495000	0.902955	0.608057
0.500000	0.902955	0.608057
0.505000	0.902955	0.608057
0.510000	0.902955	0.608057
0.515000	0.902955	0.608057
0.520000	0.902955	0.608057
0.525000	0.902955	0.608057
0.530000	0.902955	0.608057
0.535000	0.902956	0.608057
0.540000	0.902956	0.608057
0.545000	0.902956	0.608057
0.550000	0.902956	0.608057
0.555000	0.902956	0.608057
0.560000	0.902956	0.608057
0.565000	0.902955	0.608057
0.570000	0.902955	0.608057
0.575000	0.902956	0.608057
0.580000	0.902956	0.608057
0.585000	0.902956	0.608057
0.590000	0.902956	0.608057
0.595000	0.902956	0.608057
0.600000	0.902956	0.608057
0.605000	0.902956	0.608057
0.610000	0.902956	0.608057
0.615000	0.902956	0.608057
0.620000	0.902957	0.608057
0.625000	0.902956	0.608057
0.630000	0.902956	0.608057
0.635000	0.902956	0.608057
0.640000	0.902956	0.608057
0.645000	0.902956	0.608057
0.650000	0.902957	0.608057
0.655000	0.902956	0.608057
0.660000	0.902956	0.608057
0.665000	0.902956	0.608057
0.670000	0.902955	0.608057
0.675000	0.902955	0.608057
0.680000	0.902957	0.608057
0.685000	0.902955	0.608057
0.690000	0.902956	0.608057
0.695000	0.902956	0.608057
0.700000	0.902956	0.608057
0.705000	0.902956	0.608057
0.710000	0.902956	0.608057
0.715000	0.902956	0.608057
0.720000	0.902956	0.608057
0.725000	0.902955	0.608057
0.730000	0.902956	0.608057
0.735000	0.902956	0.608057
0.740000	0.902956	0.608057
0.745000	0.902956	0.608057
0.750000	0.902956	0.608057
0.755000	0.902956	0.608057
0.760000	0.902955	0.608057
0.765000	0.902957	0.608057
0.770000	0.902955	0.608057
0.775000	0.902957	0.608057
0.780000	0.902956	0.608057
0.785000	0.902956	0.608057
0.790000	0.902955	0.608057
0.795000	0.902956	0.608057
0.800000	0.902937	0.608057
0.805000	0.902937	0.608057
0.810000	0.902937	0.608057
0.815000	0.902955	0.608057
0.820000	0.902955	0.608057
0.825000	0.902955	0.608057
0.830000	0.902955	0.608057
0.835000	0.902954	0.608057
0.840000	0.902955	0.608057
0.845000	0.902955	0.608057
0.850000	0.902954	0.608057
0.855000	0.902954	0.608057
0.860000	0.902955	0.608057
0.865000	0.902956	0.608057
0.870000	0.902956	0.608057
0.875000	0.902954	0.608057
0.880000	0.902956	0.608057
0.885000	0.902956	0.608057
0.890000	0.902955	0.608057
0.895000	0.902955	0.608057
0.900000	0.902956	0.608057
0.905000	0.902955	0.608057
0.910000	0.902955	0.608057
0.915000	0.902955	0.608057
0.920000	0.902955	0.608057
0.925000	0.902956	0.608057
0.930000	0.902955	0.608057
0.935000	0.902955	0.608057
0.940000	0.902954	0.608057
0.945000	0.902954	0.608057
0.950000	0.902955	0.608057
0.955000	0.902955	0.608057
0.960000	0.902954	0.608057
0.965000	0.902955	0.608057
0.970000	0.902955	0.608057
0.975000	0.902954	0.608057
0.980000	0.902955	0.608057
0.985000	0.902955	0.608057
0.990000	0.902955	0.608057
0.995000	0.902955	0.608057
1.000000	0.902954	0.608057
1.005000	0.902955	0.608057
1.010000	0.902955	0.608057
1.015000	0.902955	0.608057
1.020000	0.902955	0.608057
1.025000	0.902955	0.608057
1.030000	0.902955	0.608057
1.035000	0.902955	0.608057
1.040000	0.902955	0.608057
1.045000	0.902955	0.608057
1.050000	0.902955	0.608057
1.055000	0.902955	0.608057
1.060000	0.902955	0.608057
1.065000	0.902955	0.608057
1.070000	0.902955	0.608057
1.075000	0.902954	0.608057
1.080000	0.902955	0.608057
1.085000	0.902955	0.608057
1.090000	0.902955	0.608057
1.095000	0.902955	0.608057
1.100000	0.902955	0.608057
1.105000	0.902956	0.608057
1.110000	0.902955	0.608057
1.115000	0.902955	0.608057
1.120000	0.902955	0.608057
1.125000	0.902955	0.608057
1.130000	0.902955	0.608057
1.135000	0.902955	0.608057
1.140000	0.902955	0.608057
1.145000	0.902955	0.608057
1.150000	0.902955	0.608057
1.155000	0.902955	0.608057
1.160000	0.902956	0.608057
1.165000	0.902955	0.608057
1.170000	0.902955	0.608057
1.175000	0.902955	0.608057
1.180000	0.902956	0.608057
1.185000	0.902955	0.608057
1.190000	0.902955	0.608057
1.195000	0.902955	0.608057
1.200000	0.902955	0.608057
1.205000	0.902955	0.608057
1.210000	0.902955	0.608057
1.215000	0.902956	0.608057
1.220000	0.902956	0.608057
1.225000	0.902956	0.608057
1.230000	0.902955	0.608057
1.235000	0.902954	0.608057
1.240000	0.902955	0.608057
1.245000	0.902955	0.608057
1.250000	0.902955	0.608057
1.255000	0.902955	0.608057
1.260000	0.902956	0.608057
1.265000	0.902956	0.608057
1.270000	0.902955	0.608057
1.275000	0.902956	0.608057
1.280000	0.902957	0.608057
1.285000	0.902956	0.608057
1.290000	0.902956	0.608057
1.295000	0.902955	0.608057
1.300000	0.902956	0.608057
1.305000	0.902956	0.608057
1.310000	0.902956	0.608057
1.315000	0.902956	0.608057
1.320000	0.902955	0.608057
1.325000	0.902956	0.608057
1.330000	0.902956	0.608057
1.335000	0.902956	0.608057
1.340000	0.902956	0.608057
1.345000	0.902956	0.608057
1.350000	0.902956	0.608057
1.355000	0.902956	0.608057
1.360000	0.902956	0.608057
1.365000	0.902956	0.608057
1.370000	0.902955	0.608057
1.375000	0.902955	0.608057
1.380000	0.902956	0.608057
1.385000	0.902956	0.608057
1.390000	0.902957	0.608057
1.395000	0.902955	0.608057
1.400000	0.902956	0.608057
1.405000	0.902958	0.608057
1.410000	0.902958	0.608057
1.415000	0.902957	0.608057
1.420000	0.902956	0.608057
1.425000	0.902957	0.608057
1.430000	0.902957	0.608057
1.435000	0.902958	0.608057
1.440000	0.902957	0.608057
1.445000	0.902957	0.608057
1.450000	0.902957	0.608057
1.455000	0.902957	0.608057
1.460000	0.902956	0.608057
1.465000	0.902956	0.608057
1.470000	0.902958	0.608057
1.475000	0.902958	0.608057
1.480000	0.902957	0.608057
1.485000	0.902957	0.608057
1.490000	0.902956	0.608057
1.495000	0.902955	0.608057
1.500000	0.902955	0.608057
1.505000	0.902956	0.608057
1.510000	0.902957	0.608057
1.515000	0.902958	0.608057
1.520000	0.902957	0.608057
1.525000	0.902957	0.608057
1.530000	0.902957	0.608057
1.535000	0.902958	0.608057
1.540000	0.902958	0.608057
1.545000	0.902958	0.608057
1.550000	0.902959	0.608057
1.555000	0.902957	0.608057
1.560000	0.902958	0.608057
1.565000	0.902957	0.608057
1.570000	0.902957	0.608057
1.575000	0.902957	0.608057
1.580000	0.902957	0.608057
1.585000	0.902957	0.608057
1.590000	0.902957	0.608057
1.595000	0.902957	0.608057
1.600000	0.902957	0.608057
1.605000	0.902958	0.608057
1.610000	0.902957	0.608057
1.615000	0.902957	0.608057
1.620000	0.902957	0.608057
1.625000	0.902957	0.608057
1.630000	0.902957	0.608057
1.635000	0.902957	0.608057
1.640000	0.902958	0.608057
1.645000	0.902958	0.608057
1.650000	0.902957	0.608057
1.655000	0.902957	0.608057
1.660000	0.902957	0.608057
1.665000	0.902957	0.608057
1.670000	0.902958	0.608057
1.675000	0.902958	0.608057
1.680000	0.902958	0.608057
1.685000	0.902958	0.608057
1.690000	0.902959	0.608057
1.695000	0.902959	0.608057
1.700000	0.902960	0.608057
1.705000	0.902959	0.608057
1.710000	0.902959	0.608057
1.715000	0.902958	0.608057
1.720000	0.902958	0.608057
1.725000	0.902958	0.608057
1.730000	0.902958	0.608057
1.735000	0.902958	0.608057
1.740000	0.902958	0.608057
1.745000	0.902958	0.608057
1.750000	0.902957	0.608057
1.755000	0.902957	0.608057
1.760000	0.902958	0.608057
1.765000	0.902958	0.608057
1.770000	0.902959	0.608057
1.775000	0.902959	0.608057
1.780000	0.902959	0.608057
1.785000	0.902958	0.608057
1.790000	0.902958	0.608057
1.795000	0.902958	0.608057
1.800000	0.902958	0.608057
1.805000	0.902957	0.608057
1.810000	0.902956	0.608057
1.815000	0.902957	0.608057
1.820000	0.902957	0.608057
1.825000	0.902958	0.608057
1.830000	0.902958	0.608057
1.835000	0.902957	0.608057
1.840000	0.902957	0.608057
1.845000	0.902958	0.608057
1.850000	0.902958	0.608057
1.855000	0.902958	0.608057
1.860000	0.902957	0.608057
1.865000	0.902957	0.608057
1.870000	0.902958	0.608057
1.875000	0.902960	0.608057
1.880000	0.902959	0.608057
1.885000	0.902958	0.608057
1.890000	0.902959	0.608057
1.895000	0.902959	0.608057
1.900000	0.902959	0.608057
1.905000	0.902959	0.608057
1.910000	0.902959	0.608057
1.915000	0.902957	0.608057
1.920000	0.902959	0.608057
1.925000	0.902959	0.608057
1.930000	0.902959	0.608057
1.935000	0.902959	0.608057
1.940000	0.902958	0.608057
1.945000	0.902958	0.608057
1.950000	0.902958	0.608057
1.955000	0.902959	0.608057
1.960000	0.902959	0.608057
1.965000	0.902958	0.608057
1.970000	0.902959	0.608057
1.975000	0.902958	0.608057
1.980000	0.902959	0.608057
1.985000	0.902959	0.608057
1.990000	0.902959	0.608057
1.995000	0.902958	0.608057
2.000000	0.902959	0.608057
2.005000	0.902961	0.608057
2.010000	0.902960	0.608057
2.015000	0.902959	0.608057
2.020000	0.902958	0.608057
2.025000	0.902959	0.608057
2.030000	0.902958	0.608057
2.035000	0.902960	0.608057
2.040000	0.902960	0.608057
2.045000	0.902961	0.608057
2.050000	0.902960	0.608057
2.055000	0.902959	0.608057
2.060000	0.902958	0.608057
2.065000	0.902960	0.608057
2.070000	0.902958	0.608057
2.075000	0.902960	0.608057
2.080000	0.902961	0.608057
2.085000	0.902959	0.608057
2.090000	0.902959	0.608057
2.095000	0.902959	0.608057
2.100000	0.902960	0.608057
2.105000	0.902960	0.608057
2.110000	0.902960	0.608057
2.115000	0.902961	0.608057
2.120000	0.902960	0.608057
2.125000	0.902960	0.608057
2.130000	0.902960	0.608057
2.135000	0.902961	0.608057
2.140000	0.902961	0.608057
2.145000	0.902960	0.608057
2.150000	0.902960	0.608057
2.155000	0.902961	0.608057
2.160000	0.902961	0.608057
2.165000	0.902960	0.608057
2.170000	0.902959	0.608057
2.175000	0.902958	0.608057
2.180000	0.902959	0.608057
2.185000	0.902960	0.608057
2.190000	0.902960	0.608057
2.195000	0.902961	0.608057
2.200000	0.902961	0.608057
2.205000	0.902959	0.608057
2.210000	0.902960	0.608057
2.215000	0.902962	0.608057
2.220000	0.902963	0.608057
2.225000	0.902962	0.608057
2.230000	0.902962	0.608057
2.235000	0.902960	0.608057
2.240000	0.902962	0.608057
2.245000	0.902962	0.608057
2.250000	0.902963	0.608057
2.255000	0.902963	0.608057
2.260000	0.902963	0.608057
2.265000	0.902964	0.608057
2.270000	0.902962	0.608057
2.275000	0.902961	0.608057
2.280000	0.902936	0.608057
2.285000	0.902936	0.608057
2.290000	0.902936	0.608057
2.295000	0.902936	0.608057
2.300000	0.902936	0.608057
2.305000	0.902936	0.608057
2.310000	0.902936	0.608057
2.315000	0.902936	0.608057
2.320000	0.902936	0.608057
2.325000	0.902936	0.608057
2.330000	0.902936	0.608057
2.335000	0.902936	0.608057
2.340000	0.902936	0.608057
2.345000	0.902936	0.608057
2.350000	0.902936	0.608057
2.355000	0.902936	0.608057
2.360000	0.902936	0.608057
2.365000	0.902936	0.608057
2.370000	0.902936	0.608057
2.375000	0.902936	0.608057
2.380000	0.902936	0.608057
2.385000	0.902936	0.608057
2.390000	0.902936	0.608057
2.395000	0.902936	0.608057
2.400000	0.902936	0.608057
2.405000	0.902936	0.608057
2.410000	0.902936	0.608057
2.415000	0.902936	0.608057
2.420000	0.902936	0.608057
2.425000	0.902936	0.608057
2.430000	0.902936	0.608057
2.435000	0.902936	0.608057
2.440000	0.902936	0.608057
2.445000	0.902936	0.608057
2.450000	0.902936	0.608057
