0.450000	1.018154	0.017290
0.455000	1.013924	0.017290
0.460000	1.016239	0.017290
0.465000	1.018953	0.017290
0.470000	1.014004	0.017290
0.475000	1.021347	0.017290
0.480000	1.018155	0.017290
0.485000	1.026851	0.017290
0.490000	1.015441	0.017290
0.495000	1.013924	0.017290
0.500000	1.020150	0.017290
0.505000	1.015601	0.017290
0.510000	1.017356	0.017290
0.515000	1.016637	0.017290
0.520000	1.021104	0.015493
0.525000	1.026518	0.015494
0.530000	1.045648	0.015493
0.535000	1.036018	0.015493
0.540000	1.025765	0.015493
0.545000	1.035928	0.015493
0.550000	1.037572	0.015493
0.555000	1.027938	0.015493
0.560000	1.010227	0.015493
0.565000	1.018928	0.015494
0.570000	1.048606	0.015494
0.575000	1.028367	0.017290
0.580000	1.006900	0.017290
0.585000	0.997402	0.017290
0.590000	1.004186	0.017290
0.595000	1.004266	0.017290
0.600000	0.993730	0.017290
0.605000	0.999237	0.017290
0.610000	0.979521	0.017290
0.615000	0.984311	0.017290
0.620000	0.980640	0.017290
0.625000	0.981438	0.017290
0.630000	0.985030	0.017290
0.635000	0.976968	0.017290
0.640000	0.972897	0.017289
0.645000	0.983433	0.017290
0.650000	0.991972	0.017290
0.655000	0.977846	0.017290
0.660000	0.972977	0.017290
0.665000	0.964995	0.017290
0.670000	0.971381	0.017290
0.675000	0.973855	0.017290
0.680000	0.978644	0.017290
0.685000	0.979443	0.017290
0.690000	0.974015	0.017290
0.695000	0.960126	0.017290
0.700000	0.960685	0.017290
0.705000	0.963319	0.017290
0.710000	0.961483	0.017290
0.715000	0.957253	0.017290
0.720000	0.954778	0.017290
0.725000	0.953741	0.017290
0.730000	0.959568	0.017290
0.735000	0.957572	0.017290
0.740000	0.955497	0.017290
0.745000	0.950947	0.017290
0.750000	0.948393	0.017290
0.755000	0.947435	0.017290
0.760000	0.947036	0.017290
0.765000	0.959727	0.017290
0.770000	0.966672	0.017290
0.775000	0.957572	0.017290
0.780000	0.946557	0.017290
0.785000	0.943285	0.017290
0.790000	0.939214	0.017290
0.795000	0.939533	0.017290
0.800000	0.943604	0.017290
0.805000	0.941449	0.017290
0.810000	0.947355	0.017290
0.815000	0.944881	0.017290
0.820000	0.944934	0.015493
0.825000	0.941960	0.015493
0.830000	0.942981	0.015493
0.835000	0.942493	0.015493
0.840000	0.941427	0.015493
0.845000	0.943114	0.015493
0.850000	0.942759	0.015493
0.855000	0.941116	0.015493
0.860000	0.934148	0.015493
0.865000	0.931440	0.015493
0.870000	0.929487	0.015493
0.875000	0.929975	0.015493
0.880000	0.923406	0.015493
0.885000	0.934812	0.015493
0.890000	0.937699	0.015493
0.895000	0.937033	0.015493
0.900000	0.932816	0.015493
0.905000	0.937299	0.015493
0.910000	0.938453	0.015493
0.915000	0.935834	0.015493
0.920000	0.936811	0.015493
0.925000	0.932727	0.015493
0.930000	0.938364	0.015493
0.935000	0.943111	0.015493
0.940000	0.939383	0.015493
0.945000	0.927640	0.017290
0.950000	0.927880	0.017290
0.955000	0.931312	0.017290
0.960000	0.936341	0.017290
0.965000	0.937937	0.017290
0.970000	0.939374	0.017290
0.975000	0.936819	0.017290
0.980000	0.938096	0.017290
0.985000	0.931791	0.017290
0.990000	0.932030	0.017290
0.995000	0.930035	0.017290
1.000000	0.930514	0.017290
1.005000	0.930833	0.017290
1.010000	0.933467	0.017290
1.015000	0.933068	0.017290
1.020000	0.930993	0.017290
1.025000	0.931152	0.017290
1.030000	0.931871	0.017290
1.035000	0.930753	0.017290
1.040000	0.930913	0.017290
1.045000	0.934744	0.017290
1.050000	0.935063	0.017290
1.055000	0.932669	0.017290
1.060000	0.934584	0.017290
1.065000	0.932669	0.017290
1.070000	0.931312	0.017290
1.075000	0.935063	0.017290
1.080000	0.935063	0.017290
1.085000	0.934664	0.017290
1.090000	0.935143	0.017290
1.095000	0.936420	0.017290
1.100000	0.937218	0.017290
1.105000	0.936739	0.017290
1.110000	0.933467	0.017290
1.115000	0.933547	0.017290
1.120000	0.930115	0.017290
1.125000	0.933148	0.017290
1.130000	0.933148	0.017290
1.135000	0.932350	0.017290
1.140000	0.933068	0.017290
1.145000	0.929077	0.017290
1.150000	0.930115	0.017290
1.155000	0.933227	0.017290
1.160000	0.935622	0.017290
1.165000	0.937458	0.017290
1.170000	0.935462	0.017290
1.175000	0.938176	0.017290
1.180000	0.942007	0.017290
1.185000	0.941129	0.017290
1.190000	0.943045	0.017290
1.195000	0.943604	0.017290
1.200000	0.939852	0.017290
1.205000	0.939613	0.017290
1.210000	0.938575	0.017290
1.215000	0.940092	0.017290
1.220000	0.939214	0.017290
1.225000	0.938575	0.017290
1.230000	0.940890	0.017290
1.235000	0.940491	0.017290
1.240000	0.946397	0.017290
1.245000	0.944163	0.017290
1.250000	0.941129	0.017290
1.255000	0.936580	0.017290
1.260000	0.934824	0.017290
1.265000	0.939214	0.017290
1.270000	0.936739	0.017290
1.275000	0.934744	0.017290
1.280000	0.934904	0.017290
1.285000	0.938895	0.017290
1.290000	0.940172	0.017290
1.295000	0.939932	0.017290
1.300000	0.939613	0.017290
1.305000	0.938575	0.017290
1.310000	0.937937	0.017290
1.315000	0.941449	0.017290
1.320000	0.940012	0.017290
1.325000	0.942407	0.017290
1.330000	0.941608	0.017290
1.335000	0.938655	0.017290
1.340000	0.936580	0.017290
1.345000	0.927641	0.017290
1.350000	0.955089	0.028701
1.355000	0.942008	0.017291
1.360000	0.924211	0.017291
1.365000	0.955089	0.028701
1.370000	0.939778	0.017295
1.375000	0.931555	0.017292
1.380000	0.941051	0.017291
1.385000	0.946239	0.017291
1.390000	0.935065	0.017291
1.395000	0.935544	0.017291
1.400000	0.939374	0.017291
1.405000	0.938736	0.017290
1.410000	0.939374	0.017290
1.415000	0.936261	0.017290
1.420000	0.934186	0.017290
1.425000	0.937618	0.017290
1.430000	0.940411	0.017290
1.435000	0.945200	0.017290
1.440000	0.944083	0.017290
1.445000	0.945440	0.017290
1.450000	0.949271	0.017290
1.455000	0.940252	0.017290
1.460000	0.937059	0.017290
1.465000	0.942167	0.017290
1.470000	0.944242	0.017290
1.475000	0.945280	0.017290
1.480000	0.943923	0.017290
1.485000	0.943285	0.017290
1.490000	0.941289	0.017290
1.495000	0.941050	0.017290
1.500000	0.942407	0.017290
1.505000	0.935383	0.017290
1.510000	0.940012	0.017290
1.515000	0.942407	0.017290
1.520000	0.941848	0.017290
1.525000	0.939134	0.017290
1.530000	0.939134	0.017290
1.535000	0.940411	0.017290
1.540000	0.945280	0.017290
1.545000	0.947834	0.017290
1.550000	0.945759	0.017290
1.555000	0.947595	0.017290
1.560000	0.951506	0.017290
1.565000	0.943285	0.017290
1.570000	0.942008	0.017290
1.575000	0.946318	0.017290
1.580000	0.946797	0.017290
1.585000	0.944163	0.017290
1.590000	0.943444	0.017290
1.595000	0.948233	0.017290
1.600000	0.945679	0.017290
1.605000	0.943923	0.017290
1.610000	0.943604	0.017290
1.615000	0.944083	0.017290
1.620000	0.944961	0.017290
1.625000	0.946637	0.017290
1.630000	0.942965	0.017290
1.635000	0.941130	0.017290
1.640000	0.945839	0.017290
1.645000	0.946238	0.017290
1.650000	0.946717	0.017290
1.655000	0.949032	0.017290
1.660000	0.944562	0.017290
1.665000	0.946078	0.017290
1.670000	0.944003	0.017290
1.675000	0.942486	0.017290
1.680000	0.945839	0.017290
1.685000	0.948074	0.017290
1.690000	0.944482	0.017290
1.695000	0.941848	0.017290
1.700000	0.942566	0.017290
1.705000	0.945200	0.017290
1.710000	0.948154	0.017290
1.715000	0.945919	0.017290
1.720000	0.945599	0.017290
1.725000	0.948553	0.017290
1.730000	0.947515	0.017290
1.735000	0.947435	0.017290
1.740000	0.951107	0.017290
1.745000	0.953661	0.017290
1.750000	0.948154	0.017290
1.755000	0.950788	0.017290
1.760000	0.948233	0.017290
1.765000	0.946956	0.017290
1.770000	0.948633	0.017290
1.775000	0.946318	0.017290
1.780000	0.949431	0.017290
1.785000	0.955018	0.017290
1.790000	0.949989	0.017290
1.795000	0.945280	0.017290
1.800000	0.944163	0.017290
1.805000	0.951985	0.017290
1.810000	0.955656	0.017290
1.815000	0.948234	0.017291
1.820000	0.948633	0.017291
1.825000	0.951427	0.017292
1.830000	0.944564	0.017293
1.835000	0.951188	0.017296
1.840000	0.960920	0.017301
1.845000	0.947442	0.017304
1.850000	0.939310	0.017305
1.855000	0.955576	0.017301
1.860000	0.946483	0.017300
1.865000	0.932617	0.017309
1.870000	0.944818	0.017315
1.875000	0.955089	0.028701
1.880000	0.955089	0.028701
1.885000	0.950390	0.017296
1.890000	0.944804	0.017294
1.895000	0.948874	0.017294
1.900000	0.952225	0.017296
1.905000	0.946005	0.017301
1.910000	0.955089	0.028701
1.915000	0.958130	0.017295
1.920000	0.957811	0.017293
1.925000	0.946399	0.017293
1.930000	0.947596	0.017292
1.935000	0.956614	0.017291
1.940000	0.958370	0.017291
1.945000	0.961004	0.017291
1.950000	0.959009	0.017291
1.955000	0.952464	0.017291
1.960000	0.959328	0.017291
1.965000	0.956055	0.017291
1.970000	0.945600	0.017291
1.975000	0.949191	0.017290
1.980000	0.947994	0.017290
1.985000	0.952224	0.017290
1.990000	0.954938	0.017290
1.995000	0.948633	0.017290
2.000000	0.940811	0.017290
2.005000	0.947994	0.017291
2.010000	0.953821	0.017291
2.015000	0.955098	0.017291
2.020000	0.960206	0.017291
2.025000	0.953581	0.017291
2.030000	0.951027	0.017290
2.035000	0.947356	0.017290
2.040000	0.950069	0.017290
2.045000	0.954379	0.017290
2.050000	0.951506	0.017290
2.055000	0.957732	0.017290
2.060000	0.956854	0.017291
2.065000	0.954300	0.017291
2.070000	0.956774	0.017291
2.075000	0.954459	0.017290
2.080000	0.953501	0.017290
2.085000	0.953501	0.017290
2.090000	0.960366	0.017290
2.095000	0.960366	0.017290
2.100000	0.962760	0.017290
2.105000	0.958849	0.017290
2.110000	0.954778	0.017290
2.115000	0.957093	0.017290
2.120000	0.955976	0.017290
2.125000	0.960685	0.017290
2.130000	0.962920	0.017290
2.135000	0.962121	0.017290
2.140000	0.956135	0.017290
2.145000	0.957253	0.017290
2.150000	0.961323	0.017290
2.155000	0.958610	0.017290
2.160000	0.958689	0.017291
2.165000	0.963877	0.017291
2.170000	0.966032	0.017291
2.175000	0.957732	0.017291
2.180000	0.964276	0.017291
2.185000	0.958689	0.017291
2.190000	0.953342	0.017291
2.195000	0.949750	0.017291
2.200000	0.959807	0.017291
2.205000	0.958450	0.017291
2.210000	0.960046	0.017291
2.215000	0.958530	0.017291
2.220000	0.962600	0.017291
2.225000	0.962680	0.017291
2.230000	0.963558	0.017291
2.235000	0.966192	0.017291
2.240000	0.966351	0.017291
2.245000	0.960685	0.017291
2.250000	0.958450	0.017291
2.255000	0.960365	0.017291
2.260000	0.966511	0.017291
2.265000	0.962201	0.017291
2.270000	0.963957	0.017291
2.275000	0.962680	0.017291
2.280000	0.968187	0.017291
2.285000	0.967229	0.017291
2.290000	0.963877	0.017291
2.295000	0.967389	0.017291
2.300000	0.965713	0.017291
2.305000	0.962281	0.017291
2.310000	0.967788	0.017291
2.315000	0.964595	0.017291
2.320000	0.965553	0.017291
2.325000	0.961403	0.017291
2.330000	0.961882	0.017291
2.335000	0.959008	0.017291
2.340000	0.959008	0.017292
2.345000	0.964755	0.017292
2.350000	0.965473	0.017292
2.355000	0.963079	0.017292
2.360000	0.967228	0.017292
2.365000	0.955089	0.028701
2.370000	0.964994	0.017292
2.375000	0.962759	0.017292
2.380000	0.976086	0.017292
2.385000	0.958529	0.017292
2.390000	0.956933	0.017292
2.395000	0.960126	0.017292
2.400000	0.962520	0.017292
2.405000	0.961323	0.017292
2.410000	0.960285	0.017293
2.415000	0.980714	0.017293
2.420000	0.964435	0.017292
2.425000	0.962041	0.017292
2.430000	0.948155	0.017292
2.435000	0.961163	0.017293
2.440000	0.955089	0.028701
2.445000	0.966110	0.017293
2.450000	0.976324	0.017293
