0.450000	1.350845	0.109898
0.455000	1.396771	0.110672
0.460000	1.396771	0.110672
0.465000	1.396771	0.110672
0.470000	1.396771	0.110672
0.475000	1.396771	0.110672
0.480000	1.396771	0.110672
0.485000	1.396771	0.110672
0.490000	1.396771	0.110672
0.495000	1.396771	0.110672
0.500000	1.396771	0.110672
0.505000	1.396771	0.110672
0.510000	1.396771	0.110672
0.515000	1.396771	0.110672
0.520000	1.396771	0.110672
0.525000	1.396771	0.110672
0.530000	1.396771	0.110672
0.535000	1.396771	0.110672
0.540000	1.396771	0.110672
0.545000	1.396771	0.110672
0.550000	1.396771	0.110672
0.555000	1.396771	0.110672
0.560000	1.396771	0.110672
0.565000	1.396771	0.110672
0.570000	1.396771	0.110672
0.575000	1.396771	0.110672
0.580000	1.396771	0.110672
0.585000	1.396771	0.110672
0.590000	1.396771	0.110672
0.595000	1.396771	0.110672
0.600000	1.396771	0.110672
0.605000	1.396771	0.110672
0.610000	1.396771	0.110672
0.615000	1.396771	0.110672
0.620000	1.396771	0.110672
0.625000	1.396771	0.110672
0.630000	1.396771	0.110672
0.635000	1.396771	0.110672
0.640000	1.396771	0.110672
0.645000	1.396771	0.110672
0.650000	1.396771	0.110672
0.655000	1.396771	0.110672
0.660000	1.396771	0.110672
0.665000	1.396771	0.110672
0.670000	1.396771	0.110672
0.675000	1.396771	0.110672
0.680000	1.396771	0.110672
0.685000	1.396771	0.110672
0.690000	1.396771	0.110672
0.695000	1.396771	0.110672
0.700000	1.396771	0.110672
0.705000	1.396771	0.110672
0.710000	1.396771	0.110672
0.715000	1.396771	0.110672
0.720000	1.396771	0.110672
0.725000	1.396771	0.110672
0.730000	1.396771	0.110672
0.735000	1.396771	0.110672
0.740000	1.396771	0.110672
0.745000	1.396771	0.110672
0.750000	1.396771	0.110672
0.755000	1.396771	0.110672
0.760000	1.396771	0.110672
0.765000	1.396771	0.110672
0.770000	1.396771	0.110672
0.775000	1.396771	0.110672
0.780000	1.396771	0.110672
0.785000	1.396771	0.110672
0.790000	1.396771	0.110672
0.795000	1.396771	0.110672
0.800000	1.396771	0.110672
0.805000	1.396771	0.110672
0.810000	1.396771	0.110672
0.815000	1.396771	0.110672
0.820000	1.396771	0.110672
0.825000	1.396771	0.110672
0.830000	1.396771	0.110672
0.835000	1.396771	0.110672
0.840000	1.396771	0.110672
0.845000	1.396771	0.110672
0.850000	1.396771	0.110672
0.855000	1.396771	0.110672
0.860000	1.396771	0.110672
0.865000	1.396771	0.110672
0.870000	1.375369	0.109867
0.875000	1.374394	0.109867
0.880000	1.373996	0.109867
0.885000	1.374743	0.109867
0.890000	1.373575	0.109867
0.895000	1.374249	0.109867
0.900000	1.374647	0.109867
0.905000	1.375802	0.109867
0.910000	1.376525	0.109867
0.915000	1.376645	0.109867
0.920000	1.376862	0.109867
0.925000	1.376043	0.109867
0.930000	1.374261	0.109867
0.935000	1.375863	0.109867
0.940000	1.376212	0.109867
0.945000	1.375128	0.109867
0.950000	1.374514	0.109867
0.955000	1.374935	0.109867
0.960000	1.376440	0.109867
0.965000	1.377849	0.109867
0.970000	1.378005	0.109867
0.975000	1.378066	0.109867
0.980000	1.377957	0.109867
0.985000	1.377620	0.109867
0.990000	1.377391	0.109867
0.995000	1.376789	0.109867
1.000000	1.378619	0.109867
1.005000	1.379679	0.109867
1.010000	1.379245	0.109867
1.015000	1.379570	0.109867
1.020000	1.379462	0.109867
1.025000	1.379233	0.109867
1.030000	1.380028	0.109867
1.035000	1.380196	0.109867
1.040000	1.380437	0.109867
1.045000	1.380546	0.109867
1.050000	1.380582	0.109867
1.055000	1.381148	0.109867
1.060000	1.381328	0.109867
1.065000	1.381268	0.109867
1.070000	1.381990	0.109867
1.075000	1.381834	0.109867
1.080000	1.381966	0.109867
1.085000	1.382352	0.109867
1.090000	1.382364	0.109867
1.095000	1.382689	0.109867
1.100000	1.382978	0.109867
1.105000	1.383050	0.109867
1.110000	1.381990	0.109867
1.115000	1.381834	0.109867
1.120000	1.382821	0.109867
1.125000	1.383472	0.109867
1.130000	1.385181	0.109867
1.135000	1.384338	0.109867
1.140000	1.382219	0.109867
1.145000	1.382809	0.109867
1.150000	1.383844	0.109867
1.155000	1.385048	0.109867
1.160000	1.385783	0.109867
1.165000	1.385265	0.109867
1.170000	1.385843	0.109867
1.175000	1.386096	0.109867
1.180000	1.386048	0.109867
1.185000	1.386577	0.109867
1.190000	1.387023	0.109867
1.195000	1.386818	0.109867
1.200000	1.387203	0.109867
1.205000	1.387444	0.109867
1.210000	1.387215	0.109867
1.215000	1.386493	0.109867
1.220000	1.386975	0.109867
1.225000	1.387854	0.109867
1.230000	1.387842	0.109867
1.235000	1.388492	0.109867
1.240000	1.388997	0.109867
1.245000	1.389190	0.109867
1.250000	1.388696	0.109867
1.255000	1.388118	0.109867
1.260000	1.387504	0.109867
1.265000	1.387745	0.109867
1.270000	1.387264	0.109867
1.275000	1.386806	0.109867
1.280000	1.386806	0.109867
1.285000	1.388203	0.109867
1.290000	1.388419	0.109867
1.295000	1.388504	0.109867
1.300000	1.389358	0.109867
1.305000	1.390141	0.109867
1.310000	1.389623	0.109867
1.315000	1.389744	0.109867
1.320000	1.390514	0.109867
1.325000	1.391441	0.109867
1.330000	1.391682	0.109867
1.335000	1.389190	0.109867
1.340000	1.396771	0.110672
1.345000	1.392706	0.109867
1.350000	1.396771	0.110672
1.355000	1.390178	0.109867
1.360000	1.396771	0.110672
1.365000	1.391672	0.109867
1.370000	1.396771	0.110672
1.375000	1.391550	0.109867
1.380000	1.390334	0.109867
1.385000	1.389913	0.109867
1.390000	1.390599	0.109867
1.395000	1.390503	0.109867
1.400000	1.392140	0.109867
1.405000	1.392597	0.109867
1.410000	1.392754	0.109867
1.415000	1.392260	0.109867
1.420000	1.391658	0.109867
1.425000	1.391622	0.109867
1.430000	1.392585	0.109867
1.435000	1.395017	0.109867
1.440000	1.394162	0.109867
1.445000	1.393404	0.109867
1.450000	1.393982	0.109867
1.455000	1.391670	0.109867
1.460000	1.391875	0.109867
1.465000	1.394740	0.109867
1.470000	1.396771	0.110672
1.475000	1.397196	0.109867
1.480000	1.395776	0.109867
1.485000	1.395703	0.109867
1.490000	1.394608	0.109867
1.495000	1.393488	0.109867
1.500000	1.393994	0.109867
1.505000	1.394800	0.109867
1.510000	1.393958	0.109867
1.515000	1.394066	0.109867
1.520000	1.395547	0.109867
1.525000	1.395607	0.109867
1.530000	1.395980	0.109867
1.535000	1.396113	0.109867
1.540000	1.396269	0.109867
1.545000	1.396534	0.109867
1.550000	1.394861	0.109867
1.555000	1.396209	0.109867
1.560000	1.395956	0.109867
1.565000	1.395800	0.109867
1.570000	1.396751	0.109867
1.575000	1.396630	0.109867
1.580000	1.395860	0.109867
1.585000	1.395222	0.109867
1.590000	1.395667	0.109867
1.595000	1.396642	0.109867
1.600000	1.396582	0.109867
1.605000	1.397377	0.109867
1.610000	1.395872	0.109867
1.615000	1.396642	0.109867
1.620000	1.396811	0.109867
1.625000	1.396763	0.109867
1.630000	1.396570	0.109867
1.635000	1.397979	0.109867
1.640000	1.397955	0.109867
1.645000	1.397750	0.109867
1.650000	1.398533	0.109867
1.655000	1.397630	0.109867
1.660000	1.397461	0.109867
1.665000	1.397618	0.109867
1.670000	1.397979	0.109867
1.675000	1.397136	0.109867
1.680000	1.398111	0.109867
1.685000	1.399267	0.109867
1.690000	1.397882	0.109867
1.695000	1.396871	0.109867
1.700000	1.396522	0.109867
1.705000	1.397907	0.109867
1.710000	1.399700	0.109867
1.715000	1.399074	0.109867
1.720000	1.399749	0.109867
1.725000	1.399195	0.109867
1.730000	1.399797	0.109867
1.735000	1.400796	0.109867
1.740000	1.400218	0.109867
1.745000	1.400134	0.109867
1.750000	1.400314	0.109867
1.755000	1.398906	0.109867
1.760000	1.399628	0.109867
1.765000	1.399977	0.109867
1.770000	1.400062	0.109867
1.775000	1.400567	0.109867
1.780000	1.400772	0.109867
1.785000	1.401302	0.109867
1.790000	1.400134	0.109867
1.795000	1.398641	0.109867
1.800000	1.400098	0.109867
1.805000	1.400483	0.109867
1.810000	1.399688	0.109867
1.815000	1.401506	0.109867
1.820000	1.396771	0.110672
1.825000	1.403841	0.109867
1.830000	1.401096	0.109867
1.835000	1.404898	0.109867
1.840000	1.396771	0.110672
1.845000	1.398532	0.109867
1.850000	1.396771	0.110672
1.855000	1.396771	0.110672
1.860000	1.402564	0.109867
1.865000	1.396771	0.110672
1.870000	1.396771	0.110672
1.875000	1.396771	0.110672
1.880000	1.404140	0.109867
1.885000	1.398592	0.109867
1.890000	1.396771	0.110672
1.895000	1.396771	0.110672
1.900000	1.400771	0.109867
1.905000	1.403044	0.109867
1.910000	1.396771	0.110672
1.915000	1.404850	0.109867
1.920000	1.404334	0.109867
1.925000	1.402697	0.109867
1.930000	1.403745	0.109867
1.935000	1.403384	0.109867
1.940000	1.402071	0.109867
1.945000	1.405057	0.109867
1.950000	1.402288	0.109867
1.955000	1.404455	0.109867
1.960000	1.396771	0.110672
1.965000	1.405936	0.109867
1.970000	1.402626	0.109867
1.975000	1.403589	0.109867
1.980000	1.403264	0.109867
1.985000	1.404781	0.109867
1.990000	1.405804	0.109867
1.995000	1.404564	0.109867
2.000000	1.402938	0.109867
2.005000	1.405899	0.109867
2.010000	1.406621	0.109867
2.015000	1.405322	0.109867
2.020000	1.406983	0.109867
2.025000	1.405527	0.109867
2.030000	1.403564	0.109867
2.035000	1.404588	0.109867
2.040000	1.405780	0.109867
2.045000	1.407321	0.109867
2.050000	1.406984	0.109867
2.055000	1.409367	0.109867
2.060000	1.409463	0.109867
2.065000	1.407910	0.109867
2.070000	1.409006	0.109867
2.075000	1.408837	0.109867
2.080000	1.406478	0.109867
2.085000	1.408127	0.109867
2.090000	1.409464	0.109867
2.095000	1.409801	0.109867
2.100000	1.408525	0.109867
2.105000	1.408994	0.109867
2.110000	1.409367	0.109867
2.115000	1.409680	0.109867
2.120000	1.408958	0.109867
2.125000	1.410318	0.109867
2.130000	1.410078	0.109867
2.135000	1.409620	0.109867
2.140000	1.409813	0.109867
2.145000	1.410716	0.109867
2.150000	1.410716	0.109867
2.155000	1.409632	0.109867
2.160000	1.411089	0.109867
2.165000	1.412931	0.109867
2.170000	1.413352	0.109867
2.175000	1.411390	0.109867
2.180000	1.411089	0.109867
2.185000	1.410463	0.109867
2.190000	1.410727	0.109867
2.195000	1.410920	0.109867
2.200000	1.411787	0.109867
2.205000	1.412413	0.109867
2.210000	1.411462	0.109867
2.215000	1.412064	0.109867
2.220000	1.412509	0.109867
2.225000	1.412762	0.109867
2.230000	1.412906	0.109867
2.235000	1.412870	0.109867
2.240000	1.413195	0.109867
2.245000	1.413628	0.109867
2.250000	1.413544	0.109867
2.255000	1.412124	0.109867
2.260000	1.413857	0.109867
2.265000	1.413376	0.109867
2.270000	1.412798	0.109867
2.275000	1.414796	0.109867
2.280000	1.414495	0.109867
2.285000	1.414254	0.109867
2.290000	1.414784	0.109867
2.295000	1.414603	0.109867
2.300000	1.416361	0.109867
2.305000	1.415012	0.109867
2.310000	1.415253	0.109867
2.315000	1.416228	0.109867
2.320000	1.415771	0.109867
2.325000	1.415398	0.109867
2.330000	1.415518	0.109867
2.335000	1.416794	0.109867
2.340000	1.416733	0.109867
2.345000	1.417022	0.109867
2.350000	1.417949	0.109867
2.355000	1.417720	0.109867
2.360000	1.416469	0.109867
2.365000	1.419405	0.109867
2.370000	1.417768	0.109867
2.375000	1.416240	0.109867
2.380000	1.418888	0.109867
2.385000	1.419273	0.109867
2.390000	1.417877	0.109867
2.395000	1.417190	0.109867
2.400000	1.416805	0.109867
2.405000	1.416841	0.109867
2.410000	1.396771	0.110672
2.415000	1.420030	0.109867
2.420000	1.417418	0.109867
2.425000	1.416155	0.109867
2.430000	1.396771	0.110672
2.435000	1.417562	0.109867
2.440000	1.416817	0.109867
2.445000	1.421666	0.109867
2.450000	1.420149	0.109867
