0.450000	0.911091	0.008898
0.455000	0.917620	0.008892
0.460000	0.923850	0.008887
0.465000	0.929789	0.008882
0.470000	0.935444	0.008877
0.475000	0.940824	0.008873
0.480000	0.945939	0.008869
0.485000	0.950796	0.008865
0.490000	0.955408	0.008862
0.495000	0.959783	0.008859
0.500000	0.963934	0.008856
0.505000	0.967871	0.008854
0.510000	0.971604	0.008852
0.515000	0.975147	0.008850
0.520000	0.978509	0.008848
0.525000	0.981703	0.008846
0.530000	0.984739	0.008845
0.535000	0.987628	0.008844
0.540000	0.990381	0.008843
0.545000	0.993009	0.008843
0.550000	0.995522	0.008843
0.555000	0.997929	0.008843
0.560000	1.000240	0.008844
0.565000	1.002463	0.008844
0.570000	1.004606	0.008845
0.575000	1.006678	0.008847
0.580000	1.008685	0.008848
0.585000	1.010634	0.008850
0.590000	1.012530	0.008852
0.595000	1.014378	0.008854
0.600000	1.016184	0.008856
0.605000	1.017951	0.008858
0.610000	1.019681	0.008860
0.615000	1.021379	0.008862
0.620000	1.023044	0.008864
0.625000	1.024680	0.008866
0.630000	1.026285	0.008868
0.635000	1.027862	0.008870
0.640000	1.029408	0.008872
0.645000	1.030923	0.008873
0.650000	1.032405	0.008874
0.655000	1.033853	0.008875
0.660000	1.035265	0.008876
0.665000	1.036637	0.008877
0.670000	1.037966	0.008877
0.675000	1.039251	0.008878
0.680000	1.040486	0.008878
0.685000	1.041669	0.008878
0.690000	1.042796	0.008877
0.695000	1.043863	0.008877
0.700000	1.044866	0.008877
0.705000	1.045802	0.008876
0.710000	1.046667	0.008875
0.715000	1.047457	0.008875
0.720000	1.048170	0.008874
0.725000	1.048803	0.008873
0.730000	1.049352	0.008871
0.735000	1.049815	0.008870
0.740000	1.050189	0.008869
0.745000	1.050474	0.008867
0.750000	1.050668	0.008866
0.755000	1.050770	0.008864
0.760000	1.050780	0.008862
0.765000	1.050696	0.008861
0.770000	1.050521	0.008859
0.775000	1.050255	0.008857
0.780000	1.049900	0.008854
0.785000	1.049457	0.008852
0.790000	1.048929	0.008850
0.795000	1.048320	0.008847
0.800000	1.047632	0.008845
0.805000	1.046869	0.008842
0.810000	1.046037	0.008840
0.815000	1.045140	0.008838
0.820000	1.044183	0.008835
0.825000	1.043172	0.008833
0.830000	1.042113	0.008831
0.835000	1.041013	0.008829
0.840000	1.039878	0.008827
0.845000	1.038715	0.008826
0.850000	1.037531	0.008824
0.855000	1.036334	0.008823
0.860000	1.035131	0.008822
0.865000	1.033930	0.008822
0.870000	1.032738	0.008822
0.875000	1.031563	0.008822
0.880000	1.030413	0.008822
0.885000	1.029295	0.008823
0.890000	1.028217	0.008824
0.895000	1.027185	0.008825
0.900000	1.026207	0.008826
0.905000	1.025290	0.008828
0.910000	1.024441	0.008830
0.915000	1.023664	0.008832
0.920000	1.022967	0.008834
0.925000	1.022355	0.008837
0.930000	1.021832	0.008839
0.935000	1.021404	0.008842
0.940000	1.021075	0.008844
0.945000	1.020848	0.008847
0.950000	1.020728	0.008849
0.955000	1.020715	0.008852
0.960000	1.020813	0.008854
0.965000	1.021024	0.008856
0.970000	1.021348	0.008859
0.975000	1.021787	0.008861
0.980000	1.022340	0.008862
0.985000	1.023007	0.008864
0.990000	1.023787	0.008866
0.995000	1.024679	0.008867
1.000000	1.025681	0.008868
1.005000	1.026790	0.008869
1.010000	1.028005	0.008870
1.015000	1.029321	0.008871
1.020000	1.030736	0.008871
1.025000	1.032244	0.008872
1.030000	1.033843	0.008872
1.035000	1.035528	0.008872
1.040000	1.037293	0.008872
1.045000	1.039134	0.008872
1.050000	1.041045	0.008873
1.055000	1.043021	0.008873
1.060000	1.045056	0.008873
1.065000	1.047146	0.008873
1.070000	1.049283	0.008873
1.075000	1.051462	0.008873
1.080000	1.053678	0.008873
1.085000	1.055924	0.008873
1.090000	1.058196	0.008873
1.095000	1.060487	0.008873
1.100000	1.062792	0.008873
1.105000	1.065106	0.008873
1.110000	1.067424	0.008873
1.115000	1.069740	0.008874
1.120000	1.072050	0.008874
1.125000	1.074351	0.008874
1.130000	1.076636	0.008874
1.135000	1.078904	0.008874
1.140000	1.081150	0.008875
1.145000	1.083370	0.008875
1.150000	1.085563	0.008875
1.155000	1.087725	0.008875
1.160000	1.089855	0.008875
1.165000	1.091949	0.008875
1.170000	1.094007	0.008875
1.175000	1.096028	0.008875
1.180000	1.098010	0.008875
1.185000	1.099954	0.008874
1.190000	1.101857	0.008874
1.195000	1.103722	0.008874
1.200000	1.105547	0.008874
1.205000	1.107334	0.008874
1.210000	1.109083	0.008874
1.215000	1.110795	0.008874
1.220000	1.112473	0.008874
1.225000	1.114116	0.008874
1.230000	1.115728	0.008874
1.235000	1.117309	0.008875
1.240000	1.118862	0.008875
1.245000	1.120390	0.008876
1.250000	1.121893	0.008877
1.255000	1.123375	0.008878
1.260000	1.124838	0.008879
1.265000	1.126285	0.008880
1.270000	1.127718	0.008881
1.275000	1.129139	0.008883
1.280000	1.130551	0.008885
1.285000	1.131956	0.008887
1.290000	1.133358	0.008889
1.295000	1.134757	0.008891
1.300000	1.136156	0.008893
1.305000	1.137558	0.008895
1.310000	1.138964	0.008898
1.315000	1.140376	0.008900
1.320000	1.141797	0.008902
1.325000	1.143227	0.008904
1.330000	1.144668	0.008906
1.335000	1.146121	0.008908
1.340000	1.147588	0.008909
1.345000	1.149069	0.008911
1.350000	1.150566	0.008912
1.355000	1.152078	0.008913
1.360000	1.153606	0.008914
1.365000	1.155151	0.008914
1.370000	1.156713	0.008915
1.375000	1.158291	0.008915
1.380000	1.159885	0.008914
1.385000	1.161496	0.008914
1.390000	1.163121	0.008913
1.395000	1.164761	0.008912
1.400000	1.166415	0.008910
1.405000	1.168082	0.008909
1.410000	1.169761	0.008907
1.415000	1.171451	0.008905
1.420000	1.173149	0.008903
1.425000	1.174856	0.008901
1.430000	1.176569	0.008899
1.435000	1.178288	0.008897
1.440000	1.180009	0.008895
1.445000	1.181733	0.008893
1.450000	1.183456	0.008891
1.455000	1.185179	0.008889
1.460000	1.186898	0.008887
1.465000	1.188611	0.008885
1.470000	1.190319	0.008884
1.475000	1.192018	0.008882
1.480000	1.193706	0.008881
1.485000	1.195383	0.008880
1.490000	1.197047	0.008879
1.495000	1.198696	0.008878
1.500000	1.200328	0.008877
1.505000	1.201943	0.008876
1.510000	1.203538	0.008876
1.515000	1.205112	0.008876
1.520000	1.206664	0.008875
1.525000	1.208194	0.008875
1.530000	1.209698	0.008875
1.535000	1.211178	0.008875
1.540000	1.212631	0.008875
1.545000	1.214057	0.008875
1.550000	1.215454	0.008875
1.555000	1.216823	0.008875
1.560000	1.218163	0.008875
1.565000	1.219473	0.008876
1.570000	1.220752	0.008876
1.575000	1.222000	0.008876
1.580000	1.223218	0.008876
1.585000	1.224404	0.008876
1.590000	1.225559	0.008877
1.595000	1.226683	0.008877
1.600000	1.227775	0.008877
1.605000	1.228836	0.008877
1.610000	1.229866	0.008877
1.615000	1.230865	0.008877
1.620000	1.231834	0.008877
1.625000	1.232773	0.008878
1.630000	1.233682	0.008878
1.635000	1.234562	0.008878
1.640000	1.235414	0.008878
1.645000	1.236238	0.008878
1.650000	1.237035	0.008878
1.655000	1.237805	0.008877
1.660000	1.238550	0.008877
1.665000	1.239270	0.008877
1.670000	1.239966	0.008877
1.675000	1.240639	0.008877
1.680000	1.241289	0.008877
1.685000	1.241919	0.008876
1.690000	1.242528	0.008876
1.695000	1.243117	0.008876
1.700000	1.243689	0.008876
1.705000	1.244243	0.008876
1.710000	1.244780	0.008876
1.715000	1.245302	0.008876
1.720000	1.245810	0.008877
1.725000	1.246305	0.008877
1.730000	1.246787	0.008878
1.735000	1.247258	0.008879
1.740000	1.247719	0.008880
1.745000	1.248170	0.008881
1.750000	1.248613	0.008882
1.755000	1.249048	0.008884
1.760000	1.249477	0.008886
1.765000	1.249900	0.008888
1.770000	1.250318	0.008891
1.775000	1.250733	0.008893
1.780000	1.251144	0.008896
1.785000	1.251553	0.008899
1.790000	1.251960	0.008902
1.795000	1.252367	0.008905
1.800000	1.252773	0.008909
1.805000	1.253179	0.008912
1.810000	1.253587	0.008916
1.815000	1.253995	0.008919
1.820000	1.254406	0.008923
1.825000	1.254820	0.008926
1.830000	1.255236	0.008930
1.835000	1.255656	0.008933
1.840000	1.256079	0.008936
1.845000	1.256507	0.008939
1.850000	1.256939	0.008942
1.855000	1.257375	0.008944
1.860000	1.257817	0.008947
1.865000	1.258263	0.008949
1.870000	1.258715	0.008950
1.875000	1.259172	0.008952
1.880000	1.259635	0.008953
1.885000	1.260103	0.008954
1.890000	1.260577	0.008955
1.895000	1.261057	0.008955
1.900000	1.261543	0.008955
1.905000	1.262034	0.008955
1.910000	1.262532	0.008955
1.915000	1.263036	0.008955
1.920000	1.263546	0.008954
1.925000	1.264062	0.008953
1.930000	1.264585	0.008952
1.935000	1.265114	0.008951
1.940000	1.265649	0.008950
1.945000	1.266190	0.008949
1.950000	1.266739	0.008947
1.955000	1.267294	0.008946
1.960000	1.267855	0.008944
1.965000	1.268424	0.008942
1.970000	1.269000	0.008941
1.975000	1.269583	0.008939
1.980000	1.270174	0.008937
1.985000	1.270773	0.008935
1.990000	1.271380	0.008934
1.995000	1.271995	0.008932
2.000000	1.272618	0.008930
2.005000	1.273251	0.008928
2.010000	1.273893	0.008926
2.015000	1.274544	0.008924
2.020000	1.275205	0.008922
2.025000	1.275877	0.008920
2.030000	1.276559	0.008918
2.035000	1.277252	0.008916
2.040000	1.277957	0.008914
2.045000	1.278674	0.008912
2.050000	1.279402	0.008910
2.055000	1.280144	0.008908
2.060000	1.280898	0.008906
2.065000	1.281666	0.008904
2.070000	1.282447	0.008902
2.075000	1.283242	0.008900
2.080000	1.284052	0.008898
2.085000	1.284876	0.008897
2.090000	1.285716	0.008895
2.095000	1.286571	0.008894
2.100000	1.287441	0.008892
2.105000	1.288327	0.008891
2.110000	1.289228	0.008890
2.115000	1.290146	0.008889
2.120000	1.291080	0.008888
2.125000	1.292031	0.008887
2.130000	1.292997	0.008886
2.135000	1.293981	0.008886
2.140000	1.294980	0.008885
2.145000	1.295996	0.008885
2.150000	1.297028	0.008885
2.155000	1.298077	0.008885
2.160000	1.299142	0.008886
2.165000	1.300222	0.008886
2.170000	1.301319	0.008887
2.175000	1.302431	0.008887
2.180000	1.303559	0.008888
2.185000	1.304702	0.008889
2.190000	1.305860	0.008890
2.195000	1.307033	0.008891
2.200000	1.308221	0.008892
2.205000	1.309423	0.008893
2.210000	1.310639	0.008895
2.215000	1.311869	0.008896
2.220000	1.313112	0.008897
2.225000	1.314369	0.008898
2.230000	1.315639	0.008899
2.235000	1.316922	0.008899
2.240000	1.318217	0.008900
2.245000	1.319525	0.008900
2.250000	1.320846	0.008900
2.255000	1.322178	0.008901
2.260000	1.323523	0.008901
2.265000	1.324879	0.008901
2.270000	1.326247	0.008900
2.275000	1.327626	0.008900
2.280000	1.329018	0.008900
2.285000	1.330420	0.008901
2.290000	1.331834	0.008901
2.295000	1.333259	0.008902
2.300000	1.334696	0.008903
2.305000	1.336144	0.008905
2.310000	1.337603	0.008907
2.315000	1.339073	0.008910
2.320000	1.340554	0.008913
2.325000	1.342047	0.008917
2.330000	1.343550	0.008921
2.335000	1.345064	0.008926
2.340000	1.346589	0.008931
2.345000	1.348124	0.008936
2.350000	1.349670	0.008941
2.355000	1.351226	0.008946
2.360000	1.352791	0.008950
2.365000	1.354366	0.008953
2.370000	1.355950	0.008956
2.375000	1.357542	0.008958
2.380000	1.359142	0.008959
2.385000	1.360750	0.008960
2.390000	1.362363	0.008960
2.395000	1.363982	0.008960
2.400000	1.365606	0.008962
2.405000	1.367233	0.008967
2.410000	1.368862	0.008977
2.415000	1.370493	0.008995
2.420000	1.372123	0.009023
2.425000	1.373751	0.009067
2.430000	1.375376	0.009131
2.435000	1.376995	0.009221
2.440000	1.378607	0.009344
2.445000	1.380209	0.009508
2.450000	1.381801	0.009720
