0.450000	0.886033	0.068027
0.455000	0.892423	0.068009
0.460000	0.898800	0.068004
0.465000	0.905138	0.068006
0.470000	0.911415	0.068013
0.475000	0.917608	0.068020
0.480000	0.923698	0.068027
0.485000	0.929668	0.068031
0.490000	0.935502	0.068034
0.495000	0.941188	0.068033
0.500000	0.946716	0.068030
0.505000	0.952077	0.068025
0.510000	0.957268	0.068018
0.515000	0.962283	0.068009
0.520000	0.967124	0.068000
0.525000	0.971791	0.067991
0.530000	0.976289	0.067981
0.535000	0.980622	0.067972
0.540000	0.984800	0.067964
0.545000	0.988830	0.067957
0.550000	0.992723	0.067951
0.555000	0.996492	0.067946
0.560000	1.000150	0.067942
0.565000	1.003710	0.067939
0.570000	1.007187	0.067937
0.575000	1.010595	0.067935
0.580000	1.013949	0.067933
0.585000	1.017264	0.067931
0.590000	1.020554	0.067930
0.595000	1.023832	0.067928
0.600000	1.027111	0.067926
0.605000	1.030402	0.067923
0.610000	1.033716	0.067920
0.615000	1.037061	0.067917
0.620000	1.040445	0.067913
0.625000	1.043873	0.067909
0.630000	1.047348	0.067904
0.635000	1.050871	0.067900
0.640000	1.054443	0.067895
0.645000	1.058061	0.067890
0.650000	1.061720	0.067885
0.655000	1.065415	0.067880
0.660000	1.069135	0.067875
0.665000	1.072871	0.067871
0.670000	1.076612	0.067867
0.675000	1.080343	0.067863
0.680000	1.084049	0.067860
0.685000	1.087714	0.067858
0.690000	1.091322	0.067855
0.695000	1.094853	0.067853
0.700000	1.098289	0.067852
0.705000	1.101611	0.067851
0.710000	1.104800	0.067850
0.715000	1.107837	0.067849
0.720000	1.110705	0.067849
0.725000	1.113385	0.067849
0.730000	1.115861	0.067849
0.735000	1.118118	0.067849
0.740000	1.120142	0.067849
0.745000	1.121920	0.067849
0.750000	1.123444	0.067849
0.755000	1.124704	0.067849
0.760000	1.125696	0.067848
0.765000	1.126415	0.067848
0.770000	1.126862	0.067847
0.775000	1.127037	0.067847
0.780000	1.126946	0.067846
0.785000	1.126596	0.067844
0.790000	1.125996	0.067843
0.795000	1.125159	0.067842
0.800000	1.124100	0.067840
0.805000	1.122836	0.067838
0.810000	1.121388	0.067837
0.815000	1.119776	0.067835
0.820000	1.118026	0.067833
0.825000	1.116162	0.067832
0.830000	1.114212	0.067831
0.835000	1.112203	0.067830
0.840000	1.110166	0.067829
0.845000	1.108131	0.067830
0.850000	1.106127	0.067830
0.855000	1.104187	0.067832
0.860000	1.102339	0.067835
0.865000	1.100614	0.067838
0.870000	1.099043	0.067843
0.875000	1.097652	0.067849
0.880000	1.096469	0.067857
0.885000	1.095519	0.067866
0.890000	1.094827	0.067876
0.895000	1.094413	0.067888
0.900000	1.094299	0.067902
0.905000	1.094500	0.067917
0.910000	1.095031	0.067933
0.915000	1.095906	0.067951
0.920000	1.097132	0.067971
0.925000	1.098717	0.067991
0.930000	1.100665	0.068013
0.935000	1.102976	0.068035
0.940000	1.105650	0.068059
0.945000	1.108681	0.068082
0.950000	1.112063	0.068106
0.955000	1.115786	0.068130
0.960000	1.119839	0.068154
0.965000	1.124207	0.068178
0.970000	1.128874	0.068200
0.975000	1.133822	0.068222
0.980000	1.139032	0.068243
0.985000	1.144482	0.068263
0.990000	1.150151	0.068281
0.995000	1.156015	0.068298
1.000000	1.162050	0.068314
1.005000	1.168232	0.068328
1.010000	1.174536	0.068340
1.015000	1.180939	0.068351
1.020000	1.187415	0.068360
1.025000	1.193940	0.068368
1.030000	1.200492	0.068374
1.035000	1.207048	0.068379
1.040000	1.213588	0.068383
1.045000	1.220090	0.068386
1.050000	1.226537	0.068388
1.055000	1.232910	0.068389
1.060000	1.239196	0.068390
1.065000	1.245379	0.068390
1.070000	1.251448	0.068390
1.075000	1.257392	0.068389
1.080000	1.263203	0.068389
1.085000	1.268873	0.068388
1.090000	1.274399	0.068388
1.095000	1.279777	0.068388
1.100000	1.285006	0.068388
1.105000	1.290086	0.068388
1.110000	1.295018	0.068388
1.115000	1.299806	0.068388
1.120000	1.304455	0.068389
1.125000	1.308971	0.068390
1.130000	1.313360	0.068390
1.135000	1.317630	0.068391
1.140000	1.321792	0.068392
1.145000	1.325853	0.068393
1.150000	1.329824	0.068394
1.155000	1.333717	0.068395
1.160000	1.337540	0.068395
1.165000	1.341307	0.068396
1.170000	1.345027	0.068396
1.175000	1.348711	0.068396
1.180000	1.352371	0.068397
1.185000	1.356017	0.068397
1.190000	1.359658	0.068397
1.195000	1.363303	0.068396
1.200000	1.366963	0.068396
1.205000	1.370644	0.068396
1.210000	1.374354	0.068396
1.215000	1.378100	0.068396
1.220000	1.381888	0.068396
1.225000	1.385721	0.068396
1.230000	1.389606	0.068397
1.235000	1.393543	0.068397
1.240000	1.397537	0.068398
1.245000	1.401588	0.068399
1.250000	1.405697	0.068400
1.255000	1.409865	0.068402
1.260000	1.414089	0.068404
1.265000	1.418369	0.068406
1.270000	1.422703	0.068408
1.275000	1.427087	0.068410
1.280000	1.431520	0.068413
1.285000	1.435996	0.068416
1.290000	1.440512	0.068419
1.295000	1.445064	0.068423
1.300000	1.449648	0.068427
1.305000	1.454258	0.068431
1.310000	1.458890	0.068435
1.315000	1.463540	0.068439
1.320000	1.468202	0.068444
1.325000	1.472873	0.068448
1.330000	1.477549	0.068453
1.335000	1.482225	0.068458
1.340000	1.486897	0.068464
1.345000	1.491564	0.068469
1.350000	1.496221	0.068475
1.355000	1.500867	0.068481
1.360000	1.505500	0.068487
1.365000	1.510119	0.068493
1.370000	1.514722	0.068499
1.375000	1.519310	0.068506
1.380000	1.523883	0.068512
1.385000	1.528441	0.068518
1.390000	1.532986	0.068524
1.395000	1.537519	0.068530
1.400000	1.542043	0.068536
1.405000	1.546561	0.068542
1.410000	1.551075	0.068547
1.415000	1.555588	0.068552
1.420000	1.560103	0.068556
1.425000	1.564626	0.068560
1.430000	1.569158	0.068563
1.435000	1.573703	0.068566
1.440000	1.578267	0.068568
1.445000	1.582851	0.068569
1.450000	1.587459	0.068570
1.455000	1.592094	0.068570
1.460000	1.596760	0.068569
1.465000	1.601457	0.068567
1.470000	1.606189	0.068565
1.475000	1.610956	0.068562
1.480000	1.615758	0.068558
1.485000	1.620596	0.068554
1.490000	1.625469	0.068550
1.495000	1.630376	0.068545
1.500000	1.635314	0.068540
1.505000	1.640279	0.068534
1.510000	1.645268	0.068528
1.515000	1.650277	0.068523
1.520000	1.655300	0.068517
1.525000	1.660329	0.068512
1.530000	1.665360	0.068506
1.535000	1.670383	0.068501
1.540000	1.675390	0.068497
1.545000	1.680373	0.068492
1.550000	1.685323	0.068489
1.555000	1.690229	0.068485
1.560000	1.695081	0.068483
1.565000	1.699870	0.068481
1.570000	1.704586	0.068479
1.575000	1.709218	0.068478
1.580000	1.713756	0.068478
1.585000	1.718191	0.068479
1.590000	1.722513	0.068480
1.595000	1.726715	0.068482
1.600000	1.730787	0.068484
1.605000	1.734724	0.068487
1.610000	1.738520	0.068490
1.615000	1.742168	0.068494
1.620000	1.745666	0.068497
1.625000	1.749011	0.068502
1.630000	1.752201	0.068506
1.635000	1.755238	0.068510
1.640000	1.758121	0.068514
1.645000	1.760856	0.068518
1.650000	1.763446	0.068522
1.655000	1.765897	0.068526
1.660000	1.768217	0.068529
1.665000	1.770416	0.068532
1.670000	1.772503	0.068534
1.675000	1.774492	0.068536
1.680000	1.776394	0.068537
1.685000	1.778224	0.068538
1.690000	1.779998	0.068540
1.695000	1.781732	0.068541
1.700000	1.783442	0.068542
1.705000	1.785146	0.068544
1.710000	1.786861	0.068546
1.715000	1.788606	0.068549
1.720000	1.790398	0.068554
1.725000	1.792255	0.068560
1.730000	1.794193	0.068569
1.735000	1.796230	0.068579
1.740000	1.798379	0.068593
1.745000	1.800655	0.068609
1.750000	1.803071	0.068629
1.755000	1.805637	0.068653
1.760000	1.808364	0.068680
1.765000	1.811258	0.068711
1.770000	1.814324	0.068746
1.775000	1.817565	0.068785
1.780000	1.820981	0.068827
1.785000	1.824570	0.068874
1.790000	1.828326	0.068923
1.795000	1.832243	0.068975
1.800000	1.836309	0.069029
1.805000	1.840512	0.069086
1.810000	1.844835	0.069143
1.815000	1.849259	0.069200
1.820000	1.853764	0.069258
1.825000	1.858324	0.069314
1.830000	1.862915	0.069368
1.835000	1.867507	0.069420
1.840000	1.872070	0.069468
1.845000	1.876572	0.069512
1.850000	1.880978	0.069552
1.855000	1.885254	0.069587
1.860000	1.889363	0.069617
1.865000	1.893268	0.069640
1.870000	1.896932	0.069658
1.875000	1.900318	0.069669
1.880000	1.903388	0.069675
1.885000	1.906107	0.069675
1.890000	1.908438	0.069669
1.895000	1.910348	0.069657
1.900000	1.911804	0.069641
1.905000	1.912775	0.069621
1.910000	1.913235	0.069596
1.915000	1.913158	0.069569
1.920000	1.912521	0.069539
1.925000	1.911306	0.069508
1.930000	1.909496	0.069475
1.935000	1.907081	0.069442
1.940000	1.904053	0.069409
1.945000	1.900408	0.069376
1.950000	1.896146	0.069345
1.955000	1.891273	0.069315
1.960000	1.885799	0.069286
1.965000	1.879737	0.069260
1.970000	1.873105	0.069236
1.975000	1.865926	0.069215
1.980000	1.858228	0.069196
1.985000	1.850041	0.069178
1.990000	1.841401	0.069163
1.995000	1.832347	0.069150
2.000000	1.822921	0.069138
2.005000	1.813170	0.069128
2.010000	1.803141	0.069118
2.015000	1.792886	0.069110
2.020000	1.782460	0.069102
2.025000	1.771917	0.069094
2.030000	1.761315	0.069086
2.035000	1.750712	0.069078
2.040000	1.740167	0.069069
2.045000	1.729738	0.069060
2.050000	1.719485	0.069051
2.055000	1.709467	0.069041
2.060000	1.699739	0.069030
2.065000	1.690358	0.069019
2.070000	1.681377	0.069008
2.075000	1.672848	0.068996
2.080000	1.664818	0.068985
2.085000	1.657335	0.068974
2.090000	1.650438	0.068964
2.095000	1.644168	0.068955
2.100000	1.638559	0.068947
2.105000	1.633639	0.068940
2.110000	1.629436	0.068936
2.115000	1.625970	0.068933
2.120000	1.623258	0.068933
2.125000	1.621311	0.068935
2.130000	1.620135	0.068940
2.135000	1.619733	0.068947
2.140000	1.620102	0.068957
2.145000	1.621233	0.068970
2.150000	1.623115	0.068985
2.155000	1.625729	0.069003
2.160000	1.629056	0.069024
2.165000	1.633068	0.069046
2.170000	1.637738	0.069071
2.175000	1.643032	0.069098
2.180000	1.648913	0.069126
2.185000	1.655342	0.069156
2.190000	1.662278	0.069186
2.195000	1.669676	0.069218
2.200000	1.677490	0.069250
2.205000	1.685672	0.069283
2.210000	1.694174	0.069316
2.215000	1.702945	0.069350
2.220000	1.711936	0.069384
2.225000	1.721096	0.069418
2.230000	1.730375	0.069453
2.235000	1.739725	0.069489
2.240000	1.749096	0.069525
2.245000	1.758442	0.069563
2.250000	1.767719	0.069602
2.255000	1.776881	0.069642
2.260000	1.785888	0.069684
2.265000	1.794702	0.069729
2.270000	1.803285	0.069775
2.275000	1.811605	0.069824
2.280000	1.819630	0.069874
2.285000	1.827332	0.069927
2.290000	1.834688	0.069982
2.295000	1.841675	0.070038
2.300000	1.848274	0.070094
2.305000	1.854471	0.070152
2.310000	1.860254	0.070209
2.315000	1.865612	0.070266
2.320000	1.870540	0.070321
2.325000	1.875034	0.070374
2.330000	1.879093	0.070425
2.335000	1.882719	0.070474
2.340000	1.885917	0.070521
2.345000	1.888692	0.070566
2.350000	1.891053	0.070611
2.355000	1.893011	0.070658
2.360000	1.894576	0.070710
2.365000	1.895761	0.070771
2.370000	1.896583	0.070845
2.375000	1.897054	0.070939
2.380000	1.897192	0.071060
2.385000	1.897013	0.071217
2.390000	1.896534	0.071421
2.395000	1.895772	0.071683
2.400000	1.894744	0.072016
2.405000	1.893466	0.072435
2.410000	1.891954	0.072956
2.415000	1.890226	0.073595
2.420000	1.888295	0.074369
2.425000	1.886176	0.075295
2.430000	1.883882	0.076390
2.435000	1.881426	0.077670
2.440000	1.878819	0.079148
2.445000	1.876072	0.080838
2.450000	1.873194	0.082751
