0.450000	1.104537	0.140476
0.455000	1.171366	0.143467
0.460000	1.100372	0.140476
0.465000	1.171366	0.143467
0.470000	1.171366	0.143467
0.475000	1.114024	0.140476
0.480000	1.171366	0.143467
0.485000	1.127066	0.140476
0.490000	1.125055	0.140476
0.495000	1.171366	0.143467
0.500000	1.131353	0.140476
0.505000	1.171366	0.143467
0.510000	1.171366	0.143467
0.515000	1.127899	0.140476
0.520000	1.171366	0.143467
0.525000	1.136127	0.140476
0.530000	1.171366	0.143467
0.535000	1.171366	0.143467
0.540000	1.136330	0.140476
0.545000	1.171366	0.143467
0.550000	1.136553	0.140476
0.555000	1.145919	0.140476
0.560000	1.171366	0.143467
0.565000	1.147645	0.140476
0.570000	1.171366	0.143467
0.575000	1.171366	0.143467
0.580000	1.147889	0.140476
0.585000	1.171366	0.143467
0.590000	1.153455	0.140476
0.595000	1.159448	0.140476
0.600000	1.171366	0.143467
0.605000	1.160017	0.140476
0.610000	1.171366	0.143467
0.615000	1.171366	0.143467
0.620000	1.167737	0.140476
0.625000	1.171366	0.143467
0.630000	1.160728	0.140476
0.635000	1.171366	0.143467
0.640000	1.171366	0.143467
0.645000	1.180535	0.140476
0.650000	1.171366	0.143467
0.655000	1.181328	0.140476
0.660000	1.176615	0.140476
0.665000	1.171366	0.143467
0.670000	1.179804	0.140476
0.675000	1.171366	0.143467
0.680000	1.171366	0.143467
0.685000	1.175253	0.140476
0.690000	1.171366	0.143467
0.695000	1.177326	0.140476
0.700000	1.181267	0.140476
0.705000	1.171366	0.143467
0.710000	1.186406	0.140476
0.715000	1.171366	0.143467
0.720000	1.171366	0.143467
0.725000	1.166579	0.140476
0.730000	1.171366	0.143467
0.735000	1.196909	0.140476
0.740000	1.171366	0.143467
0.745000	1.171366	0.143467
0.750000	1.200342	0.140476
0.755000	1.171366	0.143467
0.760000	1.203390	0.140476
0.765000	1.199063	0.140476
0.770000	1.171366	0.143467
0.775000	1.164730	0.140476
0.780000	1.171366	0.143467
0.785000	1.171366	0.143467
0.790000	1.161521	0.140476
0.795000	1.171366	0.143467
0.800000	1.181815	0.140476
0.805000	1.164994	0.140476
0.810000	1.171366	0.143467
0.815000	1.204934	0.140476
0.820000	1.171366	0.143467
0.825000	1.171366	0.143467
0.830000	1.206132	0.140476
0.835000	1.171366	0.143467
0.840000	1.170804	0.140476
0.845000	1.171366	0.143467
0.850000	1.171366	0.143467
0.855000	1.170398	0.140476
0.860000	1.171366	0.143467
0.865000	1.171366	0.143467
0.870000	1.171366	0.143467
0.875000	1.171366	0.143467
0.880000	1.161175	0.140476
0.885000	1.171366	0.143467
0.890000	1.171366	0.143467
0.895000	1.168103	0.140476
0.900000	1.171366	0.143467
0.905000	1.171366	0.143467
0.910000	1.171366	0.143467
0.915000	1.161460	0.140476
0.920000	1.174624	0.140476
0.925000	1.171366	0.143467
0.930000	1.171366	0.143467
0.935000	1.171366	0.143467
0.940000	1.171366	0.143467
0.945000	1.171366	0.143467
0.950000	1.168651	0.140476
0.955000	1.157762	0.140476
0.960000	1.171366	0.143467
0.965000	1.171366	0.143467
0.970000	1.171366	0.143467
0.975000	1.171366	0.143467
0.980000	1.171366	0.143467
0.985000	1.171366	0.143467
0.990000	1.171366	0.143467
0.995000	1.171366	0.143467
1.000000	1.171366	0.143467
1.005000	1.171366	0.143467
1.010000	1.171366	0.143467
1.015000	1.171366	0.143467
1.020000	1.148966	0.140476
1.025000	1.156035	0.140476
1.030000	1.171366	0.143467
1.035000	1.171366	0.143467
1.040000	1.171366	0.143467
1.045000	1.171366	0.143467
1.050000	1.171366	0.143467
1.055000	1.171366	0.143467
1.060000	1.171366	0.143467
1.065000	1.148560	0.140476
1.070000	1.171366	0.143467
1.075000	1.171366	0.143467
1.080000	1.171366	0.143467
1.085000	1.171366	0.143467
1.090000	1.171366	0.143467
1.095000	1.171366	0.143467
1.100000	1.171366	0.143467
1.105000	1.171366	0.143467
1.110000	1.171366	0.143467
1.115000	1.164304	0.140476
1.120000	1.171366	0.143467
1.125000	1.171366	0.143467
1.130000	1.171366	0.143467
1.135000	1.181937	0.140476
1.140000	1.171366	0.143467
1.145000	1.171366	0.143467
1.150000	1.171366	0.143467
1.155000	1.173263	0.140476
1.160000	1.171366	0.143467
1.165000	1.171366	0.143467
1.170000	1.171366	0.143467
1.175000	1.171366	0.143467
1.180000	1.171366	0.143467
1.185000	1.171366	0.143467
1.190000	1.171366	0.143467
1.195000	1.171366	0.143467
1.200000	1.171366	0.143467
1.205000	1.171366	0.143467
1.210000	1.171366	0.143467
1.215000	1.171366	0.143467
1.220000	1.171366	0.143467
1.225000	1.171366	0.143467
1.230000	1.171366	0.143467
1.235000	1.171366	0.143467
1.240000	1.171366	0.143467
1.245000	1.171366	0.143467
1.250000	1.171366	0.143467
1.255000	1.171366	0.143467
1.260000	1.187239	0.140476
1.265000	1.171366	0.143467
1.270000	1.171366	0.143467
1.275000	1.171366	0.143467
1.280000	1.171366	0.143467
1.285000	1.190490	0.140476
1.290000	1.171366	0.143467
1.295000	1.171366	0.143467
1.300000	1.171366	0.143467
1.305000	1.171366	0.143467
1.310000	1.198900	0.140476
1.315000	1.171366	0.143467
1.320000	1.171366	0.143467
1.325000	1.171366	0.143467
1.330000	1.171366	0.143467
1.335000	1.171366	0.143467
1.340000	1.171366	0.143467
1.345000	1.171366	0.143467
1.350000	1.171366	0.143467
1.355000	1.171366	0.143467
1.360000	1.171366	0.143467
1.365000	1.171366	0.143467
1.370000	1.171366	0.143467
1.375000	1.171366	0.143467
1.380000	1.209484	0.140476
1.385000	1.171366	0.143467
1.390000	1.171366	0.143467
1.395000	1.171366	0.143467
1.400000	1.171366	0.143467
1.405000	1.171366	0.143467
1.410000	1.171366	0.143467
1.415000	1.171366	0.143467
1.420000	1.171366	0.143467
1.425000	1.171366	0.143467
1.430000	1.171366	0.143467
1.435000	1.171366	0.143467
1.440000	1.171366	0.143467
1.445000	1.187910	0.140476
1.450000	1.171366	0.143467
1.455000	1.171366	0.143467
1.460000	1.171366	0.143467
1.465000	1.171366	0.143467
1.470000	1.171366	0.143467
1.475000	1.171366	0.143467
1.480000	1.171366	0.143467
1.485000	1.171366	0.143467
1.490000	1.171366	0.143467
1.495000	1.171366	0.143467
1.500000	1.171366	0.143467
1.505000	1.171366	0.143467
1.510000	1.171366	0.143467
1.515000	1.171366	0.143467
1.520000	1.171366	0.143467
1.525000	1.171366	0.143467
1.530000	1.171366	0.143467
1.535000	1.171366	0.143467
1.540000	1.171366	0.143467
1.545000	1.171366	0.143467
1.550000	1.171366	0.143467
1.555000	1.171366	0.143467
1.560000	1.171366	0.143467
1.565000	1.171366	0.143467
1.570000	1.171366	0.143467
1.575000	1.171366	0.143467
1.580000	1.171366	0.143467
1.585000	1.171366	0.143467
1.590000	1.171366	0.143467
1.595000	1.171366	0.143467
1.600000	1.171366	0.143467
1.605000	1.171366	0.143467
1.610000	1.171366	0.143467
1.615000	1.171366	0.143467
1.620000	1.171366	0.143467
1.625000	1.171366	0.143467
1.630000	1.171366	0.143467
1.635000	1.171366	0.143467
1.640000	1.171366	0.143467
1.645000	1.171366	0.143467
1.650000	1.171366	0.143467
1.655000	1.171366	0.143467
1.660000	1.171366	0.143467
1.665000	1.196462	0.140476
1.670000	1.171366	0.143467
1.675000	1.222912	0.140476
1.680000	1.171366	0.143467
1.685000	1.184659	0.140476
1.690000	1.171366	0.143467
1.695000	1.210967	0.140476
1.700000	1.171366	0.143467
1.705000	1.171366	0.143467
1.710000	1.171366	0.143467
1.715000	1.171366	0.143467
1.720000	1.171366	0.143467
1.725000	1.171366	0.143467
1.730000	1.171366	0.143467
1.735000	1.171366	0.143467
1.740000	1.171366	0.143467
1.745000	1.171366	0.143467
1.750000	1.171366	0.143467
1.755000	1.171366	0.143467
1.760000	1.171366	0.143467
1.765000	1.171366	0.143467
1.770000	1.171366	0.143467
1.775000	1.171366	0.143467
1.780000	1.171366	0.143467
1.785000	1.171366	0.143467
1.790000	1.171366	0.143467
1.795000	1.171366	0.143467
1.800000	1.171366	0.143467
1.805000	1.171366	0.143467
1.810000	1.174481	0.140476
1.815000	1.171366	0.143467
1.820000	1.183278	0.140476
1.825000	1.171366	0.143467
1.830000	1.171366	0.143467
1.835000	1.171366	0.143467
1.840000	1.171366	0.143467
1.845000	1.171366	0.143467
1.850000	1.171366	0.143467
1.855000	1.171366	0.143467
1.860000	1.171366	0.143467
1.865000	1.171366	0.143467
1.870000	1.171366	0.143467
1.875000	1.171366	0.143467
1.880000	1.171366	0.143467
1.885000	1.171366	0.143467
1.890000	1.171366	0.143467
1.895000	1.171366	0.143467
1.900000	1.171366	0.143467
1.905000	1.171366	0.143467
1.910000	1.171366	0.143467
1.915000	1.171366	0.143467
1.920000	1.171366	0.143467
1.925000	1.171366	0.143467
1.930000	1.171366	0.143467
1.935000	1.163857	0.140476
1.940000	1.171366	0.143467
1.945000	1.150672	0.140476
1.950000	1.171366	0.143467
1.955000	1.129443	0.140476
1.960000	1.171366	0.143467
1.965000	1.148478	0.140476
1.970000	1.171366	0.143467
1.975000	1.171366	0.143467
1.980000	1.171366	0.143467
1.985000	1.171366	0.143467
1.990000	1.171366	0.143467
1.995000	1.171366	0.143467
2.000000	1.171366	0.143467
2.005000	1.171366	0.143467
2.010000	1.171366	0.143467
2.015000	1.171366	0.143467
2.020000	1.171366	0.143467
2.025000	1.171366	0.143467
2.030000	1.171366	0.143467
2.035000	1.171366	0.143467
2.040000	1.171366	0.143467
2.045000	1.171366	0.143467
2.050000	1.171366	0.143467
2.055000	1.171366	0.143467
2.060000	1.171366	0.143467
2.065000	1.171366	0.143467
2.070000	1.171366	0.143467
2.075000	1.171366	0.143467
2.080000	1.171366	0.143467
2.085000	1.171366	0.143467
2.090000	1.171366	0.143467
2.095000	1.171366	0.143467
2.100000	1.171366	0.143467
2.105000	1.171366	0.143467
2.110000	1.171366	0.143467
2.115000	1.171366	0.143467
2.120000	1.171366	0.143467
2.125000	1.171366	0.143467
2.130000	1.171366	0.143467
2.135000	1.171366	0.143467
2.140000	1.171366	0.143467
2.145000	1.171366	0.143467
2.150000	1.171366	0.143467
2.155000	1.171366	0.143467
2.160000	1.171366	0.143467
2.165000	1.171366	0.143467
2.170000	1.171366	0.143467
2.175000	1.171366	0.143467
2.180000	1.171366	0.143467
2.185000	1.171366	0.143467
2.190000	1.171366	0.143467
2.195000	1.171366	0.143467
2.200000	1.171366	0.143467
2.205000	1.171366	0.143467
2.210000	1.171366	0.143467
2.215000	1.223055	0.140476
2.220000	1.171366	0.143467
2.225000	1.192115	0.140476
2.230000	1.171366	0.143467
2.235000	1.233354	0.140476
2.240000	1.171366	0.143467
2.245000	1.171366	0.143467
2.250000	1.171366	0.143467
2.255000	1.171366	0.143467
2.260000	1.171366	0.143467
2.265000	1.171366	0.143467
2.270000	1.171366	0.143467
2.275000	1.171366	0.143467
2.280000	1.171366	0.143467
2.285000	1.171366	0.143467
2.290000	1.171366	0.143467
2.295000	1.171366	0.143467
2.300000	1.171366	0.143467
2.305000	1.171366	0.143467
2.310000	1.171366	0.143467
2.315000	1.171366	0.143467
2.320000	1.171366	0.143467
2.325000	1.171366	0.143467
2.330000	1.211191	0.140476
2.335000	1.171366	0.143467
2.340000	1.171366	0.143467
2.345000	1.171366	0.143467
2.350000	1.171366	0.143467
2.355000	1.171366	0.143467
2.360000	1.171366	0.143467
2.365000	1.171366	0.143467
2.370000	1.171366	0.143467
2.375000	1.171366	0.143467
2.380000	1.171366	0.143467
2.385000	1.171366	0.143467
2.390000	1.171366	0.143467
2.395000	1.218017	0.140476
2.400000	1.171366	0.143467
2.405000	1.171366	0.143467
2.410000	1.171366	0.143467
2.415000	1.171366	0.143467
2.420000	1.171366	0.143467
2.425000	1.171366	0.143467
2.430000	1.171366	0.143467
2.435000	1.171366	0.143467
2.440000	1.224517	0.140476
2.445000	1.171366	0.143467
2.450000	1.171366	0.143467
